4339 5263 5520 4976 3950 4280 5488 4671 4468 3954 5497 3810 5123 4282 4019 4068 4563 4864 4693 4565 4924 5533 5036 5251 3854 4712 4972 5117 4146
7639 6966 8523 7968 7450 8306 8260 7674 7876 7974 7019 6793 7711 7452 7868 7599 8752 6880 6934 7315 8448 8241 8732 7598 8178 8033 8031 7570 7463
7893 7742 7518 7123 7538 6917 6450 7573 7844 6878 6348 7099 7552 7104 7348 6228 7634 8014 7988 6703 6519 6776 6144 6840 6395 6941 8147 6618 6731
7052 6099 6805 7622 6558 7681 6739 6761 5910 6396 6873 7225 6931 6478 7117 6686 6363 6941 7456 6670 7093 6770 6896 6709 7250 6417 7119 7543 7288
3408 1790 2702 3211 2006 1758 3110 3533 2793 2278 3032 2698 1634 2591 2499 1864 3307 3187 2185 3211 2455 3054 1854 2876 3187 3250 3359 2609 3514
4844 5743 5796 5353 4480 4998 6088 5068 5884 5902 4307 4227 5632 5492 4746 5038 5015 4372 5699 4932 4470 4874 5964 4794 4849 5883 6033 6159 4985
3413 3299 3886 3719 3085 3159 3667 3025 3190 3173 2492 3180 3517 2886 2757 3391 3641 3866 2886 3340 2443 3040 2958 4211 2726 4022 2602 4169 4222
1862 1858 3219 2664 3311 1779 3660 2263 2984 1721 1810 3422 2251 3531 2424 2656 2284 3640 3220 2382 3062 3624 2661 2833 3040 3189 3703 3621 3753
5288 4805 6094 5929 4529 5022 5252 4388 4469 4760 4426 5581 5897 5104 5425 4120 4355 6115 5659 5345 4214 5134 4468 5285 4511 5079 5805 4339 4727
1715 2808 2623 2146 3236 3314 2049 2483 2011 2091 2877 1491 1872 2048 3129 3376 2828 1928 2866 3267 2602 3015 2016 2059 2246 1539 3276 1526 1481
6926 6705 7255 6055 5638 6822 6720 7018 6304 5651 5868 7427 6363 6039 5796 6692 6973 7006 7502 6865 6057 5616 6527 6654 6908 7031 6890 6050 7169
7012 6231 6032 4985 6263 5390 5704 4975 6015 6654 5441 6850 5024 6669 6083 6621 5313 6403 6701 6264 6417 6947 5158 5467 6812 6676 5869 5495 5348
4520 2998 3578 4635 4373 3396 2583 3377 4483 2733 4374 3634 4143 4619 3244 4087 3259 4330 3922 4391 3191 3139 4451 2940 2690 3720 3629 4476 3572
5216 4800 4827 5344 4997 5464 4240 5635 4672 4062 6004 5462 5856 5808 4208 5045 4395 6160 5312 5816 4936 4621 4749 4209 4338 5106 4349 5929 5081
3321 1945 3341 1726 1667 3548 2420 3566 1620 1784 1578 3274 2815 2360 1885 3296 3512 2719 3131 2440 2258 1523 2190 3059 3430 2800 1742 2913 2219
3758 4547 3576 3129 4473 4162 3008 2950 4668 3693 3256 3688 3909 3069 4365 2940 3548 4573 3108 4929 2958 4168 4322 3694 4322 3143 4147 4612 4646
3901 2803 2790 3292 3373 3344 3119 3309 2401 3303 3301 2427 3222 2283 1993 2362 2837 3426 1993 3162 2385 2244 1971 2357 3497 3097 2253 3132 3121
6438 5270 5676 5656 4572 6348 6138 6289 4770 4652 5325 5581 4447 4430 5463 5951 5458 4554 5157 5881 6139 6232 5674 4908 4513 4526 5424 4551 4431
6709 6035 6879 7131 6000 6656 5817 6651 7164 7231 5594 7455 5970 6170 7415 6591 6617 5375 6566 7204 7457 6725 5957 7449 6984 7301 7288 7139 5567
3842 2972 3193 4557 3964 4137 3834 4656 4488 4766 3904 2981 3197 2885 3912 3711 3766 3731 2972 3200 4476 3644 3089 2732 4802 3921 3188 3527 2763
5505 6422 5947 6257 6017 6080 5715 5988 6427 6862 5302 5557 5545 5567 6210 6731 6215 6556 6898 6679 6633 5726 5546 6747 5582 6644 5500 6758 6388
6275 6023 4939 5318 4988 6372 4869 4815 4753 6319 6372 6095 4417 5821 6153 6091 5208 4818 4531 5141 5476 4877 5406 5864 5186 4743 6050 5940 5275
2053 1941 1471 1644 2902 3000 1670 3015 2981 2362 2076 3114 1365 2048 2044 1478 3169 1805 1896 3128 2925 2982 2663 1741 2064 2799 2328 3214 2355
4819 3678 3955 4006 5048 4685 4054 4830 4725 3546 3746 3972 3479 5530 4285 3984 5449 5019 3923 4731 5029 4530 5451 5274 4228 5011 4524 4577 4077
3974 2977 3019 3906 4004 4854 4890 3091 2924 3095 3711 3941 3537 4954 4179 4805 4187 3521 4791 4833 4216 4183 4480 3105 3449 3875 4826 4065 3784
4404 2762 4309 2658 2948 3003 2391 3332 3610 3418 3540 3138 2733 4169 4457 4354 3002 3429 2732 4313 3620 2447 3814 3668 4046 4111 2465 3634 4315
2472 3279 2162 1888 2807 3046 1757 3693 3404 3680 2247 3273 1795 2205 3152 3454 2747 2994 3666 3490 2869 2501 3545 2065 3095 3407 3408 3536 3388
6479 8446 8082 6662 7313 8157 6816 7026 7679 8109 6651 8280 7233 6849 7033 6911 7509 8156 7787 7158 6865 7402 6824 7468 7237 7364 7158 6925 8565
7288 6103 6020 7319 6070 6120 6151 7531 6777 7355 6841 6974 7781 7574 7210 7375 7992 7145 7515 6202 6808 7474 6588 6032 7709 7304 7831 6395 7369
5796 5392 4983 4715 4850 5930 5256 4937 4776 4353 5545 4522 5487 5727 4800 5484 5863 5352 6055 5617 5494 5007 5932 5974 5051 5647 4165 4717 5968
6038 3509 8261 3577 4449 4104 3941 5850 6847 5291 7383 2938 4776 5960 3224 7111 2570 3200 3320 1716 5537 1531 5644 5109 4691 6350 3296 7225 7347 7501
6391 3945 8375 3756 6313 3845 4455 4685 5845 4627 5772 3491 4449 5440 3226 8296 2017 4225 2892 2463 4078 2618 5648 5229 4605 7317 4749 6685 6168 7575
7033 5156 8119 3644 4968 3279 4619 5241 6694 4727 7355 3280 5413 6996 4839 8793 3463 2664 3164 3342 4835 2595 6960 3495 5459 7617 2978 7731 6647 7092
5968 3514 6398 4639 5167 3468 5558 6097 5588 5620 6758 2939 5206 7182 4034 7761 3906 3813 3173 2204 5203 2189 5167 4186 4150 6673 3733 7536 5803 6156
7590 3748 7913 4003 5197 2585 5667 5385 6860 6011 7416 3726 5456 6962 4663 8720 3030 3661 2407 3463 5788 2691 6515 3308 5927 7066 3853 7582 5591 6609
5883 4277 7936 3503 5449 4523 3981 6493 5745 4984 6918 4653 5335 7159 4988 7387 3825 2856 2681 1494 4348 1647 5713 4994 4962 5820 3140 5982 5817 6855
5765 5091 6866 4221 5889 3227 4004 4898 4750 4844 7401 3942 5264 6258 3183 7157 2223 3737 2632 2419 4664 2447 5632 3362 5022 6466 3777 6965 6872 6612
7129 5224 8164 3643 4972 3946 4629 6446 6621 4087 6427 4667 5769 7149 5063 7941 3086 3520 3022 2936 4295 2884 7185 4227 4490 7845 4475 7724 7147 8074
6842 3530 7946 4175 4713 4049 5663 6457 4789 5618 6019 4618 4808 5639 4183 8997 2366 3803 2891 1593 6036 1364 6067 4147 5654 6495 3572 5981 6264 7689
7069 3678 7499 3155 4785 2931 5340 6560 5216 4940 5974 4333 4248 6636 4755 7968 3969 2928 2491 2196 4208 2800 5962 4439 4897 6475 4312 6574 5995 7351
6916 4440 7500 4361 5784 2687 4392 6234 5367 5045 5690 4697 4015 5669 5012 7071 3321 3966 2635 2535 5622 2949 6383 4235 4423 7303 4353 7626 6515 8165
6094 5240 8314 3816 5980 4256 5003 5348 5078 5869 5810 4581 5741 5333 4920 7388 2086 4072 1984 2586 6106 1284 5490 3908 6090 6291 3322 6010 5472 7745
5998 3867 8398 3948 5677 3902 5329 5323 4792 6037 6394 3822 3995 6848 4029 7432 1944 3118 3130 2453 5278 2985 6366 5128 4368 7403 3789 7182 6003 6185
7412 4299 7926 4250 4686 4077 4469 6131 4866 4218 6093 4064 4754 6967 4438 7895 3846 4407 1932 3477 4687 2839 5130 5030 5992 7232 3970 7863 5755 6658
6452 4681 6538 4466 5727 3826 4822 5291 4745 5080 5710 4167 5583 6343 4433 7949 3464 4490 3346 2212 5054 2489 6167 3692 4470 6156 3666 5966 6401 6912
5985 3825 7689 3839 6402 4050 3990 5355 6165 6053 7393 3476 4211 6451 4370 7079 2175 4303 3928 1582 4203 1252 5456 5084 4314 6080 4557 7955 7485 7082
5769 4848 6442 4558 5115 3929 5339 5363 6821 5310 7642 3724 5781 5942 3396 7019 3589 4050 2073 1463 5861 3082 7042 4424 5516 7704 3978 6488 5749 6509
6162 5074 6379 3321 5039 4014 4746 5579 5570 5008 7476 2610 4177 7098 4319 7931 2424 4367 3504 2780 5506 1233 5306 3332 4124 7285 3516 7806 6114 6739
7539 4222 6442 4381 5705 3338 5322 6489 5647 4409 6266 3933 5497 5823 4659 7836 1898 2964 3703 3465 4459 1335 6920 4072 5338 6381 4601 6953 5974 7913
5964 4127 7968 4075 5786 3301 4098 6041 6670 4984 5967 4150 5447 6266 5118 8068 2618 4125 3075 1733 4752 2830 6830 4112 6044 7762 3463 7129 5446 7769
7429 4594 6603 4981 5236 3021 5437 6696 4820 5266 6806 4138 5522 5950 3451 7904 3741 4506 2272 3204 4193 1844 5981 3457 5717 7571 4369 6857 6706 7223
7145 4545 6584 3297 5864 4361 4726 5470 5233 6013 6982 4553 4232 6545 3954 7773 3728 2548 3730 2860 4949 1364 7191 3308 4325 5883 3922 6909 6562 6989
7640 3338 7450 3514 6293 4036 4413 5133 6518 6132 7338 3195 5758 6935 3631 7033 2924 2653 3243 3105 5052 2662 6060 4284 4244 7474 3326 6553 5599 6352
6514 4578 8344 4653 5719 4598 4480 6233 4816 5452 7645 3390 5024 5765 3868 8992 2734 2945 3431 2130 4648 3171 6104 4536 5541 6222 2991 7816 5870 6264
7473 4202 7193 3047 4500 3069 5338 6578 5465 4975 6556 4081 4144 7211 4943 8738 2831 3702 2909 1997 4055 3048 5968 4352 5316 5745 4398 7648 6961 6927
6400 4643 6712 4687 4344 3304 5600 5535 5665 5816 7640 4567 4028 5824 4242 7086 2823 3058 3797 2722 4552 2697 5961 3934 4337 6990 4429 5997 6706 6306
7594 4230 6755 3503 6230 2894 5390 4666 5422 6032 5988 3241 4094 7114 3572 8652 2849 4216 2103 1520 5412 2649 6502 3603 4473 6618 3605 6672 7287 6623
6764 4725 7382 3687 5655 2909 4346 6603 6854 5384 7741 3979 4861 6012 4485 8218 2640 4506 2337 2665 4506 1222 6062 3918 5969 7831 3978 7236 7207 8098
7058 4874 7937 3752 5258 3962 5525 5343 6677 5517 6919 4190 4035 6514 3587 7099 3687 4194 3691 1742 5658 3137 6209 3659 4128 7640 3548 7751 7038 7570
5
5000 5000 5000 5000 5000 5000 5000 5000 5000 5000 5000 5000 5000 5000 5000 5000 5000 5000 5000 5000 5000 5000 5000 5000 5000 5000 5000 5000 5000 
5000 5000 5000 5000 5000 5000 5000 5000 5000 5000 5000 5000 5000 5000 5000 5000 5000 5000 5000 5000 5000 5000 5000 5000 5000 5000 5000 5000 5000 
5000 5000 5000 5000 5000 5000 5000 5000 5000 5000 5000 5000 5000 5000 5000 5000 5000 5000 5000 5000 5000 5000 5000 5000 5000 5000 5000 5000 5000 
5000 5000 5000 5000 5000 5000 5000 5000 5000 5000 5000 5000 5000 5000 5000 5000 5000 5000 5000 5000 5000 5000 5000 5000 5000 5000 5000 5000 5000 
5000 5000 5000 5000 5000 5000 5000 5000 5000 5000 5000 5000 5000 5000 5000 5000 5000 5000 5000 5000 5000 5000 5000 5000 5000 5000 5000 5000 5000 
5000 5000 5000 5000 5000 5000 5000 5000 5000 5000 5000 5000 5000 5000 5000 5000 5000 5000 5000 5000 5000 5000 5000 5000 5000 5000 5000 5000 5000 
5000 5000 5000 5000 5000 5000 5000 5000 5000 5000 5000 5000 5000 5000 5000 5000 5000 5000 5000 5000 5000 5000 5000 5000 5000 5000 5000 5000 5000 
4668 4668 4668 4668 4668 4668 4668 4668 4668 4668 4668 4668 4668 4668 4668 4668 4668 4668 4668 4668 4668 4668 4668 4668 4668 4668 4668 4668 4668 
5000 5000 5000 5000 5000 5000 5000 5000 5000 5000 5000 5000 5000 5000 5000 5000 5000 5000 5000 5000 5000 5000 5000 5000 5000 5000 5000 5000 5000 
5000 5000 5000 5000 5000 5000 5000 5000 5000 5000 5000 5000 5000 5000 5000 5000 5000 5000 5000 5000 5000 5000 5000 5000 5000 5000 5000 5000 5000 
5000 5000 5000 5000 5000 5000 5000 5000 5000 5000 5000 5000 5000 5000 5000 5000 5000 5000 5000 5000 5000 5000 5000 5000 5000 5000 5000 5000 5000 
5000 5000 5000 5000 5000 5000 5000 5000 5000 5000 5000 5000 5000 5000 5000 5000 5000 5000 5000 5000 5000 5000 5000 5000 5000 5000 5000 5000 5000 
5000 5000 5000 5000 5000 5000 5000 5000 5000 5000 5000 5000 5000 5000 5000 5000 5000 5000 5000 5000 5000 5000 5000 5000 5000 5000 5000 5000 5000 
5000 5000 5000 5000 5000 5000 5000 5000 5000 5000 5000 5000 5000 5000 5000 5000 5000 5000 5000 5000 5000 5000 5000 5000 5000 5000 5000 5000 5000 
5000 5000 5000 5000 5000 5000 5000 5000 5000 5000 5000 5000 5000 5000 5000 5000 5000 5000 5000 5000 5000 5000 5000 5000 5000 5000 5000 5000 5000 
5000 5000 5000 5000 5000 5000 5000 5000 5000 5000 5000 5000 5000 5000 5000 5000 5000 5000 5000 5000 5000 5000 5000 5000 5000 5000 5000 5000 5000 
5000 5000 5000 5000 5000 5000 5000 5000 5000 5000 5000 5000 5000 5000 5000 5000 5000 5000 5000 5000 5000 5000 5000 5000 5000 5000 5000 5000 5000 
5000 5000 5000 5000 5000 5000 5000 5000 5000 5000 5000 5000 5000 5000 5000 5000 5000 5000 5000 5000 5000 5000 5000 5000 5000 5000 5000 5000 5000 
5000 5000 5000 5000 5000 5000 5000 5000 5000 5000 5000 5000 5000 5000 5000 5000 5000 5000 5000 5000 5000 5000 5000 5000 5000 5000 5000 5000 5000 
5000 5000 5000 5000 5000 5000 5000 5000 5000 5000 5000 5000 5000 5000 5000 5000 5000 5000 5000 5000 5000 5000 5000 5000 5000 5000 5000 5000 5000 
5000 5000 5000 5000 5000 5000 5000 5000 5000 5000 5000 5000 5000 5000 5000 5000 5000 5000 5000 5000 5000 5000 5000 5000 5000 5000 5000 5000 5000 
5000 5000 5000 5000 5000 5000 5000 5000 5000 5000 5000 5000 5000 5000 5000 5000 5000 5000 5000 5000 5000 5000 5000 5000 5000 5000 5000 5000 5000 
5000 5000 5000 5000 5000 5000 5000 5000 5000 5000 5000 5000 5000 5000 5000 5000 5000 5000 5000 5000 5000 5000 5000 5000 5000 5000 5000 5000 5000 
5000 5000 5000 5000 5000 5000 5000 5000 5000 5000 5000 5000 5000 5000 5000 5000 5000 5000 5000 5000 5000 5000 5000 5000 5000 5000 5000 5000 5000 
5000 5000 5000 5000 5000 5000 5000 5000 5000 5000 5000 5000 5000 5000 5000 5000 5000 5000 5000 5000 5000 5000 5000 5000 5000 5000 5000 5000 5000 
5000 5000 5000 5000 5000 5000 5000 5000 5000 5000 5000 5000 5000 5000 5000 5000 5000 5000 5000 5000 5000 5000 5000 5000 5000 5000 5000 5000 5000 
5000 5000 5000 5000 5000 5000 5000 5000 5000 5000 5000 5000 5000 5000 5000 5000 5000 5000 5000 5000 5000 5000 5000 5000 5000 5000 5000 5000 5000 
5000 5000 5000 5000 5000 5000 5000 5000 5000 5000 5000 5000 5000 5000 5000 5000 5000 5000 5000 5000 5000 5000 5000 5000 5000 5000 5000 5000 5000 
5000 5000 5000 5000 5000 5000 5000 5000 5000 5000 5000 5000 5000 5000 5000 5000 5000 5000 5000 5000 5000 5000 5000 5000 5000 5000 5000 5000 5000 
5000 5000 5000 5000 5000 5000 5000 5000 5000 5000 5000 5000 5000 5000 5000 5000 5000 5000 5000 5000 5000 5000 5000 5000 5000 5000 5000 5000 5000 
5000 5000 5000 5000 5000 5000 5000 5000 4671 5000 5000 5000 5000 5000 5000 5000 5000 5000 5000 5000 5000 5000 5000 5000 5000 5000 5000 5000 5000 5000 5000 5000 5000 5000 5000 5000 5000 5000 4671 5000 5000 5000 5000 5000 5000 5000 5000 5000 5000 5000 5000 5000 5000 5000 5000 5000 5000 5000 5000 5000 5000 5000 5000 5000 5000 5000 5000 5000 4671 5000 5000 5000 5000 5000 5000 5000 5000 5000 5000 5000 5000 5000 5000 5000 5000 5000 5000 5000 5000 5000 5000 5000 5000 5000 5000 5000 5000 5000 4671 5000 5000 5000 5000 5000 5000 5000 5000 5000 5000 5000 5000 5000 5000 5000 5000 5000 5000 5000 5000 5000 5000 5000 5000 5000 5000 5000 5000 5000 4671 5000 5000 5000 5000 5000 5000 5000 5000 5000 5000 5000 5000 5000 5000 5000 5000 5000 5000 5000 5000 5000 5000 5000 5000 5000 5000 5000 5000 5000 4671 5000 5000 5000 5000 5000 5000 5000 5000 5000 5000 5000 5000 5000 5000 5000 5000 5000 5000 5000 5000 5000 5000 5000 5000 5000 5000 5000 5000 5000 4671 5000 5000 5000 5000 5000 5000 5000 5000 5000 5000 5000 5000 5000 5000 5000 5000 5000 5000 5000 5000 5000 5000 5000 5000 5000 5000 5000 5000 5000 4671 5000 5000 5000 5000 5000 5000 5000 5000 5000 5000 5000 5000 5000 5000 5000 5000 5000 5000 5000 5000 5000 5000 5000 5000 5000 5000 5000 5000 5000 4671 5000 5000 5000 5000 5000 5000 5000 5000 5000 5000 5000 5000 5000 5000 5000 5000 5000 5000 5000 5000 5000 5000 5000 5000 5000 5000 5000 5000 5000 4671 5000 5000 5000 5000 5000 5000 5000 5000 5000 5000 5000 5000 5000 5000 5000 5000 5000 5000 5000 5000 5000 5000 5000 5000 5000 5000 5000 5000 5000 4671 5000 5000 5000 5000 5000 5000 5000 5000 5000 5000 5000 5000 5000 5000 5000 5000 5000 5000 5000 5000 5000 5000 5000 5000 5000 5000 5000 5000 5000 4671 5000 5000 5000 5000 5000 5000 5000 5000 5000 5000 5000 5000 5000 5000 5000 5000 5000 5000 5000 5000 5000 5000 5000 5000 5000 5000 5000 5000 5000 4671 5000 5000 5000 5000 5000 5000 5000 5000 5000 5000 5000 5000 5000 5000 5000 5000 5000 5000 5000 5000 5000 5000 5000 5000 5000 5000 5000 5000 5000 4671 5000 5000 5000 5000 5000 5000 5000 5000 5000 5000 5000 5000 5000 5000 5000 5000 5000 5000 5000 5000 5000 5000 5000 5000 5000 5000 5000 5000 5000 4671 5000 5000 5000 5000 5000 5000 5000 5000 5000 5000 5000 5000 5000 5000 5000 5000 5000 5000 5000 5000 5000 5000 5000 5000 5000 5000 5000 5000 5000 4671 5000 5000 5000 5000 5000 5000 5000 5000 5000 5000 5000 5000 5000 5000 5000 5000 5000 5000 5000 5000 5000 5000 5000 5000 5000 5000 5000 5000 5000 4671 5000 5000 5000 5000 5000 5000 5000 5000 5000 5000 5000 5000 5000 5000 5000 5000 5000 5000 5000 5000 5000 5000 5000 5000 5000 5000 5000 5000 5000 4671 5000 5000 5000 5000 5000 5000 5000 5000 5000 5000 5000 5000 5000 5000 5000 5000 5000 5000 5000 5000 5000 5000 5000 5000 5000 5000 5000 5000 5000 4671 5000 5000 5000 5000 5000 5000 5000 5000 5000 5000 5000 5000 5000 5000 5000 5000 5000 5000 5000 5000 5000 5000 5000 5000 5000 5000 5000 5000 5000 4671 5000 5000 5000 5000 5000 5000 5000 5000 5000 5000 5000 5000 5000 5000 5000 5000 5000 5000 5000 5000 5000 5000 5000 5000 5000 5000 5000 5000 5000 4671 5000 5000 5000 5000 5000 5000 5000 5000 5000 5000 5000 5000 5000 5000 5000 5000 5000 5000 5000 5000 5000 5000 5000 5000 5000 5000 5000 5000 5000 4671 5000 5000 5000 5000 5000 5000 5000 5000 5000 5000 5000 5000 5000 5000 5000 5000 5000 5000 5000 5000 5000 5000 5000 5000 5000 5000 5000 5000 5000 4671 5000 5000 5000 5000 5000 5000 5000 5000 5000 5000 5000 5000 5000 5000 5000 5000 5000 5000 5000 5000 5000 5000 5000 5000 5000 5000 5000 5000 5000 4671 5000 5000 5000 5000 5000 5000 5000 5000 5000 5000 5000 5000 5000 5000 5000 5000 5000 5000 5000 5000 5000 5000 5000 5000 5000 5000 5000 5000 5000 4671 5000 5000 5000 5000 5000 5000 5000 5000 5000 5000 5000 5000 5000 5000 5000 5000 5000 5000 5000 5000 5000 5000 5000 5000 5000 5000 5000 5000 5000 4671 5000 5000 5000 5000 5000 5000 5000 5000 5000 5000 5000 5000 5000 5000 5000 5000 5000 5000 5000 5000 5000 5000 5000 5000 5000 5000 5000 5000 5000 4671 5000 5000 5000 5000 5000 5000 5000 5000 5000 5000 5000 5000 5000 5000 5000 5000 5000 5000 5000 5000 5000 5000 5000 5000 5000 5000 5000 5000 5000 4671 5000 5000 5000 5000 5000 5000 5000 5000 5000 5000 5000 5000 5000 5000 5000 5000 5000 5000 5000 5000 5000 5000 5000 5000 5000 5000 5000 5000 5000 4671 5000 5000 5000 5000 5000 5000 5000 5000 5000 5000 5000 5000 5000 5000 5000 5000 5000 5000 5000 5000 5000 
5200 5200 5200 5200 5200 5200 5200 5200 5200 5200 5200 5200 5200 5200 5200 5200 5200 5200 5200 5200 5200 5200 5200 5200 5200 5200 5200 5200 5200 
5836 5836 5836 5836 5836 5836 5836 5836 5836 5836 5836 5836 5836 5836 5836 5836 5836 5836 5836 5836 5836 5836 5836 5836 5836 5836 5836 5836 5836 
4949 4949 4949 4949 4949 4949 4949 4949 4949 4949 4949 4949 4949 4949 4949 4949 4949 4949 4949 4949 4949 4949 4949 4949 4949 4949 4949 4949 4949 
5981 5981 5981 5981 5981 5981 5981 5981 5981 5981 5981 5981 5981 5981 5981 5981 5981 5981 5981 5981 5981 5981 5981 5981 5981 5981 5981 5981 5981 
3323 3323 3323 3323 3323 3323 3323 3323 3323 3323 3323 3323 3323 3323 3323 3323 3323 3323 3323 3323 3323 3323 3323 3323 3323 3323 3323 3323 3323 
4800 4800 4800 4800 4800 4800 4800 4800 4800 4800 4800 4800 4800 4800 4800 4800 4800 4800 4800 4800 4800 4800 4800 4800 4800 4800 4800 4800 4800 
5404 5404 5404 5404 5404 5404 5404 5404 5404 5404 5404 5404 5404 5404 5404 5404 5404 5404 5404 5404 5404 5404 5404 5404 5404 5404 5404 5404 5404 
3442 3442 3442 3442 3442 3442 3442 3442 3442 3442 3442 3442 3442 3442 3442 3442 3442 3442 3442 3442 3442 3442 3442 3442 3442 3442 3442 3442 3442 
5450 5450 5450 5450 5450 5450 5450 5450 5450 5450 5450 5450 5450 5450 5450 5450 5450 5450 5450 5450 5450 5450 5450 5450 5450 5450 5450 5450 5450 
3126 3126 3126 3126 3126 3126 3126 3126 3126 3126 3126 3126 3126 3126 3126 3126 3126 3126 3126 3126 3126 3126 3126 3126 3126 3126 3126 3126 3126 
5768 5768 5768 5768 5768 5768 5768 5768 5768 5768 5768 5768 5768 5768 5768 5768 5768 5768 5768 5768 5768 5768 5768 5768 5768 5768 5768 5768 5768 
6478 6478 6478 6478 6478 6478 6478 6478 6478 6478 6478 6478 6478 6478 6478 6478 6478 6478 6478 6478 6478 6478 6478 6478 6478 6478 6478 6478 6478 
5058 5058 5058 5058 5058 5058 5058 5058 5058 5058 5058 5058 5058 5058 5058 5058 5058 5058 5058 5058 5058 5058 5058 5058 5058 5058 5058 5058 5058 
4391 4391 4391 4391 4391 4391 4391 4391 4391 4391 4391 4391 4391 4391 4391 4391 4391 4391 4391 4391 4391 4391 4391 4391 4391 4391 4391 4391 4391 
3427 3427 3427 3427 3427 3427 3427 3427 3427 3427 3427 3427 3427 3427 3427 3427 3427 3427 3427 3427 3427 3427 3427 3427 3427 3427 3427 3427 3427 
4023 4023 4023 4023 4023 4023 4023 4023 4023 4023 4023 4023 4023 4023 4023 4023 4023 4023 4023 4023 4023 4023 4023 4023 4023 4023 4023 4023 4023 
3559 3559 3559 3559 3559 3559 3559 3559 3559 3559 3559 3559 3559 3559 3559 3559 3559 3559 3559 3559 3559 3559 3559 3559 3559 3559 3559 3559 3559 
5854 5854 5854 5854 5854 5854 5854 5854 5854 5854 5854 5854 5854 5854 5854 5854 5854 5854 5854 5854 5854 5854 5854 5854 5854 5854 5854 5854 5854 
5975 5975 5975 5975 5975 5975 5975 5975 5975 5975 5975 5975 5975 5975 5975 5975 5975 5975 5975 5975 5975 5975 5975 5975 5975 5975 5975 5975 5975 
4657 4657 4657 4657 4657 4657 4657 4657 4657 4657 4657 4657 4657 4657 4657 4657 4657 4657 4657 4657 4657 4657 4657 4657 4657 4657 4657 4657 4657 
4255 4255 4255 4255 4255 4255 4255 4255 4255 4255 4255 4255 4255 4255 4255 4255 4255 4255 4255 4255 4255 4255 4255 4255 4255 4255 4255 4255 4255 
5878 5878 5878 5878 5878 5878 5878 5878 5878 5878 5878 5878 5878 5878 5878 5878 5878 5878 5878 5878 5878 5878 5878 5878 5878 5878 5878 5878 5878 
3140 3140 3140 3140 3140 3140 3140 3140 3140 3140 3140 3140 3140 3140 3140 3140 3140 3140 3140 3140 3140 3140 3140 3140 3140 3140 3140 3140 3140 
4914 4914 4914 4914 4914 4914 4914 4914 4914 4914 4914 4914 4914 4914 4914 4914 4914 4914 4914 4914 4914 4914 4914 4914 4914 4914 4914 4914 4914 
4490 4490 4490 4490 4490 4490 4490 4490 4490 4490 4490 4490 4490 4490 4490 4490 4490 4490 4490 4490 4490 4490 4490 4490 4490 4490 4490 4490 4490 
4371 4371 4371 4371 4371 4371 4371 4371 4371 4371 4371 4371 4371 4371 4371 4371 4371 4371 4371 4371 4371 4371 4371 4371 4371 4371 4371 4371 4371 
3200 3200 3200 3200 3200 3200 3200 3200 3200 3200 3200 3200 3200 3200 3200 3200 3200 3200 3200 3200 3200 3200 3200 3200 3200 3200 3200 3200 3200 
4403 4403 4403 4403 4403 4403 4403 4403 4403 4403 4403 4403 4403 4403 4403 4403 4403 4403 4403 4403 4403 4403 4403 4403 4403 4403 4403 4403 4403 
5909 5909 5909 5909 5909 5909 5909 5909 5909 5909 5909 5909 5909 5909 5909 5909 5909 5909 5909 5909 5909 5909 5909 5909 5909 5909 5909 5909 5909 
5175 5175 5175 5175 5175 5175 5175 5175 5175 5175 5175 5175 5175 5175 5175 5175 5175 5175 5175 5175 5175 5175 5175 5175 5175 5175 5175 5175 5175 
6472 3820 6098 4279 5110 3774 4457 5476 5556 5071 5372 4518 4976 6269 4567 5277 4990 3845 3197 2923 5167 3179 4942 4704 4740 6798 3909 6040 6365 6281 6472 3820 6098 4279 5110 3774 4457 5476 5556 5071 5372 4518 4976 6269 4567 5277 4990 3845 3197 2923 5167 3179 4942 4704 4740 6798 3909 6040 6365 6281 6472 3820 6098 4279 5110 3774 4457 5476 5556 5071 5372 4518 4976 6269 4567 5277 4990 3845 3197 2923 5167 3179 4942 4704 4740 6798 3909 6040 6365 6281 6472 3820 6098 4279 5110 3774 4457 5476 5556 5071 5372 4518 4976 6269 4567 5277 4990 3845 3197 2923 5167 3179 4942 4704 4740 6798 3909 6040 6365 6281 6472 3820 6098 4279 5110 3774 4457 5476 5556 5071 5372 4518 4976 6269 4567 5277 4990 3845 3197 2923 5167 3179 4942 4704 4740 6798 3909 6040 6365 6281 6472 3820 6098 4279 5110 3774 4457 5476 5556 5071 5372 4518 4976 6269 4567 5277 4990 3845 3197 2923 5167 3179 4942 4704 4740 6798 3909 6040 6365 6281 6472 3820 6098 4279 5110 3774 4457 5476 5556 5071 5372 4518 4976 6269 4567 5277 4990 3845 3197 2923 5167 3179 4942 4704 4740 6798 3909 6040 6365 6281 6472 3820 6098 4279 5110 3774 4457 5476 5556 5071 5372 4518 4976 6269 4567 5277 4990 3845 3197 2923 5167 3179 4942 4704 4740 6798 3909 6040 6365 6281 6472 3820 6098 4279 5110 3774 4457 5476 5556 5071 5372 4518 4976 6269 4567 5277 4990 3845 3197 2923 5167 3179 4942 4704 4740 6798 3909 6040 6365 6281 6472 3820 6098 4279 5110 3774 4457 5476 5556 5071 5372 4518 4976 6269 4567 5277 4990 3845 3197 2923 5167 3179 4942 4704 4740 6798 3909 6040 6365 6281 6472 3820 6098 4279 5110 3774 4457 5476 5556 5071 5372 4518 4976 6269 4567 5277 4990 3845 3197 2923 5167 3179 4942 4704 4740 6798 3909 6040 6365 6281 6472 3820 6098 4279 5110 3774 4457 5476 5556 5071 5372 4518 4976 6269 4567 5277 4990 3845 3197 2923 5167 3179 4942 4704 4740 6798 3909 6040 6365 6281 6472 3820 6098 4279 5110 3774 4457 5476 5556 5071 5372 4518 4976 6269 4567 5277 4990 3845 3197 2923 5167 3179 4942 4704 4740 6798 3909 6040 6365 6281 6472 3820 6098 4279 5110 3774 4457 5476 5556 5071 5372 4518 4976 6269 4567 5277 4990 3845 3197 2923 5167 3179 4942 4704 4740 6798 3909 6040 6365 6281 6472 3820 6098 4279 5110 3774 4457 5476 5556 5071 5372 4518 4976 6269 4567 5277 4990 3845 3197 2923 5167 3179 4942 4704 4740 6798 3909 6040 6365 6281 6472 3820 6098 4279 5110 3774 4457 5476 5556 5071 5372 4518 4976 6269 4567 5277 4990 3845 3197 2923 5167 3179 4942 4704 4740 6798 3909 6040 6365 6281 6472 3820 6098 4279 5110 3774 4457 5476 5556 5071 5372 4518 4976 6269 4567 5277 4990 3845 3197 2923 5167 3179 4942 4704 4740 6798 3909 6040 6365 6281 6472 3820 6098 4279 5110 3774 4457 5476 5556 5071 5372 4518 4976 6269 4567 5277 4990 3845 3197 2923 5167 3179 4942 4704 4740 6798 3909 6040 6365 6281 6472 3820 6098 4279 5110 3774 4457 5476 5556 5071 5372 4518 4976 6269 4567 5277 4990 3845 3197 2923 5167 3179 4942 4704 4740 6798 3909 6040 6365 6281 6472 3820 6098 4279 5110 3774 4457 5476 5556 5071 5372 4518 4976 6269 4567 5277 4990 3845 3197 2923 5167 3179 4942 4704 4740 6798 3909 6040 6365 6281 6472 3820 6098 4279 5110 3774 4457 5476 5556 5071 5372 4518 4976 6269 4567 5277 4990 3845 3197 2923 5167 3179 4942 4704 4740 6798 3909 6040 6365 6281 6472 3820 6098 4279 5110 3774 4457 5476 5556 5071 5372 4518 4976 6269 4567 5277 4990 3845 3197 2923 5167 3179 4942 4704 4740 6798 3909 6040 6365 6281 6472 3820 6098 4279 5110 3774 4457 5476 5556 5071 5372 4518 4976 6269 4567 5277 4990 3845 3197 2923 5167 3179 4942 4704 4740 6798 3909 6040 6365 6281 6472 3820 6098 4279 5110 3774 4457 5476 5556 5071 5372 4518 4976 6269 4567 5277 4990 3845 3197 2923 5167 3179 4942 4704 4740 6798 3909 6040 6365 6281 6472 3820 6098 4279 5110 3774 4457 5476 5556 5071 5372 4518 4976 6269 4567 5277 4990 3845 3197 2923 5167 3179 4942 4704 4740 6798 3909 6040 6365 6281 6472 3820 6098 4279 5110 3774 4457 5476 5556 5071 5372 4518 4976 6269 4567 5277 4990 3845 3197 2923 5167 3179 4942 4704 4740 6798 3909 6040 6365 6281 6472 3820 6098 4279 5110 3774 4457 5476 5556 5071 5372 4518 4976 6269 4567 5277 4990 3845 3197 2923 5167 3179 4942 4704 4740 6798 3909 6040 6365 6281 6472 3820 6098 4279 5110 3774 4457 5476 5556 5071 5372 4518 4976 6269 4567 5277 4990 3845 3197 2923 5167 3179 4942 4704 4740 6798 3909 6040 6365 6281 6472 3820 6098 4279 5110 3774 4457 5476 5556 5071 5372 4518 4976 6269 4567 5277 4990 3845 3197 2923 5167 3179 4942 4704 4740 6798 3909 6040 6365 6281 
4860 4860 4860 4860 4860 4860 4860 4860 4860 4860 4860 4860 4860 4860 4860 4860 4860 4860 4860 4860 4860 4860 4860 4860 4860 4860 4860 4860 4860 
5000 5000 5000 5000 5000 5000 5000 5000 5000 5000 5000 5000 5000 5000 5000 5000 5000 5000 5000 5000 5000 5000 5000 5000 5000 5000 5000 5000 5000 
3934 3934 3934 3934 3934 3934 3934 3934 3934 3934 3934 3934 3934 3934 3934 3934 3934 3934 3934 3934 3934 3934 3934 3934 3934 3934 3934 3934 3934 
5981 5981 5981 5981 5981 5981 5981 5981 5981 5981 5981 5981 5981 5981 5981 5981 5981 5981 5981 5981 5981 5981 5981 5981 5981 5981 5981 5981 5981 
3232 3232 3232 3232 3232 3232 3232 3232 3232 3232 3232 3232 3232 3232 3232 3232 3232 3232 3232 3232 3232 3232 3232 3232 3232 3232 3232 3232 3232 
4679 4679 4679 4679 4679 4679 4679 4679 4679 4679 4679 4679 4679 4679 4679 4679 4679 4679 4679 4679 4679 4679 4679 4679 4679 4679 4679 4679 4679 
5404 5404 5404 5404 5404 5404 5404 5404 5404 5404 5404 5404 5404 5404 5404 5404 5404 5404 5404 5404 5404 5404 5404 5404 5404 5404 5404 5404 5404 
3411 3411 3411 3411 3411 3411 3411 3411 3411 3411 3411 3411 3411 3411 3411 3411 3411 3411 3411 3411 3411 3411 3411 3411 3411 3411 3411 3411 3411 
5450 5450 5450 5450 5450 5450 5450 5450 5450 5450 5450 5450 5450 5450 5450 5450 5450 5450 5450 5450 5450 5450 5450 5450 5450 5450 5450 5450 5450 
3025 3025 3025 3025 3025 3025 3025 3025 3025 3025 3025 3025 3025 3025 3025 3025 3025 3025 3025 3025 3025 3025 3025 3025 3025 3025 3025 3025 3025 
5768 5768 5768 5768 5768 5768 5768 5768 5768 5768 5768 5768 5768 5768 5768 5768 5768 5768 5768 5768 5768 5768 5768 5768 5768 5768 5768 5768 5768 
6322 6322 6322 6322 6322 6322 6322 6322 6322 6322 6322 6322 6322 6322 6322 6322 6322 6322 6322 6322 6322 6322 6322 6322 6322 6322 6322 6322 6322 
4679 4679 4679 4679 4679 4679 4679 4679 4679 4679 4679 4679 4679 4679 4679 4679 4679 4679 4679 4679 4679 4679 4679 4679 4679 4679 4679 4679 4679 
4342 4342 4342 4342 4342 4342 4342 4342 4342 4342 4342 4342 4342 4342 4342 4342 4342 4342 4342 4342 4342 4342 4342 4342 4342 4342 4342 4342 4342 
3124 3124 3124 3124 3124 3124 3124 3124 3124 3124 3124 3124 3124 3124 3124 3124 3124 3124 3124 3124 3124 3124 3124 3124 3124 3124 3124 3124 3124 
3760 3760 3760 3760 3760 3760 3760 3760 3760 3760 3760 3760 3760 3760 3760 3760 3760 3760 3760 3760 3760 3760 3760 3760 3760 3760 3760 3760 3760 
3363 3363 3363 3363 3363 3363 3363 3363 3363 3363 3363 3363 3363 3363 3363 3363 3363 3363 3363 3363 3363 3363 3363 3363 3363 3363 3363 3363 3363 
5854 5854 5854 5854 5854 5854 5854 5854 5854 5854 5854 5854 5854 5854 5854 5854 5854 5854 5854 5854 5854 5854 5854 5854 5854 5854 5854 5854 5854 
5921 5921 5921 5921 5921 5921 5921 5921 5921 5921 5921 5921 5921 5921 5921 5921 5921 5921 5921 5921 5921 5921 5921 5921 5921 5921 5921 5921 5921 
4628 4628 4628 4628 4628 4628 4628 4628 4628 4628 4628 4628 4628 4628 4628 4628 4628 4628 4628 4628 4628 4628 4628 4628 4628 4628 4628 4628 4628 
3786 3786 3786 3786 3786 3786 3786 3786 3786 3786 3786 3786 3786 3786 3786 3786 3786 3786 3786 3786 3786 3786 3786 3786 3786 3786 3786 3786 3786 
5845 5845 5845 5845 5845 5845 5845 5845 5845 5845 5845 5845 5845 5845 5845 5845 5845 5845 5845 5845 5845 5845 5845 5845 5845 5845 5845 5845 5845 
2996 2996 2996 2996 2996 2996 2996 2996 2996 2996 2996 2996 2996 2996 2996 2996 2996 2996 2996 2996 2996 2996 2996 2996 2996 2996 2996 2996 2996 
4914 4914 4914 4914 4914 4914 4914 4914 4914 4914 4914 4914 4914 4914 4914 4914 4914 4914 4914 4914 4914 4914 4914 4914 4914 4914 4914 4914 4914 
4485 4485 4485 4485 4485 4485 4485 4485 4485 4485 4485 4485 4485 4485 4485 4485 4485 4485 4485 4485 4485 4485 4485 4485 4485 4485 4485 4485 4485 
4357 4357 4357 4357 4357 4357 4357 4357 4357 4357 4357 4357 4357 4357 4357 4357 4357 4357 4357 4357 4357 4357 4357 4357 4357 4357 4357 4357 4357 
3432 3432 3432 3432 3432 3432 3432 3432 3432 3432 3432 3432 3432 3432 3432 3432 3432 3432 3432 3432 3432 3432 3432 3432 3432 3432 3432 3432 3432 
4369 4369 4369 4369 4369 4369 4369 4369 4369 4369 4369 4369 4369 4369 4369 4369 4369 4369 4369 4369 4369 4369 4369 4369 4369 4369 4369 4369 4369 
5856 5856 5856 5856 5856 5856 5856 5856 5856 5856 5856 5856 5856 5856 5856 5856 5856 5856 5856 5856 5856 5856 5856 5856 5856 5856 5856 5856 5856 
5171 5171 5171 5171 5171 5171 5171 5171 5171 5171 5171 5171 5171 5171 5171 5171 5171 5171 5171 5171 5171 5171 5171 5171 5171 5171 5171 5171 5171 
6464 4255 5962 4072 5093 3746 4226 5300 5384 5142 5184 4117 4904 6220 4566 5080 3341 3829 3177 2791 5157 2909 4927 3786 4885 6754 4021 6025 6284 6247 6464 4255 5962 4072 5093 3746 4226 5300 5384 5142 5184 4117 4904 6220 4566 5080 3341 3829 3177 2791 5157 2909 4927 3786 4885 6754 4021 6025 6284 6247 6464 4255 5962 4072 5093 3746 4226 5300 5384 5142 5184 4117 4904 6220 4566 5080 3341 3829 3177 2791 5157 2909 4927 3786 4885 6754 4021 6025 6284 6247 6464 4255 5962 4072 5093 3746 4226 5300 5384 5142 5184 4117 4904 6220 4566 5080 3341 3829 3177 2791 5157 2909 4927 3786 4885 6754 4021 6025 6284 6247 6464 4255 5962 4072 5093 3746 4226 5300 5384 5142 5184 4117 4904 6220 4566 5080 3341 3829 3177 2791 5157 2909 4927 3786 4885 6754 4021 6025 6284 6247 6464 4255 5962 4072 5093 3746 4226 5300 5384 5142 5184 4117 4904 6220 4566 5080 3341 3829 3177 2791 5157 2909 4927 3786 4885 6754 4021 6025 6284 6247 6464 4255 5962 4072 5093 3746 4226 5300 5384 5142 5184 4117 4904 6220 4566 5080 3341 3829 3177 2791 5157 2909 4927 3786 4885 6754 4021 6025 6284 6247 6464 4255 5962 4072 5093 3746 4226 5300 5384 5142 5184 4117 4904 6220 4566 5080 3341 3829 3177 2791 5157 2909 4927 3786 4885 6754 4021 6025 6284 6247 6464 4255 5962 4072 5093 3746 4226 5300 5384 5142 5184 4117 4904 6220 4566 5080 3341 3829 3177 2791 5157 2909 4927 3786 4885 6754 4021 6025 6284 6247 6464 4255 5962 4072 5093 3746 4226 5300 5384 5142 5184 4117 4904 6220 4566 5080 3341 3829 3177 2791 5157 2909 4927 3786 4885 6754 4021 6025 6284 6247 6464 4255 5962 4072 5093 3746 4226 5300 5384 5142 5184 4117 4904 6220 4566 5080 3341 3829 3177 2791 5157 2909 4927 3786 4885 6754 4021 6025 6284 6247 6464 4255 5962 4072 5093 3746 4226 5300 5384 5142 5184 4117 4904 6220 4566 5080 3341 3829 3177 2791 5157 2909 4927 3786 4885 6754 4021 6025 6284 6247 6464 4255 5962 4072 5093 3746 4226 5300 5384 5142 5184 4117 4904 6220 4566 5080 3341 3829 3177 2791 5157 2909 4927 3786 4885 6754 4021 6025 6284 6247 6464 4255 5962 4072 5093 3746 4226 5300 5384 5142 5184 4117 4904 6220 4566 5080 3341 3829 3177 2791 5157 2909 4927 3786 4885 6754 4021 6025 6284 6247 6464 4255 5962 4072 5093 3746 4226 5300 5384 5142 5184 4117 4904 6220 4566 5080 3341 3829 3177 2791 5157 2909 4927 3786 4885 6754 4021 6025 6284 6247 6464 4255 5962 4072 5093 3746 4226 5300 5384 5142 5184 4117 4904 6220 4566 5080 3341 3829 3177 2791 5157 2909 4927 3786 4885 6754 4021 6025 6284 6247 6464 4255 5962 4072 5093 3746 4226 5300 5384 5142 5184 4117 4904 6220 4566 5080 3341 3829 3177 2791 5157 2909 4927 3786 4885 6754 4021 6025 6284 6247 6464 4255 5962 4072 5093 3746 4226 5300 5384 5142 5184 4117 4904 6220 4566 5080 3341 3829 3177 2791 5157 2909 4927 3786 4885 6754 4021 6025 6284 6247 6464 4255 5962 4072 5093 3746 4226 5300 5384 5142 5184 4117 4904 6220 4566 5080 3341 3829 3177 2791 5157 2909 4927 3786 4885 6754 4021 6025 6284 6247 6464 4255 5962 4072 5093 3746 4226 5300 5384 5142 5184 4117 4904 6220 4566 5080 3341 3829 3177 2791 5157 2909 4927 3786 4885 6754 4021 6025 6284 6247 6464 4255 5962 4072 5093 3746 4226 5300 5384 5142 5184 4117 4904 6220 4566 5080 3341 3829 3177 2791 5157 2909 4927 3786 4885 6754 4021 6025 6284 6247 6464 4255 5962 4072 5093 3746 4226 5300 5384 5142 5184 4117 4904 6220 4566 5080 3341 3829 3177 2791 5157 2909 4927 3786 4885 6754 4021 6025 6284 6247 6464 4255 5962 4072 5093 3746 4226 5300 5384 5142 5184 4117 4904 6220 4566 5080 3341 3829 3177 2791 5157 2909 4927 3786 4885 6754 4021 6025 6284 6247 6464 4255 5962 4072 5093 3746 4226 5300 5384 5142 5184 4117 4904 6220 4566 5080 3341 3829 3177 2791 5157 2909 4927 3786 4885 6754 4021 6025 6284 6247 6464 4255 5962 4072 5093 3746 4226 5300 5384 5142 5184 4117 4904 6220 4566 5080 3341 3829 3177 2791 5157 2909 4927 3786 4885 6754 4021 6025 6284 6247 6464 4255 5962 4072 5093 3746 4226 5300 5384 5142 5184 4117 4904 6220 4566 5080 3341 3829 3177 2791 5157 2909 4927 3786 4885 6754 4021 6025 6284 6247 6464 4255 5962 4072 5093 3746 4226 5300 5384 5142 5184 4117 4904 6220 4566 5080 3341 3829 3177 2791 5157 2909 4927 3786 4885 6754 4021 6025 6284 6247 6464 4255 5962 4072 5093 3746 4226 5300 5384 5142 5184 4117 4904 6220 4566 5080 3341 3829 3177 2791 5157 2909 4927 3786 4885 6754 4021 6025 6284 6247 6464 4255 5962 4072 5093 3746 4226 5300 5384 5142 5184 4117 4904 6220 4566 5080 3341 3829 3177 2791 5157 2909 4927 3786 4885 6754 4021 6025 6284 6247 
4852 4852 4852 4852 4852 4852 4852 4852 4852 4852 4852 4852 4852 4852 4852 4852 4852 4852 4852 4852 4852 4852 4852 4852 4852 4852 4852 4852 4852 
4640 4640 4640 4640 4640 4640 4640 4640 4640 4640 4640 4640 4640 4640 4640 4640 4640 4640 4640 4640 4640 4640 4640 4640 4640 4640 4640 4640 4640 
3776 3776 3776 3776 3776 3776 3776 3776 3776 3776 3776 3776 3776 3776 3776 3776 3776 3776 3776 3776 3776 3776 3776 3776 3776 3776 3776 3776 3776 
5981 5981 5981 5981 5981 5981 5981 5981 5981 5981 5981 5981 5981 5981 5981 5981 5981 5981 5981 5981 5981 5981 5981 5981 5981 5981 5981 5981 5981 
3179 3179 3179 3179 3179 3179 3179 3179 3179 3179 3179 3179 3179 3179 3179 3179 3179 3179 3179 3179 3179 3179 3179 3179 3179 3179 3179 3179 3179 
4574 4574 4574 4574 4574 4574 4574 4574 4574 4574 4574 4574 4574 4574 4574 4574 4574 4574 4574 4574 4574 4574 4574 4574 4574 4574 4574 4574 4574 
5295 5295 5295 5295 5295 5295 5295 5295 5295 5295 5295 5295 5295 5295 5295 5295 5295 5295 5295 5295 5295 5295 5295 5295 5295 5295 5295 5295 5295 
3355 3355 3355 3355 3355 3355 3355 3355 3355 3355 3355 3355 3355 3355 3355 3355 3355 3355 3355 3355 3355 3355 3355 3355 3355 3355 3355 3355 3355 
5450 5450 5450 5450 5450 5450 5450 5450 5450 5450 5450 5450 5450 5450 5450 5450 5450 5450 5450 5450 5450 5450 5450 5450 5450 5450 5450 5450 5450 
3004 3004 3004 3004 3004 3004 3004 3004 3004 3004 3004 3004 3004 3004 3004 3004 3004 3004 3004 3004 3004 3004 3004 3004 3004 3004 3004 3004 3004 
5708 5708 5708 5708 5708 5708 5708 5708 5708 5708 5708 5708 5708 5708 5708 5708 5708 5708 5708 5708 5708 5708 5708 5708 5708 5708 5708 5708 5708 
6297 6297 6297 6297 6297 6297 6297 6297 6297 6297 6297 6297 6297 6297 6297 6297 6297 6297 6297 6297 6297 6297 6297 6297 6297 6297 6297 6297 6297 
3892 3892 3892 3892 3892 3892 3892 3892 3892 3892 3892 3892 3892 3892 3892 3892 3892 3892 3892 3892 3892 3892 3892 3892 3892 3892 3892 3892 3892 
4302 4302 4302 4302 4302 4302 4302 4302 4302 4302 4302 4302 4302 4302 4302 4302 4302 4302 4302 4302 4302 4302 4302 4302 4302 4302 4302 4302 4302 
3081 3081 3081 3081 3081 3081 3081 3081 3081 3081 3081 3081 3081 3081 3081 3081 3081 3081 3081 3081 3081 3081 3081 3081 3081 3081 3081 3081 3081 
3667 3667 3667 3667 3667 3667 3667 3667 3667 3667 3667 3667 3667 3667 3667 3667 3667 3667 3667 3667 3667 3667 3667 3667 3667 3667 3667 3667 3667 
3301 3301 3301 3301 3301 3301 3301 3301 3301 3301 3301 3301 3301 3301 3301 3301 3301 3301 3301 3301 3301 3301 3301 3301 3301 3301 3301 3301 3301 
5843 5843 5843 5843 5843 5843 5843 5843 5843 5843 5843 5843 5843 5843 5843 5843 5843 5843 5843 5843 5843 5843 5843 5843 5843 5843 5843 5843 5843 
5907 5907 5907 5907 5907 5907 5907 5907 5907 5907 5907 5907 5907 5907 5907 5907 5907 5907 5907 5907 5907 5907 5907 5907 5907 5907 5907 5907 5907 
4281 4281 4281 4281 4281 4281 4281 4281 4281 4281 4281 4281 4281 4281 4281 4281 4281 4281 4281 4281 4281 4281 4281 4281 4281 4281 4281 4281 4281 
3721 3721 3721 3721 3721 3721 3721 3721 3721 3721 3721 3721 3721 3721 3721 3721 3721 3721 3721 3721 3721 3721 3721 3721 3721 3721 3721 3721 3721 
5845 5845 5845 5845 5845 5845 5845 5845 5845 5845 5845 5845 5845 5845 5845 5845 5845 5845 5845 5845 5845 5845 5845 5845 5845 5845 5845 5845 5845 
2976 2976 2976 2976 2976 2976 2976 2976 2976 2976 2976 2976 2976 2976 2976 2976 2976 2976 2976 2976 2976 2976 2976 2976 2976 2976 2976 2976 2976 
4758 4758 4758 4758 4758 4758 4758 4758 4758 4758 4758 4758 4758 4758 4758 4758 4758 4758 4758 4758 4758 4758 4758 4758 4758 4758 4758 4758 4758 
4474 4474 4474 4474 4474 4474 4474 4474 4474 4474 4474 4474 4474 4474 4474 4474 4474 4474 4474 4474 4474 4474 4474 4474 4474 4474 4474 4474 4474 
4337 4337 4337 4337 4337 4337 4337 4337 4337 4337 4337 4337 4337 4337 4337 4337 4337 4337 4337 4337 4337 4337 4337 4337 4337 4337 4337 4337 4337 
3473 3473 3473 3473 3473 3473 3473 3473 3473 3473 3473 3473 3473 3473 3473 3473 3473 3473 3473 3473 3473 3473 3473 3473 3473 3473 3473 3473 3473 
4249 4249 4249 4249 4249 4249 4249 4249 4249 4249 4249 4249 4249 4249 4249 4249 4249 4249 4249 4249 4249 4249 4249 4249 4249 4249 4249 4249 4249 
5860 5860 5860 5860 5860 5860 5860 5860 5860 5860 5860 5860 5860 5860 5860 5860 5860 5860 5860 5860 5860 5860 5860 5860 5860 5860 5860 5860 5860 
5386 5386 5386 5386 5386 5386 5386 5386 5386 5386 5386 5386 5386 5386 5386 5386 5386 5386 5386 5386 5386 5386 5386 5386 5386 5386 5386 5386 5386 
6446 4208 5932 4032 5085 3739 4248 5154 5285 5106 5213 4056 4851 6184 4529 4999 3456 3834 3154 2759 5145 2908 4918 3826 4860 6736 3960 6006 6259 6104 6446 4208 5932 4032 5085 3739 4248 5154 5285 5106 5213 4056 4851 6184 4529 4999 3456 3834 3154 2759 5145 2908 4918 3826 4860 6736 3960 6006 6259 6104 6446 4208 5932 4032 5085 3739 4248 5154 5285 5106 5213 4056 4851 6184 4529 4999 3456 3834 3154 2759 5145 2908 4918 3826 4860 6736 3960 6006 6259 6104 6446 4208 5932 4032 5085 3739 4248 5154 5285 5106 5213 4056 4851 6184 4529 4999 3456 3834 3154 2759 5145 2908 4918 3826 4860 6736 3960 6006 6259 6104 6446 4208 5932 4032 5085 3739 4248 5154 5285 5106 5213 4056 4851 6184 4529 4999 3456 3834 3154 2759 5145 2908 4918 3826 4860 6736 3960 6006 6259 6104 6446 4208 5932 4032 5085 3739 4248 5154 5285 5106 5213 4056 4851 6184 4529 4999 3456 3834 3154 2759 5145 2908 4918 3826 4860 6736 3960 6006 6259 6104 6446 4208 5932 4032 5085 3739 4248 5154 5285 5106 5213 4056 4851 6184 4529 4999 3456 3834 3154 2759 5145 2908 4918 3826 4860 6736 3960 6006 6259 6104 6446 4208 5932 4032 5085 3739 4248 5154 5285 5106 5213 4056 4851 6184 4529 4999 3456 3834 3154 2759 5145 2908 4918 3826 4860 6736 3960 6006 6259 6104 6446 4208 5932 4032 5085 3739 4248 5154 5285 5106 5213 4056 4851 6184 4529 4999 3456 3834 3154 2759 5145 2908 4918 3826 4860 6736 3960 6006 6259 6104 6446 4208 5932 4032 5085 3739 4248 5154 5285 5106 5213 4056 4851 6184 4529 4999 3456 3834 3154 2759 5145 2908 4918 3826 4860 6736 3960 6006 6259 6104 6446 4208 5932 4032 5085 3739 4248 5154 5285 5106 5213 4056 4851 6184 4529 4999 3456 3834 3154 2759 5145 2908 4918 3826 4860 6736 3960 6006 6259 6104 6446 4208 5932 4032 5085 3739 4248 5154 5285 5106 5213 4056 4851 6184 4529 4999 3456 3834 3154 2759 5145 2908 4918 3826 4860 6736 3960 6006 6259 6104 6446 4208 5932 4032 5085 3739 4248 5154 5285 5106 5213 4056 4851 6184 4529 4999 3456 3834 3154 2759 5145 2908 4918 3826 4860 6736 3960 6006 6259 6104 6446 4208 5932 4032 5085 3739 4248 5154 5285 5106 5213 4056 4851 6184 4529 4999 3456 3834 3154 2759 5145 2908 4918 3826 4860 6736 3960 6006 6259 6104 6446 4208 5932 4032 5085 3739 4248 5154 5285 5106 5213 4056 4851 6184 4529 4999 3456 3834 3154 2759 5145 2908 4918 3826 4860 6736 3960 6006 6259 6104 6446 4208 5932 4032 5085 3739 4248 5154 5285 5106 5213 4056 4851 6184 4529 4999 3456 3834 3154 2759 5145 2908 4918 3826 4860 6736 3960 6006 6259 6104 6446 4208 5932 4032 5085 3739 4248 5154 5285 5106 5213 4056 4851 6184 4529 4999 3456 3834 3154 2759 5145 2908 4918 3826 4860 6736 3960 6006 6259 6104 6446 4208 5932 4032 5085 3739 4248 5154 5285 5106 5213 4056 4851 6184 4529 4999 3456 3834 3154 2759 5145 2908 4918 3826 4860 6736 3960 6006 6259 6104 6446 4208 5932 4032 5085 3739 4248 5154 5285 5106 5213 4056 4851 6184 4529 4999 3456 3834 3154 2759 5145 2908 4918 3826 4860 6736 3960 6006 6259 6104 6446 4208 5932 4032 5085 3739 4248 5154 5285 5106 5213 4056 4851 6184 4529 4999 3456 3834 3154 2759 5145 2908 4918 3826 4860 6736 3960 6006 6259 6104 6446 4208 5932 4032 5085 3739 4248 5154 5285 5106 5213 4056 4851 6184 4529 4999 3456 3834 3154 2759 5145 2908 4918 3826 4860 6736 3960 6006 6259 6104 6446 4208 5932 4032 5085 3739 4248 5154 5285 5106 5213 4056 4851 6184 4529 4999 3456 3834 3154 2759 5145 2908 4918 3826 4860 6736 3960 6006 6259 6104 6446 4208 5932 4032 5085 3739 4248 5154 5285 5106 5213 4056 4851 6184 4529 4999 3456 3834 3154 2759 5145 2908 4918 3826 4860 6736 3960 6006 6259 6104 6446 4208 5932 4032 5085 3739 4248 5154 5285 5106 5213 4056 4851 6184 4529 4999 3456 3834 3154 2759 5145 2908 4918 3826 4860 6736 3960 6006 6259 6104 6446 4208 5932 4032 5085 3739 4248 5154 5285 5106 5213 4056 4851 6184 4529 4999 3456 3834 3154 2759 5145 2908 4918 3826 4860 6736 3960 6006 6259 6104 6446 4208 5932 4032 5085 3739 4248 5154 5285 5106 5213 4056 4851 6184 4529 4999 3456 3834 3154 2759 5145 2908 4918 3826 4860 6736 3960 6006 6259 6104 6446 4208 5932 4032 5085 3739 4248 5154 5285 5106 5213 4056 4851 6184 4529 4999 3456 3834 3154 2759 5145 2908 4918 3826 4860 6736 3960 6006 6259 6104 6446 4208 5932 4032 5085 3739 4248 5154 5285 5106 5213 4056 4851 6184 4529 4999 3456 3834 3154 2759 5145 2908 4918 3826 4860 6736 3960 6006 6259 6104 6446 4208 5932 4032 5085 3739 4248 5154 5285 5106 5213 4056 4851 6184 4529 4999 3456 3834 3154 2759 5145 2908 4918 3826 4860 6736 3960 6006 6259 6104 
4906 4906 4906 4906 4906 4906 4906 4906 4906 4906 4906 4906 4906 4906 4906 4906 4906 4906 4906 4906 4906 4906 4906 4906 4906 4906 4906 4906 4906 
4653 4653 4653 4653 4653 4653 4653 4653 4653 4653 4653 4653 4653 4653 4653 4653 4653 4653 4653 4653 4653 4653 4653 4653 4653 4653 4653 4653 4653 
6803 6803 6803 6803 6803 6803 6803 6803 6803 6803 6803 6803 6803 6803 6803 6803 6803 6803 6803 6803 6803 6803 6803 6803 6803 6803 6803 6803 6803 
5981 5981 5981 5981 5981 5981 5981 5981 5981 5981 5981 5981 5981 5981 5981 5981 5981 5981 5981 5981 5981 5981 5981 5981 5981 5981 5981 5981 5981 
3139 3139 3139 3139 3139 3139 3139 3139 3139 3139 3139 3139 3139 3139 3139 3139 3139 3139 3139 3139 3139 3139 3139 3139 3139 3139 3139 3139 3139 
4445 4445 4445 4445 4445 4445 4445 4445 4445 4445 4445 4445 4445 4445 4445 4445 4445 4445 4445 4445 4445 4445 4445 4445 4445 4445 4445 4445 4445 
5273 5273 5273 5273 5273 5273 5273 5273 5273 5273 5273 5273 5273 5273 5273 5273 5273 5273 5273 5273 5273 5273 5273 5273 5273 5273 5273 5273 5273 
3385 3385 3385 3385 3385 3385 3385 3385 3385 3385 3385 3385 3385 3385 3385 3385 3385 3385 3385 3385 3385 3385 3385 3385 3385 3385 3385 3385 3385 
5450 5450 5450 5450 5450 5450 5450 5450 5450 5450 5450 5450 5450 5450 5450 5450 5450 5450 5450 5450 5450 5450 5450 5450 5450 5450 5450 5450 5450 
3025 3025 3025 3025 3025 3025 3025 3025 3025 3025 3025 3025 3025 3025 3025 3025 3025 3025 3025 3025 3025 3025 3025 3025 3025 3025 3025 3025 3025 
5661 5661 5661 5661 5661 5661 5661 5661 5661 5661 5661 5661 5661 5661 5661 5661 5661 5661 5661 5661 5661 5661 5661 5661 5661 5661 5661 5661 5661 
6027 6027 6027 6027 6027 6027 6027 6027 6027 6027 6027 6027 6027 6027 6027 6027 6027 6027 6027 6027 6027 6027 6027 6027 6027 6027 6027 6027 6027 
3580 3580 3580 3580 3580 3580 3580 3580 3580 3580 3580 3580 3580 3580 3580 3580 3580 3580 3580 3580 3580 3580 3580 3580 3580 3580 3580 3580 3580 
4282 4282 4282 4282 4282 4282 4282 4282 4282 4282 4282 4282 4282 4282 4282 4282 4282 4282 4282 4282 4282 4282 4282 4282 4282 4282 4282 4282 4282 
3096 3096 3096 3096 3096 3096 3096 3096 3096 3096 3096 3096 3096 3096 3096 3096 3096 3096 3096 3096 3096 3096 3096 3096 3096 3096 3096 3096 3096 
3692 3692 3692 3692 3692 3692 3692 3692 3692 3692 3692 3692 3692 3692 3692 3692 3692 3692 3692 3692 3692 3692 3692 3692 3692 3692 3692 3692 3692 
3264 3264 3264 3264 3264 3264 3264 3264 3264 3264 3264 3264 3264 3264 3264 3264 3264 3264 3264 3264 3264 3264 3264 3264 3264 3264 3264 3264 3264 
5795 5795 5795 5795 5795 5795 5795 5795 5795 5795 5795 5795 5795 5795 5795 5795 5795 5795 5795 5795 5795 5795 5795 5795 5795 5795 5795 5795 5795 
5898 5898 5898 5898 5898 5898 5898 5898 5898 5898 5898 5898 5898 5898 5898 5898 5898 5898 5898 5898 5898 5898 5898 5898 5898 5898 5898 5898 5898 
4238 4238 4238 4238 4238 4238 4238 4238 4238 4238 4238 4238 4238 4238 4238 4238 4238 4238 4238 4238 4238 4238 4238 4238 4238 4238 4238 4238 4238 
3812 3812 3812 3812 3812 3812 3812 3812 3812 3812 3812 3812 3812 3812 3812 3812 3812 3812 3812 3812 3812 3812 3812 3812 3812 3812 3812 3812 3812 
5845 5845 5845 5845 5845 5845 5845 5845 5845 5845 5845 5845 5845 5845 5845 5845 5845 5845 5845 5845 5845 5845 5845 5845 5845 5845 5845 5845 5845 
2997 2997 2997 2997 2997 2997 2997 2997 2997 2997 2997 2997 2997 2997 2997 2997 2997 2997 2997 2997 2997 2997 2997 2997 2997 2997 2997 2997 2997 
4627 4627 4627 4627 4627 4627 4627 4627 4627 4627 4627 4627 4627 4627 4627 4627 4627 4627 4627 4627 4627 4627 4627 4627 4627 4627 4627 4627 4627 
4472 4472 4472 4472 4472 4472 4472 4472 4472 4472 4472 4472 4472 4472 4472 4472 4472 4472 4472 4472 4472 4472 4472 4472 4472 4472 4472 4472 4472 
3907 3907 3907 3907 3907 3907 3907 3907 3907 3907 3907 3907 3907 3907 3907 3907 3907 3907 3907 3907 3907 3907 3907 3907 3907 3907 3907 3907 3907 
3410 3410 3410 3410 3410 3410 3410 3410 3410 3410 3410 3410 3410 3410 3410 3410 3410 3410 3410 3410 3410 3410 3410 3410 3410 3410 3410 3410 3410 
4075 4075 4075 4075 4075 4075 4075 4075 4075 4075 4075 4075 4075 4075 4075 4075 4075 4075 4075 4075 4075 4075 4075 4075 4075 4075 4075 4075 4075 
5846 5846 5846 5846 5846 5846 5846 5846 5846 5846 5846 5846 5846 5846 5846 5846 5846 5846 5846 5846 5846 5846 5846 5846 5846 5846 5846 5846 5846 
5373 5373 5373 5373 5373 5373 5373 5373 5373 5373 5373 5373 5373 5373 5373 5373 5373 5373 5373 5373 5373 5373 5373 5373 5373 5373 5373 5373 5373 
6446 4290 5771 4095 5069 3732 4378 5089 5224 5048 5039 4114 4797 6127 4498 4982 3306 3825 3132 2812 5134 2868 4898 3879 4856 6648 3983 6006 6174 5966 6446 4290 5771 4095 5069 3732 4378 5089 5224 5048 5039 4114 4797 6127 4498 4982 3306 3825 3132 2812 5134 2868 4898 3879 4856 6648 3983 6006 6174 5966 6446 4290 5771 4095 5069 3732 4378 5089 5224 5048 5039 4114 4797 6127 4498 4982 3306 3825 3132 2812 5134 2868 4898 3879 4856 6648 3983 6006 6174 5966 6446 4290 5771 4095 5069 3732 4378 5089 5224 5048 5039 4114 4797 6127 4498 4982 3306 3825 3132 2812 5134 2868 4898 3879 4856 6648 3983 6006 6174 5966 6446 4290 5771 4095 5069 3732 4378 5089 5224 5048 5039 4114 4797 6127 4498 4982 3306 3825 3132 2812 5134 2868 4898 3879 4856 6648 3983 6006 6174 5966 6446 4290 5771 4095 5069 3732 4378 5089 5224 5048 5039 4114 4797 6127 4498 4982 3306 3825 3132 2812 5134 2868 4898 3879 4856 6648 3983 6006 6174 5966 6446 4290 5771 4095 5069 3732 4378 5089 5224 5048 5039 4114 4797 6127 4498 4982 3306 3825 3132 2812 5134 2868 4898 3879 4856 6648 3983 6006 6174 5966 6446 4290 5771 4095 5069 3732 4378 5089 5224 5048 5039 4114 4797 6127 4498 4982 3306 3825 3132 2812 5134 2868 4898 3879 4856 6648 3983 6006 6174 5966 6446 4290 5771 4095 5069 3732 4378 5089 5224 5048 5039 4114 4797 6127 4498 4982 3306 3825 3132 2812 5134 2868 4898 3879 4856 6648 3983 6006 6174 5966 6446 4290 5771 4095 5069 3732 4378 5089 5224 5048 5039 4114 4797 6127 4498 4982 3306 3825 3132 2812 5134 2868 4898 3879 4856 6648 3983 6006 6174 5966 6446 4290 5771 4095 5069 3732 4378 5089 5224 5048 5039 4114 4797 6127 4498 4982 3306 3825 3132 2812 5134 2868 4898 3879 4856 6648 3983 6006 6174 5966 6446 4290 5771 4095 5069 3732 4378 5089 5224 5048 5039 4114 4797 6127 4498 4982 3306 3825 3132 2812 5134 2868 4898 3879 4856 6648 3983 6006 6174 5966 6446 4290 5771 4095 5069 3732 4378 5089 5224 5048 5039 4114 4797 6127 4498 4982 3306 3825 3132 2812 5134 2868 4898 3879 4856 6648 3983 6006 6174 5966 6446 4290 5771 4095 5069 3732 4378 5089 5224 5048 5039 4114 4797 6127 4498 4982 3306 3825 3132 2812 5134 2868 4898 3879 4856 6648 3983 6006 6174 5966 6446 4290 5771 4095 5069 3732 4378 5089 5224 5048 5039 4114 4797 6127 4498 4982 3306 3825 3132 2812 5134 2868 4898 3879 4856 6648 3983 6006 6174 5966 6446 4290 5771 4095 5069 3732 4378 5089 5224 5048 5039 4114 4797 6127 4498 4982 3306 3825 3132 2812 5134 2868 4898 3879 4856 6648 3983 6006 6174 5966 6446 4290 5771 4095 5069 3732 4378 5089 5224 5048 5039 4114 4797 6127 4498 4982 3306 3825 3132 2812 5134 2868 4898 3879 4856 6648 3983 6006 6174 5966 6446 4290 5771 4095 5069 3732 4378 5089 5224 5048 5039 4114 4797 6127 4498 4982 3306 3825 3132 2812 5134 2868 4898 3879 4856 6648 3983 6006 6174 5966 6446 4290 5771 4095 5069 3732 4378 5089 5224 5048 5039 4114 4797 6127 4498 4982 3306 3825 3132 2812 5134 2868 4898 3879 4856 6648 3983 6006 6174 5966 6446 4290 5771 4095 5069 3732 4378 5089 5224 5048 5039 4114 4797 6127 4498 4982 3306 3825 3132 2812 5134 2868 4898 3879 4856 6648 3983 6006 6174 5966 6446 4290 5771 4095 5069 3732 4378 5089 5224 5048 5039 4114 4797 6127 4498 4982 3306 3825 3132 2812 5134 2868 4898 3879 4856 6648 3983 6006 6174 5966 6446 4290 5771 4095 5069 3732 4378 5089 5224 5048 5039 4114 4797 6127 4498 4982 3306 3825 3132 2812 5134 2868 4898 3879 4856 6648 3983 6006 6174 5966 6446 4290 5771 4095 5069 3732 4378 5089 5224 5048 5039 4114 4797 6127 4498 4982 3306 3825 3132 2812 5134 2868 4898 3879 4856 6648 3983 6006 6174 5966 6446 4290 5771 4095 5069 3732 4378 5089 5224 5048 5039 4114 4797 6127 4498 4982 3306 3825 3132 2812 5134 2868 4898 3879 4856 6648 3983 6006 6174 5966 6446 4290 5771 4095 5069 3732 4378 5089 5224 5048 5039 4114 4797 6127 4498 4982 3306 3825 3132 2812 5134 2868 4898 3879 4856 6648 3983 6006 6174 5966 6446 4290 5771 4095 5069 3732 4378 5089 5224 5048 5039 4114 4797 6127 4498 4982 3306 3825 3132 2812 5134 2868 4898 3879 4856 6648 3983 6006 6174 5966 6446 4290 5771 4095 5069 3732 4378 5089 5224 5048 5039 4114 4797 6127 4498 4982 3306 3825 3132 2812 5134 2868 4898 3879 4856 6648 3983 6006 6174 5966 6446 4290 5771 4095 5069 3732 4378 5089 5224 5048 5039 4114 4797 6127 4498 4982 3306 3825 3132 2812 5134 2868 4898 3879 4856 6648 3983 6006 6174 5966 6446 4290 5771 4095 5069 3732 4378 5089 5224 5048 5039 4114 4797 6127 4498 4982 3306 3825 3132 2812 5134 2868 4898 3879 4856 6648 3983 6006 6174 5966 
