4159 9657 4532 9999
0 6314 480 9999
1379 4835 2294 5458
1471 828 3311 1728
2031 321 3840 828
6064 7216 7040 7960
6225 41 7566 1703
690 5458 2391 6314
8114 6026 9508 7584
5617 495 5804 659
2452 1728 3865 2904
794 9086 1188 9507
6921 4102 9999 5188
3456 7889 4039 8411
6674 8464 6758 8552
3428 3663 4093 6074
4093 4582 4945 6018
9492 9696 9792 9972
1808 478 2031 738
5386 4590 5704 8519
6941 3030 7874 3914
2021 2248 2452 2650
7813 5188 9150 6026
4363 6096 5386 9011
1205 7590 1640 9999
2391 4388 3428 6074
7193 7238 7769 9098
480 7590 1205 8986
5386 2463 6415 4590
2530 8411 4159 9999
5704 5696 6122 6185
6758 7960 7193 8489
4945 4582 5386 6096
5044 840 6225 2262
3865 840 5044 1751
0 1258 690 6314
4171 2622 5386 4582
3865 1751 5026 2622
7874 1296 9999 3139
7874 3139 9999 4102
3840 0 5617 840
7769 7584 9006 8757
644 6314 2810 7590
2810 6074 4363 7889
6927 9098 7327 9468
3437 2904 4171 3663
8575 9803 8701 9938
7502 6438 8114 7238
0 0 3840 321
690 4776 1214 5310
6415 3815 6921 4286
1640 7590 2530 9540
