2
5
15
22
25
17
19
21
9
2
23
26
8
16
14
13
18
5
11
22
20
12
1
25
15
4
7
19
2
26
16
23
22
9
8
14
10
6
21
25
26
17
18
13
19
11
22
5
1
2
15
16
26
24
23
7
9
8
4
21
18
6
25
22
15
20
2
26
1
19
13
10
16
12
23
14
5
18
11
22
9
8
25
26
4
17
16
15
21
2
7
19
6
22
11
13
23
18
1
8
26
5
25
16
9
10
22
20
14
2
23
18
11
19
21
15
7
4
24
17
26
13
2
5
8
16
1
18
15
10
22
23
19
25
14
6
2
12
11
9
20
16
4
7
26
18
23
13
21
8
15
22
5
1
25
17
2
19
23
16
3
11
8
18
13
10
15
9
26
7
21
19
14
24
4
1
23
22
16
25
6
20
2
8
5
15
18
26
13
9
19
11
1
7
17
16
21
23
22
25
12
8
2
26
15
5
14
4
18
22
16
21
10
19
23
9
1
25
20
13
26
2
7
11
15
8
5
16
23
22
6
21
19
18
14
9
1
10
23
24
26
25
15
17
11
4
2
16
12
22
20
13
8
21
9
7
18
25
5
23
19
1
22
16
2
26
11
14
15
7
6
18
8
13
12
23
4
25
22
5
2
10
20
17
9
21
16
8
19
1
26
18
6
14
24
11
23
15
25
2
22
7
5
13
19
16
8
1
23
18
20
9
26
21
4
17
22
12
10
15
25
2
14
5
11
8
19
16
1
6
18
15
22
26
23
9
7
4
13
14
20
2
21
25
24
11
15
26
16
8
22
18
23
5
19
1
10
9
7
21
2
16
23
18
3
