114
6948 1666 8307 1960
6720 6013 7210 6805
1323 2426 1487 3559
1396 6161 1774 7779
8351 6071 8795 6226
5965 4883 6455 5098
3923 4280 4891 4640
2733 1011 4646 1644
8686 0 10000 1070
7076 1960 7367 2760
6038 8735 7760 9722
910 3894 2894 4469
0 3478 190 4751
2027 5625 2609 7965
6616 4883 6762 5798
4688 3543 4897 4280
1691 0 2289 3375
1695 8742 3777 10000
5584 8704 5740 9662
5222 84 5517 1413
6908 4259 7764 4650
6656 1350 6726 1716
5861 2373 6702 2874
3684 6813 4687 7319
3777 9378 4937 10000
7512 0 8663 1023
9546 3650 9994 4499
5871 0 7003 343
4012 2006 4688 3685
5965 5098 6455 5506
8846 4679 10000 5184
709 824 1323 2957
3846 7319 4629 8742
4841 5830 7223 6013
9720 2364 10000 3650
8441 3437 9179 4142
5035 8213 7440 8369
6384 3487 6626 4650
3204 4023 3923 4591
2961 3916 4446 4023
5517 1260 6121 2213
6626 3736 7367 4259
3345 0 4188 982
5740 8735 6038 9454
4688 1180 5222 2540
0 3142 1139 3472
7760 8704 10000 8960
5496 2874 6605 3487
0 0 618 273
785 5050 817 5535
7940 1960 8441 4142
7367 2321 7940 4259
2486 2184 3242 3132
4817 8023 7358 8206
3242 1644 4012 2436
2289 187 2733 2124
1204 4990 3199 5625
910 5917 1396 7779
8761 8229 10000 8448
7223 5551 7248 6800
2039 3375 3664 3894
4927 8369 8761 8487
9243 4198 9523 4496
618 61 1053 824
6366 1260 6621 1552
7485 5709 7914 6917
1066 9269 1687 10000
0 8590 338 8902
5894 411 7512 1260
5012 6013 6456 6319
0 273 430 2508
350 3929 812 4413
430 273 618 1369
3684 5780 4841 6538
6702 3165 7271 3394
7485 6917 8943 7623
190 3929 350 4166
0 8902 219 10000
6265 6805 7485 7743
335 4469 3089 4990
4629 8487 6279 8704
3242 2437 3585 3166
437 8827 1066 10000
380 4990 772 7779
9115 9040 10000 10000
0 4990 380 8590
6137 1260 6366 1943
7250 5551 9643 5709
7485 7623 8636 7789
2609 6057 3684 7514
3199 5575 6616 5780
2746 7514 3221 7763
6702 2763 7268 3123
8979 7460 10000 8004
8431 7789 8855 8229
7893 1023 8192 1041
3212 4940 5965 5575
7260 5709 7428 6579
4897 3909 6384 4650
5295 1413 5517 2698
729 7779 1695 8827
0 2508 545 3142
7104 4844 8846 5551
9643 5492 10000 6091
4145 6538 6617 6805
5867 4650 7104 4883
190 3472 826 3929
3120 8131 3846 8637
4937 8719 5584 10000
8266 8960 9115 10000
4741 2540 5295 2633
6121 1943 6589 2373
2812 0 3283 846
1657 6057 2027 6107
114
7194 1828 9719 2443
7088 5937 7282 6669
1006 2858 1613 3148
1463 6736 1687 7729
8352 6071 8512 6226
6426 2699 6489 5074
3904 4413 4870 4639
3041 1059 4843 1858
8406 0 10000 1048
7295 2599 7811 2945
6016 8670 7821 9612
1032 4013 2511 4762
0 3933 156 4787
1687 6557 2893 8159
6479 5111 8532 5595
4542 3453 4870 3896
1977 2196 2263 3181
1728 9292 2774 10000
5550 8670 5697 9405
5411 1192 5842 1895
6564 3509 7174 4700
6536 1534 6748 1831
6507 1831 6771 2912
2893 6850 5385 7303
2774 9581 5724 10000
7350 77 8022 958
9436 3684 10000 4336
5585 0 6798 457
3718 2087 4878 3230
6250 4601 6397 5175
8711 5020 10000 5487
1006 877 1977 2858
4088 8170 5107 8912
5805 5904 7088 6742
9720 2626 10000 3634
8052 3819 9339 4186
5324 8170 6418 8369
6397 4505 6426 5219
2878 4255 3904 4534
2956 4013 4090 4255
6113 1192 6179 1462
7174 3149 7357 4909
3605 185 4623 1059
5697 8670 5948 9414
4843 505 5411 1930
0 3168 1084 3365
7821 8737 10000 8940
5034 2912 6120 3513
0 0 503 689
787 5244 956 5399
8052 2443 9087 3819
7357 2991 8052 4698
2263 2317 2719 3181
5490 7303 6506 8170
2263 2072 3549 2317
1977 714 3030 1522
1907 4914 3553 6182
851 6832 1463 7729
8805 8133 10000 8454
6783 5736 7438 5780
2052 3181 3718 4013
5515 8410 6352 8670
8734 4388 9500 4567
633 51 1006 1113
6516 1192 8245 1487
7282 5823 8017 6487
1079 9292 1728 10000
0 8186 525 8885
5810 457 7350 1192
5168 5926 5805 6549
0 882 532 2672
588 3933 1032 4653
503 420 633 819
3553 5364 4722 6180
6771 2638 7017 3509
7556 6794 9520 7562
193 3933 224 4526
0 8885 249 9292
6506 6742 7464 7909
1491 4762 2466 4914
5107 7866 5324 8912
2719 2541 3549 3181
0 9292 974 10000
508 6736 851 7499
9115 9040 10000 10000
0 6557 508 8186
6179 1192 6356 1462
7438 5595 8668 5823
7464 7562 8021 8086
161 6182 3853 6557
4722 5207 6397 5838
2893 7608 3054 8099
6574 2991 6771 3509
8747 7793 10000 8133
8431 7815 8747 8065
7968 958 8168 1027
3553 4762 6250 5207
7174 5595 7428 5736
4872 3513 6170 4762
5411 1895 5914 2146
658 8159 2174 9292
0 2672 1006 3168
7357 4698 10000 5020
9434 5489 10000 5659
3914 6180 5168 6850
6489 4700 6728 4970
0 3447 1130 3933
3763 8117 4088 8806
3348 8912 5550 9581
8193 8940 9032 10000
4878 2146 4941 2757
5914 1462 6507 2699
2803 0 3605 553
1583 5788 1761 6116
114
7589 1411 10000 2117
7103 6015 7239 7035
1451 1596 1635 3206
1459 6568 2097 7904
8352 6071 8512 6226
6267 4904 6479 5094
3770 4609 5198 4702
3093 984 5304 1426
8688 0 10000 1294
7267 2311 7512 2789
5823 8710 7930 9410
1029 4204 2747 4493
0 4183 284 5046
2097 5913 2722 7904
6479 4904 7068 6024
4568 3530 5251 4002
1635 1675 2532 3206
1322 9353 3475 10000
5506 9184 5764 9659
5331 381 5763 1684
7042 3187 7163 4445
6683 1351 6981 1587
5734 2311 7267 2898
3563 6837 4636 7858
3475 8963 4949 10000
7147 0 8599 1022
9039 2691 9701 3874
4650 0 6307 258
3585 1426 4568 3781
6106 5115 6479 5406
8719 4579 10000 5492
830 1257 1443 3206
3892 7858 4700 8963
5699 5633 6479 6015
9720 2640 10000 3634
8673 3447 9039 3992
5616 8138 6553 8249
5198 4609 7070 4700
2747 4276 3770 5024
2437 3907 3763 4047
5775 571 6202 1463
7163 3089 7223 4445
3058 316 4309 984
5506 8487 5823 8838
4739 1426 5195 1723
116 3257 2154 3490
8153 8495 9730 8834
4878 2706 5604 3515
0 0 966 249
729 5267 835 5415
7843 2584 8673 4269
7223 2898 7843 4197
2539 2010 2721 3688
5388 6856 6493 8138
2771 1647 3443 2375
1771 627 2771 1675
1487 5083 3203 5686
886 5654 1459 7836
8751 7840 9256 8470
7070 4904 7238 5900
2900 2924 3585 3907
5228 8250 7046 8487
9198 4372 9678 4537
595 465 1771 1257
6415 1048 6630 1847
7332 5859 7955 6985
566 8673 3448 9353
0 7919 562 8949
6307 0 7147 1004
5735 6024 6691 6677
0 249 437 1257
313 3878 1029 4927
437 249 595 1126
3215 5854 5240 6236
6718 3175 6851 4156
7640 6985 8535 7608
0 3920 274 3982
0 8949 566 9445
6582 7008 7103 8250
1353 4493 2747 5083
4700 8487 5506 8959
3164 2375 3585 2924
0 9445 1322 10000
226 5415 886 7904
9077 8975 10000 10000
0 5405 226 7919
6202 1004 6415 1849
7337 5660 7919 5859
7530 7608 8588 7799
2743 6236 3563 7548
5104 4854 6106 5633
2722 7623 3008 8168
5952 2987 7163 3175
9256 7391 10000 8152
7530 7814 8618 7982
7995 1022 8168 1039
3209 5024 5104 5826
7239 4904 7332 7466
5182 4156 7042 4609
5289 1684 5734 2423
803 7904 2290 8542
0 2385 830 3257
7627 4269 8700 5660
9532 5492 10000 5591
3819 6236 5735 6837
6106 4700 7399 4904
0 3490 2035 3720
3163 8266 3892 8673
4992 9410 5506 10000
7930 8851 9077 10000
4914 2444 5065 2586
5780 1849 7589 2311
2815 0 4650 211
1682 6070 1875 6196
114
6814 1172 8049 2139
7113 5589 7189 7770
934 3034 2264 3444
1453 7198 2949 7791
8355 6071 8512 6226
6439 5018 6578 5619
3665 4542 5267 4664
2796 993 5014 1301
8534 0 9899 1051
7172 2422 7328 2960
6290 8689 7571 10000
1609 3497 2891 4334
0 4166 364 4717
1453 6110 2314 7198
6586 4628 7037 6444
4694 3466 4798 4453
1918 876 2279 3034
1631 7858 3499 9543
5618 8997 5979 9363
5192 392 5956 1301
7143 4356 8884 4653
6669 1439 6772 1657
5682 2530 7172 2949
3777 7162 5853 7410
2113 9562 5823 10000
7601 0 7973 1172
9393 2650 9703 4384
5203 0 6177 392
3868 1940 4910 2904
6235 4707 6403 5190
8825 5135 9527 5962
899 616 1918 3034
3905 7617 4416 9562
5853 5883 6556 7316
9720 2873 10000 3634
8676 3878 9086 4267
5777 8203 7208 8261
5267 3791 6806 4628
2144 4334 3665 4615
3307 4011 4694 4139
5956 392 6123 2139
7008 2960 7369 4207
3590 0 4803 993
5618 8533 5979 8997
3665 1301 5662 1717
251 1833 850 3444
8558 8544 9150 9471
4910 3067 6120 3466
0 0 2231 354
790 5162 831 5573
8049 1967 8676 4344
7369 3099 8010 4356
2279 2696 2714 3095
4965 7410 6197 8130
2286 2048 3868 2288
2378 277 2796 2048
969 5224 2946 5997
988 6157 1453 7648
8724 7884 9331 8544
7200 5018 7259 7801
2891 2904 4079 3509
5541 8261 7190 8533
9246 3970 9393 4549
0 642 850 857
6312 1231 6662 1683
7411 5018 7503 8662
942 8828 1631 10000
0 8107 715 8751
6312 535 7601 1172
5108 5915 5793 6503
46 857 899 1797
747 4334 1965 5018
0 354 1825 616
4237 5217 4910 6534
6120 3325 6991 3504
7676 7332 10000 7550
14 3927 230 3996
0 8763 326 9251
6197 7316 7062 7791
1965 4664 3361 5224
4416 8130 5541 8965
2722 2288 3868 2904
0 9251 942 10000
0 5018 763 7791
9150 8840 10000 10000
0 7791 1631 7991
6185 794 6312 2414
7503 5544 8280 7332
7503 7733 8223 8142
2314 5997 4237 6643
5387 4664 6010 5883
2949 7592 3196 7814
5814 2949 6845 3067
9331 7550 10000 8726
8464 7603 8959 7873
7997 1024 8534 1033
3361 4664 5387 5217
7259 5710 7349 7430
4798 3466 5267 4304
5216 1891 5637 2431
715 7991 1560 8800
0 2088 227 3444
7037 4653 10000 5018
9738 5443 10000 5594
4237 6534 4885 6992
6403 4761 6586 4861
0 3444 1018 3927
3499 8227 3834 8738
4481 8965 5519 9543
7825 8676 8558 10000
4910 2431 5245 2684
6312 1683 6814 2414
2347 0 3590 277
1453 6080 2179 6110
114
6540 1794 10000 2219
7148 5911 7265 6873
1443 3026 1708 3492
1442 6215 1765 7898
8355 6071 8512 6226
5583 4705 6467 5125
3620 4533 5631 4643
3289 1092 4213 2202
8584 0 9899 1051
7296 2561 8628 2752
5907 8527 7241 9862
1635 3541 2859 4437
0 2199 101 4715
1765 6797 2611 7247
6623 4407 7223 5911
3303 3501 5090 3579
1710 841 2490 3182
1727 9206 3508 9751
5455 9182 5907 9493
5172 442 5453 2308
6984 4195 9125 4374
6608 1512 6973 1627
4973 2803 9424 2929
2611 7085 6650 7479
3548 9023 4960 10000
7095 259 7994 1794
9424 2588 9713 3908
5501 0 7756 259
2961 2596 5915 2803
5498 5125 6623 5214
8843 4624 9951 5173
1203 841 1710 3026
3936 7479 4659 8861
5912 5911 7148 7053
9720 3142 10000 3634
8652 3908 9768 4060
5723 8225 8329 8244
5908 3783 6467 4705
2671 4460 3620 4762
2859 4005 4465 4115
5622 1106 6181 2596
7069 3175 7183 4195
2490 516 4213 991
5592 8732 5907 9182
4373 560 5172 2258
484 2453 1203 3849
7241 8732 10000 8907
5230 3092 5908 4027
0 0 580 499
714 5229 904 5316
7502 3023 9347 3744
7194 3744 8514 4195
2490 2563 2906 3321
5453 7479 6652 8225
2716 2202 4373 2563
2498 1005 3289 1998
1442 5217 3367 6076
1010 5653 1442 7749
8796 8138 9336 8544
7223 5729 9395 5853
1766 3321 4554 3501
5543 8244 8605 8527
9015 4438 10000 4624
395 499 2073 841
6411 1106 7095 1409
7265 5853 7957 6715
539 9015 1727 9583
0 8621 1545 8794
5770 259 7040 1106
5498 5768 5888 6783
0 886 1179 2090
137 4021 1094 4850
580 0 1710 499
3615 5848 4986 6449
6750 3051 6842 3783
7512 6715 8401 7574
101 3762 228 3972
0 8794 539 9751
6652 7312 7501 8154
1094 4437 2671 5131
4659 7717 5453 8899
2906 2875 4678 3182
79 9751 2591 10000
696 5370 1010 8381
9150 8979 10000 10000
0 5212 696 8573
6210 1167 6411 2137
7225 5173 9742 5678
7512 7743 8117 8096
2789 6076 3615 7022
5498 5279 6623 5647
2612 7622 3046 7749
6136 2929 8583 3018
8816 7671 10000 8138
8464 7207 8690 7869
7997 1024 8534 1033
3367 4762 5498 5776
7223 5692 10000 5729
2881 4115 5631 4460
5453 984 5621 2385
1254 7898 3522 8605
101 2409 433 3421
7471 4380 8521 5173
9742 5566 10000 5692
3941 6449 5339 7085
6467 4374 6623 4995
228 3492 484 4021
3508 8605 3902 8806
4960 8899 5455 10000
7886 8907 9090 9857
4695 2489 4960 2554
6277 2219 8051 2554
2749 0 4426 331
1561 6076 1808 6131
114
7418 1844 9660 2478
7148 5903 7265 6863
1128 3070 1626 3352
1122 7658 4030 7942
8355 6071 8512 6226
5107 4810 6477 5095
2925 4596 5504 4644
3075 1006 4839 1378
8691 71 10000 1309
7042 2701 9560 2769
5868 8731 7622 9496
1745 3002 2454 4381
0 3269 138 4725
1479 6481 3671 7028
6556 4062 6921 5753
4656 3440 5088 3791
1687 1249 2474 3002
1721 8622 3848 9654
5474 8720 5623 9502
4839 449 5499 1359
6921 3226 7176 5740
6396 1530 7473 1568
6438 2769 9935 2969
1481 7106 5871 7337
3944 9025 5029 10000
7598 0 8648 1019
9269 2969 9710 3940
4713 71 6875 239
3878 2236 4888 3312
5086 5095 6477 5141
8351 5058 10000 5347
715 1340 1435 3070
4030 7445 4472 9025
5871 5425 6556 7406
9720 3142 10000 3632
7508 3835 9019 3940
5469 8222 9075 8245
5645 2608 6438 4728
1444 4381 3986 4479
2903 4001 3395 4312
5623 542 6155 2608
7176 3072 7328 5242
3071 229 4244 1006
5629 8720 5821 9442
3715 1378 5372 2236
503 1565 715 5700
7622 8720 9804 8934
5117 2848 5623 3892
0 0 7189 71
780 5230 1011 5298
7469 3051 9157 3835
7328 3940 10000 4471
2539 2011 2817 3117
5469 7898 10000 8202
2829 2236 3878 2516
2474 354 3071 1591
1482 5124 2872 5960
1128 4479 1479 7658
8805 8400 9876 8641
7002 5742 9533 5851
2454 3334 4640 3920
5602 8245 8661 8661
7916 4486 9970 4522
0 549 1448 826
6294 1363 8968 1521
7265 5859 7653 7106
639 8702 1721 9700
0 8092 867 8702
6325 498 7598 1310
5495 5955 5871 6734
177 826 2461 1249
729 3074 1128 5152
0 201 1513 549
4071 5859 5389 6734
6556 3083 6853 3403
7732 6715 8401 7527
171 3882 225 4096
0 8855 519 10000
5539 7533 9090 7706
1667 4690 2872 5124
4472 7364 5469 9025
2817 2519 3854 3334
519 9700 3944 10000
277 5700 1122 8010
9150 8979 10000 10000
0 4789 235 8092
6189 239 6259 2299
7176 5347 9687 5671
6183 7749 8320 7849
2483 5960 4071 6481
5086 5556 5871 5859
1479 7600 3111 7630
6703 2982 9157 3051
9299 7304 10000 7898
8414 7706 8955 7849
7986 1024 8268 1033
3570 4644 5086 5770
7176 5671 10000 5729
4018 3920 5605 4595
5372 1359 5499 2195
1122 7942 3490 8596
0 1645 232 3269
7486 4572 10000 5058
9687 5474 10000 5575
3799 6740 5871 7065
6477 2969 6556 5193
279 1249 474 5361
3490 8267 3841 8622
5060 9502 7092 10000
8253 8934 9090 10000
4934 2535 4956 3440
6294 1654 7418 2284
1754 71 4713 216
1686 5960 1766 6150
114
7418 1844 9660 2478
7148 5970 7265 7539
1459 1596 1518 3566
1500 7638 3980 7929
8355 6071 8512 6226
6395 4918 10000 5117
3599 4490 5450 4633
3113 965 4262 1829
8691 71 10000 1309
7042 2701 9560 2769
5911 8805 8345 9282
1850 3703 3085 4609
0 3129 147 4633
1500 6596 3236 7125
6401 5148 6708 7607
4610 3533 5534 3687
1553 1224 2504 3210
1594 8789 3313 9855
5558 9282 6402 9391
5154 415 5454 1803
6626 3364 7151 4633
6396 1530 7473 1568
6676 2769 10000 2989
1619 7139 4505 7545
3313 9053 4956 9768
7384 0 8672 1023
9280 3051 9710 3926
4269 71 6203 289
3708 2147 4768 3159
6370 4893 6395 7096
6723 5117 10000 5290
525 1304 1405 3232
3988 7630 4505 8891
6016 4829 6370 7755
9720 3142 10000 3632
7508 3835 9019 3926
5436 8216 10000 8234
5781 2582 6626 4633
3085 4406 5781 4487
3085 3782 3541 4071
5551 290 6204 2582
7151 3072 7316 4633
3236 180 4208 965
5638 8707 5874 9269
4262 407 5154 2147
508 3232 1358 4078
6050 8659 10000 8774
4982 2582 5609 3487
0 0 7347 60
610 5251 798 5328
7507 3075 9280 3810
7316 3926 9851 4463
2504 1622 2710 3110
5436 7911 10000 8211
2717 1934 3531 2304
2504 352 3113 1622
1087 5033 3366 5876
947 5876 1500 7616
8805 8400 9876 8605
6971 5744 10000 5848
1518 3348 4610 3703
5436 8234 8729 8659
7325 4471 10000 4495
0 549 1523 819
6294 1381 9380 1521
7265 5859 7653 7106
665 8784 1594 9731
0 8649 3328 8784
6263 65 7384 1377
5653 5786 5830 7731
0 823 2244 1224
528 4078 1850 4633
0 216 1492 549
3158 5876 4788 6352
6683 3083 7107 3364
7732 6715 8401 7527
184 3882 225 4148
0 8886 665 9973
6723 7554 9399 7755
508 4834 4445 5015
4505 6352 5436 8919
2764 2304 3708 3271
729 9855 10000 10000
464 5486 947 8094
9144 8774 10000 9731
0 5110 464 8422
6204 166 6263 2493
6945 5290 9656 5679
5997 7755 8420 7855
1772 5977 3158 6596
5830 4871 5981 7411
1331 7616 4505 7630
6686 2989 10000 3051
9483 6959 10000 7896
8420 7757 9179 7849
7986 1024 8268 1033
3366 5015 5796 5786
6708 5679 10000 5729
3541 3711 5731 4406
5464 296 5551 2328
464 8098 3492 8557
0 1638 217 3129
7374 4524 10000 4899
9730 5474 10000 5590
3236 6352 4505 6883
0 4633 7168 4789
225 1375 508 4633
3811 8095 3988 8786
5043 9395 8030 9731
8345 8774 9144 9731
4934 2534 4956 3492
6294 1654 7418 2246
129 71 3169 215
1738 6029 1763 6596
114
7418 1844 9660 2478
7148 5970 7265 7539
1450 1856 1504 4076
1434 7638 4041 7954
8355 6071 8512 6226
6297 4907 10000 5114
3599 4519 5530 4631
3058 965 4221 1767
8691 71 10000 1309
7042 2701 9560 2769
5771 8779 8089 9300
2174 3524 3067 4415
0 3129 147 4631
1492 6772 3786 7241
6419 5137 6756 7257
3946 3559 4963 3687
1726 298 2451 3064
1726 8760 3302 9795
5429 9317 6571 9391
5213 243 5470 2707
6569 3440 7148 4477
6396 1530 7473 1568
6682 2769 10000 2989
1593 7241 4781 7582
3302 8629 4808 9815
7357 70 8687 1020
9280 3051 9710 3920
3934 71 6200 240
3463 1957 4846 2728
6362 5137 6392 7634
6861 5114 9848 5287
634 1387 1429 3209
4041 7636 4781 8629
5774 5964 6354 7918
9720 3142 10000 3632
7508 3835 9019 3930
5408 8217 10000 8234
5636 2389 6569 4631
2305 4415 5188 4519
3067 3829 3461 4225
5553 307 6200 2389
7158 3047 7355 4477
3067 252 4183 965
5526 8707 5764 9260
4221 245 5194 1878
512 3209 1444 4147
5870 8665 10000 8779
4963 2777 5600 3680
182 0 10000 70
584 5251 806 5318
7507 3075 9280 3810
7355 3930 10000 4461
2451 1720 2707 3095
5459 7919 10000 8213
2717 1934 3398 2383
2511 352 3058 1720
1769 5090 3430 6293
1046 5094 1492 7616
8805 8400 9876 8605
7210 5750 10000 5857
1563 3138 4607 3519
5554 8234 8790 8649
6762 4477 10000 4495
0 549 1450 862
6368 1381 9380 1521
7265 5859 7653 7106
515 8687 1725 9763
0 8522 3302 8687
6325 76 7357 1353
5556 5932 5774 7732
0 862 1717 1387
605 4147 2174 4621
0 216 1572 549
3613 5877 4781 6535
6683 3083 7107 3364
7732 6715 8401 7527
147 3882 225 4027
0 8836 515 9815
6836 7543 9385 7772
468 4827 3430 5082
4808 6069 5408 9456
2707 2728 4936 3138
124 9815 10000 10000
468 5440 978 8522
9153 8835 10000 9795
0 4793 468 8522
6200 286 6325 1597
6872 5287 9615 5668
6784 7775 8296 7903
1635 6293 3613 6739
5118 4802 6297 5905
1247 7616 4600 7630
6622 2989 10000 3047
9486 6959 10000 7896
8451 7772 9269 7872
7986 1024 8268 1033
3430 4793 5118 5862
7234 5688 10000 5734
3461 3688 5596 4415
5470 242 5540 2777
1103 7954 3708 8522
0 1638 217 3129
7248 4495 10000 4907
9730 5474 10000 5590
3786 6535 4781 7176
46 4631 7248 4793
236 1446 512 4631
3824 7954 4025 8624
4891 9486 8089 9784
8089 8779 8940 9795
4936 2417 4956 3492
6294 1654 7418 2238
129 71 3169 215
1738 5448 1763 6177
114
7418 1844 9660 2478
7148 5970 7265 7539
1452 1335 1499 3961
1515 7638 3939 7942
8355 6071 8512 6226
6285 4887 10000 5124
3599 4519 5530 4631
3122 965 4199 1890
8691 71 10000 1309
7042 2701 9560 2769
5777 8770 8140 9315
2059 3568 3018 4431
0 3129 147 4631
1535 6667 3480 7122
6397 5137 6817 7493
3871 3568 4963 3687
1504 1229 2495 3123
1735 8703 3553 9800
5511 9317 6815 9391
5216 243 5470 2683
6589 3368 7149 4418
6396 1530 7473 1568
6682 2769 10000 2989
1606 7122 4530 7522
3553 8794 4998 9800
7436 74 8687 1020
9280 3051 9710 3920
3934 71 6200 240
3463 1933 4846 2663
6372 5124 6396 7914
6879 5124 10000 5290
527 1194 1402 3204
3977 7522 4562 8794
5774 5965 6354 7906
9720 3142 10000 3632
7508 3835 9019 3929
5410 8219 10000 8234
5575 2359 6589 4631
2059 4437 5558 4519
3099 3743 3407 4235
5548 247 6210 2359
7149 3064 7352 4427
3121 252 4183 965
5526 8707 5764 9260
4199 245 5216 1933
537 3204 1444 4063
5992 8658 10000 8770
4970 2683 5575 3651
0 0 10000 71
584 5251 823 5311
7507 3075 9280 3810
7352 3929 10000 4473
2499 1557 2707 3095
5410 7914 10000 8219
2717 1934 3398 2383
2511 352 3121 1557
1786 5081 3377 6232
1126 5327 1491 7984
8805 8400 9876 8605
6817 5731 10000 5859
1715 3123 4915 3568
5494 8247 8799 8658
6615 4477 10000 4494
0 549 1487 824
6368 1381 9380 1521
7265 5859 7653 7106
516 8701 1735 9800
0 8579 3782 8701
6305 76 7436 1341
5556 5965 5774 7732
0 824 2506 1194
582 4101 2059 4647
0 216 1572 549
3491 5881 4522 6579
6683 3083 7107 3364
7732 6715 8401 7527
147 3882 225 4027
0 8726 469 10000
6812 7543 9373 7772
537 4832 3239 5081
4562 6075 5410 8794
2707 2728 4936 3109
469 9800 10000 10000
635 5441 1126 8578
9153 8835 10000 9795
0 5888 635 8554
6210 73 6305 1597
6864 5290 9729 5689
6960 7775 8412 7906
1491 6232 3491 6667
5108 4832 6280 5924
1896 7616 3930 7638
6635 2989 10000 3045
9486 6959 10000 7896
8470 7772 9288 7872
7986 1024 8268 1033
3377 4842 5108 5881
6907 5689 10000 5731
3407 3718 5575 4437
5470 386 5548 2683
1148 7984 3773 8545
0 1638 217 3129
7089 4521 10000 4872
9729 5474 10000 5590
3558 6579 4530 7122
523 4647 6996 4832
226 1229 523 5888
3804 7999 3955 8794
5038 9472 8208 9797
8208 8783 9096 9795
4936 2417 4956 3492
6294 1654 7418 2238
129 71 3169 215
1738 5397 1763 6108
114
7418 1857 9660 2478
7148 5970 7265 6893
1452 1432 1499 3961
1196 7638 3801 7928
8355 6071 8512 6143
6383 4890 10000 5119
3315 4533 5530 4631
3122 1029 4184 1905
8691 326 10000 1381
7042 2710 9560 2769
5777 8786 8140 9315
2005 3597 3160 4441
0 3270 147 4631
1557 6658 3536 7186
6397 5130 6739 7900
3871 3570 4963 3683
1516 1200 2506 3131
1732 8689 3711 9814
5511 9324 6815 9391
5228 254 5470 2814
6642 3366 7166 4633
6396 1530 7473 1553
6682 2773 10000 2989
1574 7192 4695 7614
3711 8742 5059 9812
7410 73 8687 1008
9280 3067 9710 3920
3934 81 6200 240
3370 2026 4836 2676
6367 5119 6396 7638
6770 5119 10000 5283
535 1189 1426 3108
3987 7614 4759 8689
5792 5965 6367 7892
9720 3189 10000 3632
7524 3835 9019 3925
5750 8211 9363 8234
5596 2255 6642 4631
2059 4442 5558 4524
3160 3685 3407 4235
5547 264 6210 2255
7166 3060 7336 4630
3121 261 4183 965
5542 8732 5764 9301
4189 319 5199 2026
536 3108 1440 4090
6006 8660 10000 8770
4970 2843 5575 3740
0 0 10000 71
718 5119 793 5307
7507 3079 9280 3810
7336 3925 10000 4468
2506 1602 2707 3095
5534 7904 10000 8209
2717 1941 3370 2383
2513 259 3121 1443
1774 5085 3325 6166
1121 5094 1557 7635
8805 8415 9876 8605
6740 5731 10000 5859
1795 3134 4902 3570
5534 8246 8794 8660
7426 4468 9779 4495
0 549 1487 817
6368 1381 9380 1520
7265 5859 7653 7099
415 8700 1732 9810
0 8574 3748 8689
6304 72 7410 1349
5558 5965 5774 7665
1 817 2461 1189
542 4090 2005 4578
585 234 2157 549
3739 5876 4712 6629
6683 3104 7107 3364
7732 6797 8401 7527
147 3898 225 4027
0 8693 411 10000
6817 7540 9373 7768
744 4832 3256 5085
4765 5965 5534 8732
2707 2676 4633 3099
414 9814 10000 10000
610 5351 1121 8554
9096 8837 9943 9795
0 5875 610 8574
6210 96 6304 1597
6739 5283 9739 5689
6907 7775 8412 7901
1588 6197 3739 6649
5025 4835 6367 5965
1966 7616 3930 7638
6658 2989 10000 3045
9486 7116 10000 7896
8470 7777 9288 7872
7986 1024 8268 1032
3325 4826 5025 5876
6907 5691 10000 5731
3407 3740 5575 4441
5470 419 5547 2683
1139 7928 3798 8566
0 1721 217 3129
7367 4495 10000 4890
9739 5474 10000 5590
3536 6655 4765 7189
596 4633 7367 4826
226 1189 529 5875
3801 7912 3951 8732
5062 9481 8208 9797
8208 8829 9096 9795
4936 2523 4956 3492
6294 1716 7418 2238
129 71 3169 198
1738 5431 1763 6108
114
7418 1857 9660 2478
7148 5970 7265 6893
1455 1176 1502 3705
1119 7638 3730 7928
8355 6071 8512 6143
6390 4871 10000 5091
3381 4533 5580 4631
3122 1029 4184 1905
8691 326 10000 1381
7042 2710 9560 2769
5777 8786 8140 9315
2079 3566 3133 4441
0 3270 147 4631
1556 6699 3545 7199
6397 5143 6749 7906
3878 3570 4970 3683
1516 1207 2506 3159
1751 8686 3737 9809
5511 9324 6815 9391
5228 375 5475 2780
6580 3366 7156 4502
6396 1530 7473 1553
6682 2773 10000 2989
1550 7212 4568 7614
3737 8698 5059 9800
7337 73 8687 1022
9280 3067 9710 3920
3934 81 6200 240
3370 2025 4900 2703
6367 5121 6396 7658
6806 5091 10000 5261
538 1207 1455 3132
3949 7620 4756 8698
5792 5965 6367 7892
9720 3189 10000 3632
7524 3835 9123 3922
5809 8211 9422 8234
5580 2253 6580 4632
2079 4442 5571 4524
3133 3566 3407 4116
5554 243 6210 2253
7156 3048 7360 4495
3121 257 4183 961
5555 8732 5777 9301
4189 319 5219 2025
538 3132 1440 4075
6006 8660 10000 8770
4970 2786 5575 3729
0 0 10000 71
718 5119 793 5307
7507 3079 9280 3810
7360 3922 10000 4468
2506 1602 2707 3095
5572 7906 10000 8209
2717 1941 3370 2383
2513 259 3121 1443
1766 5098 3388 6282
1121 5109 1544 7605
8805 8415 9876 8605
6782 5731 10000 5859
1558 3159 4890 3566
5572 8239 8794 8660
7426 4468 9779 4495
0 549 1625 817
6368 1381 9380 1520
7265 5859 7653 7099
405 8683 1746 9809
0 8558 3739 8677
6304 72 7337 1367
5572 5965 5788 7722
0 828 2490 1176
540 4075 2079 4578
585 234 2157 549
3855 5876 4777 6698
6683 3104 7107 3364
7732 6797 8401 7527
147 3898 225 4027
0 8677 405 10000
6817 7540 9373 7768
776 4833 3358 5098
4777 5975 5572 8698
2746 2703 4922 3099
546 9809 10000 10000
600 5331 1119 8555
9096 8837 9943 9795
0 5964 600 8558
6210 96 6304 1597
6782 5261 9725 5692
6907 7775 8412 7901
1544 6282 3855 6699
5005 4833 6363 5965
1966 7616 3930 7638
6658 2989 10000 3045
9486 7116 10000 7896
8470 7777 9288 7872
7986 1024 8268 1032
3388 4833 5005 5876
6782 5692 10000 5731
3407 3729 5575 4441
5475 256 5547 2777
1121 7928 3798 8558
0 1721 217 3129
6871 4502 10000 4871
9739 5569 10000 5692
3545 6699 4775 7212
538 4632 6843 4833
226 1176 538 5964
3808 7774 3949 8695
5062 9481 8208 9797
8208 8829 9096 9795
4936 2523 4956 3492
6294 1716 7418 2238
129 71 3169 198
1738 5431 1763 6108
114
7418 1857 9660 2478
7148 5970 7265 6893
1469 1192 1516 3822
1130 7638 3817 7928
8355 6071 8512 6143
6369 4882 10000 5102
3325 4533 5570 4631
3127 1029 4216 1905
8691 326 10000 1381
6611 2710 9129 2769
5777 8786 8140 9315
2005 3571 3146 4441
0 3270 147 4631
1580 6699 3507 7233
6396 5130 6750 7911
3878 3570 4970 3683
1516 1207 2506 3159
1751 8686 3711 9810
5511 9324 6815 9391
5228 268 5475 2780
6592 3362 7150 4632
6396 1530 7473 1553
6682 2773 10000 2989
1584 7233 4768 7614
3711 8696 5062 9800
7393 73 8687 1022
9259 3080 9710 3919
3934 81 6200 240
3370 2025 4900 2703
6367 5121 6396 7658
6751 5102 10000 5264
545 1186 1455 3115
3949 7617 4773 8696
5792 5968 6367 7895
9720 3189 10000 3632
7491 3835 9123 3919
5809 8211 9599 8233
5570 2290 6592 4632
2008 4442 5536 4524
3146 3565 3407 4116
5554 243 6211 2290
7153 3048 7352 4495
3112 257 4183 961
5555 8732 5777 9301
4216 251 5219 2025
538 3115 1461 4091
6006 8660 10000 8770
4970 2786 5570 3729
0 0 10000 71
718 5119 793 5307
7463 3079 9238 3810
7352 3919 10000 4468
2506 1602 2707 3095
5572 7911 10000 8208
2717 1941 3370 2383
2515 236 3112 1443
1766 5084 3370 6282
1126 5089 1580 7605
8805 8415 9876 8605
6758 5731 10000 5859
1558 3159 4890 3565
5571 8233 8794 8660
7426 4468 9779 4495
0 549 1625 817
6537 1381 9549 1520
7265 5859 7653 7099
427 8675 1751 9804
0 8558 3815 8675
6304 72 7393 1375
5572 5965 5788 7722
0 828 2497 1183
596 4091 2005 4632
585 234 2157 549
3867 5881 4768 6698
6683 3104 7107 3362
7653 6797 8322 7527
147 3898 225 4027
0 8691 427 10000
6817 7540 9373 7768
538 4833 3301 5084
4773 5962 5571 8696
2746 2703 4922 3099
495 9810 10000 10000
586 5322 1126 8557
9096 8837 9943 9795
0 5884 586 8557
6211 75 6304 1597
6775 5264 9736 5693
6907 7775 8427 7899
1607 6282 3867 6699
5005 4833 6362 5962
1966 7616 3930 7638
6658 2989 10000 3045
9486 7116 10000 7896
8427 7777 9241 7872
7997 1024 8279 1032
3370 4833 5005 5881
6750 5693 10000 5731
3407 3729 5570 4441
5475 265 5547 2786
1126 7928 3818 8558
0 1721 217 3129
7271 4497 10000 4882
9739 5569 10000 5692
3510 6702 4768 7225
538 4632 7271 4833
226 1183 538 5884
3820 7756 3949 8695
5062 9481 8208 9797
8208 8829 9096 9795
4936 2523 4956 3492
6294 1716 7418 2238
129 71 3169 198
1738 5431 1763 6108
7670 1543 9912 2164
7154 5898 7271 6821
1471 1172 1516 3811
1131 7638 3828 7923
8201 6000 8356 6072
6363 4871 10000 5103
3299 4536 5567 4631
3127 1087 4216 1941
8691 326 10000 1381
7318 2689 9822 2748
5844 8807 8257 9324
2065 3522 3159 4413
0 4027 147 5386
1571 6701 3514 7217
6395 5104 6756 7905
3872 3522 4958 3635
1520 1172 2510 3103
1756 8675 3714 9816
5618 9334 6910 9401
5218 240 5464 2763
6613 3362 7153 4631
6690 1520 7747 1543
6613 2773 9925 2989
1571 7217 4759 7615
3714 8693 5062 9816
7384 71 8691 1024
9228 3106 9679 3919
3919 79 6174 238
3407 1970 4937 2629
6367 5103 6395 7717
6756 5103 10000 5265
539 1172 1471 3178
3949 7615 4759 8692
5792 5968 6367 7895
9679 3476 9959 3919
7596 3836 9228 3919
5809 8211 9518 8233
5567 2255 6613 4631
2077 4454 5567 4536
3159 3522 3414 4104
5531 240 6216 2255
7153 3045 7352 4497
3112 263 4183 961
5542 8709 5764 9278
4216 238 5218 1958
539 3178 1469 4123
5764 8709 10000 8807
4958 2805 5567 3729
0 0 10000 71
792 5111 868 5296
7455 3045 9228 3776
7352 3919 10000 4470
2510 1602 2711 3095
5568 7905 9996 8211
2711 2283 3364 2725
2517 233 3112 1443
1756 5091 3298 6294
1130 5097 1571 7638
8805 8444 9874 8634
6756 5730 10000 5859
1590 3116 4937 3522
5568 8233 8805 8709
7647 4470 10000 4497
0 570 1625 817
6537 1381 9538 1520
7271 5859 7659 7099
412 8675 1756 9816
0 8558 3828 8675
6304 71 7384 1381
5576 6024 5792 7724
0 817 2517 1172
539 4123 2065 4631
585 198 2155 513
3863 5881 4759 6704
6727 3103 7153 3362
7659 6795 8328 7525
146 3898 224 4027
0 8675 412 10000
6915 7525 9463 7753
539 4834 3298 5091
4759 5966 5568 8693
2711 2725 4887 3113
412 9816 10000 10000
605 5304 1130 8558
9153 8807 10000 9765
0 5950 605 8558
6216 71 6304 1677
6758 5265 9741 5693
6950 7753 8470 7877
1571 6294 3863 6701
5003 4834 6363 5966
1571 7615 3535 7637
6613 2989 9957 3045
9486 7124 10000 7904
8470 7809 9284 7904
7997 1024 8273 1032
3298 4834 5003 5881
6756 5693 10000 5730
3414 3743 5567 4454
5464 240 5531 2805
1130 7923 3828 8558
7 2490 224 3898
7154 4497 10000 4871
9741 5573 10000 5693
3514 6704 4759 7217
539 4631 7154 4834
224 1172 539 5950
3828 7615 3949 8630
5062 9401 8206 9717
8257 8864 9153 9816
4937 1958 4957 2927
6216 1738 7353 2255
890 71 3919 198
1731 5404 1756 6081
