1001
1101
2101
3101
4101
5101
6101
7101
8101
9101
10101
11101
12101
13101
14101
15101
16101
17101
18101
19101
20101
21101
22101
23101
24101
25101
26101
27101
28101
29101
30101
31101
32101
33101
34101
35101
36101
37101
38101
39101
40101
41101
42101
43101
44101
45101
46101
47101
48101
49101
1321041
252420131
5453521
2342501
6345301
6532560781
876501
4565701
38244201
47378301
485392301
839289201
86931
7845731
6431
534366371
787564536142
876567981
98798981
44444441
22222221
111111111
676666661
8778878781
76676765617
80978689817
635464375148563
3784741
36761
78686861
5656565651
545454541
434343431
2424242241
323232321
767676878179
808989781
353674545135
865674678137
98435623813
9837836271
39893847812
47834728412
4782423421
892342421
10071
11071
21071
31071
41071
51071
61071
71071
81071
91071
101071
111071
121071
131071
141071
151071
161071
171071
181071
191071
201071
211071
221071
231071
241071
251071
261071
271071
281071
291071
301071
311071
321071
331071
341071
351071
361071
371071
381071
391071
401071
411071
421071
431071
441071
451071
461071
471071
481071
491071
13210741
2524207131
54535271
23425071
63453071
65325607718
8765071
45657071
382442071
473783071
4853923071
8392892071
869371
78457731
64371
5343766371
7875674531642
8765677981
987989871
444444471
222222271
1111111171
6766666671
87788787817
766767656177
809786898177
6354643751487563
37847471
367671
786867861
56565675615
5454545741
4343434371
24242422417
3232323271
7676768781779
8089897871
3536745451735
8656746781377
984356238137
98378362717
398938478127
478347284127
47824234217
8923424271
77771
111122221
23454321
45675431
34753451
88707001
8000001
21000001
1000001
4000405051
21001
21101
22101
23101
24101
25101
26101
27101
28101
29101
210101
211101
212101
213101
214101
215101
216101
217101
218101
219101
220101
221101
222101
223101
224101
225101
226101
227101
228101
229101
230101
231101
232101
233101
234101
235101
236101
237101
238101
239101
240101
241101
242101
243101
244101
245101
246101
247101
248101
249101
21321041
2252420131
25453521
22342501
26345301
26532560781
2876501
24565701
238244201
247378301
2485392301
2839289201
286931
27845731
26431
2534366371
2787564536142
2876567981
298798981
244444441
222222221
2111111111
2676666661
28778878781
276676765617
280978689817
2635464375148563
23784741
236761
278686861
25656565651
2545454541
2434343431
22424242241
2323232321
2767676878179
2808989781
2353674545135
2865674678137
298435623813
29837836271
239893847812
247834728412
24782423421
2892342421
210071
211071
221071
231071
241071
251071
261071
271071
281071
291071
2101071
2111071
2121071
2131071
2141071
2151071
2161071
2171071
2181071
2191071
2201071
2211071
2221071
2231071
2241071
2251071
2261071
2271071
2281071
2291071
2301071
2311071
2321071
2331071
2341071
2351071
2361071
2371071
2381071
2391071
2401071
2411071
2421071
2431071
2441071
2451071
2461071
2471071
2481071
2491071
213210741
22524207131
254535271
223425071
263453071
265325607718
28765071
245657071
2382442071
2473783071
24853923071
28392892071
2869371
278457731
264371
25343766371
27875674531642
28765677981
2987989871
2444444471
2222222271
21111111171
26766666671
287788787817
2766767656177
2809786898177
26354643751487563
237847471
2367671
2786867861
256565675615
25454545741
24343434371
224242422417
23232323271
27676768781779
28089897871
23536745451735
28656746781377
2984356238137
298378362717
2398938478127
2478347284127
247824234217
28923424271
277771
2111122221
223454321
245675431
234753451
288707001
28000001
221000001
21000001
24000405051