[921873834]
945784859
898327674
957126013
898614445
940819118
929954917
829111451
961222759
929627156
957106253
869876648
914501479
868007472
956037901
902529882
931364881
907088969
962471079
858147275
906943346
933775812
954548828
966215623
948329397
963372322
912928459
961647773
962041692
948653553
919515039
954069842
880857158
953503806
878569790
938377771
947654556
947286662
945995174
938005649
926443288
955953435
826543957
914314992
902267122
968601967
948648291
941277447
916706015
954635465
940557790
860465774
964884203
907365703
950788585
959178188
953527001
907455467
943203231
937685928
944570082
880120663
962538194
904143584
915535142
949029689
948084068
873002554
811741624
946799857
901251539
903742967
914085413
957061352
916167155
879954881
911578372
910387376
781114248
953044958
870653187
865631736
950099647
913872373
867540706
916145482
934065364
956971471
923654673
934413590
918849126
959404585
953384662
950630231
864140002
958671127
943942842
884359900
903620142
901006365
891856202
