[915680552]
934437565
916692949
935458926
924311367
927578453
931663726
851506125
944464851
893743300
936375244
869650813
903423353
872965002
944856499
902532033
923586178
892020465
946055514
880792899
926193387
903569429
927216985
948639497
924777339
948335134
948708547
958308159
923603314
944748155
919380504
947272161
864706255
939985837
874303182
923586332
882438640
940259216
941981140
903185241
940193839
950029718
860128056
914370980
912015300
947020713
915243105
915572384
915913943
937703645
879905192
880506664
932120113
913598278
937539119
935955709
938014745
911810125
939572264
933798754
945111138
897077003
944816840
924011013
905841207
947880065
936050318
889218695
847571137
947026459
902221319
914661663
910666800
940246971
916422584
869908243
922515282
919088353
763042091
948289609
861773470
848560191
949520146
918579130
881294770
906588027
936456940
918199421
924308280
949370765
915044354
947580592
909814394
941546370
862310872
941694649
945866099
854805500
917008096
909545911
902194135
