    Finished release [optimized] target(s) in 0.12s
     Running `target/release/tester in/0000.txt ../ahc003_a`
2241 5000 2574 2837 3678 3131 3678 3678 5000 5000 2190 2612 2591 2552 2477 2383 2713 2318 2597 2597 2029 2000 1923 1858 5000 5000 2135 2191 2285 
2238 3116 3044 3451 2813 3469 3469 3469 2892 2892 2527 3469 3469 2687 3469 2465 3264 2886 3436 3436 2632 2632 3436 2575 2450 3469 2800 3469 3469 
5000 5000 2271 5000 4412 4412 4412 4412 4412 4412 4412 4412 4412 4412 3519 2768 5000 1907 5000 5000 1767 1995 5000 2278 5000 5000 2193 2289 2289 
5000 5000 5000 5000 5000 5000 3462 3462 3460 3460 3462 3462 3462 3462 3462 2451 3462 3203 3203 3203 3203 2264 3203 2829 3462 3462 3462 3462 5000 
1931 1981 2033 2065 2070 2084 2075 2071 2058 2054 2054 1990 1976 1958 1934 1928 1910 1944 1935 1937 1952 1929 1937 1915 1932 1954 1993 1998 2084 
2223 3037 2373 3037 3037 2990 2990 2914 2914 2914 2472 2815 2840 2696 2790 2530 2694 2937 2937 2937 2352 2250 1999 1907 1999 5000 5000 5000 5000 
1901 5000 2169 5000 2293 5000 5000 5000 5000 5000 2042 2392 5000 5000 2217 2073 2167 1904 1858 5000 5000 1822 5000 1933 1991 5000 2014 1936 2033 
2131 1943 1965 2033 2010 1992 1984 1966 2068 2060 2046 2079 2053 2007 1933 1933 1951 2017 2032 1941 1928 1963 1964 1981 1985 1972 2132 2068 1832 
5000 5000 2474 5000 5000 5000 5000 5000 5000 5000 5000 2520 3070 3070 3070 2335 3070 3070 3070 3070 3008 2448 3070 5000 5000 5000 5000 5000 5000 
1885 2086 2079 2042 2050 2029 2024 2020 2003 1980 2000 1992 1994 1981 1988 1987 1969 1949 1959 1951 1947 1942 1932 1931 1951 1918 1990 2036 2119 
5000 5000 2026 5000 5000 5000 5000 2848 2848 2848 2848 2355 5000 5000 5000 2131 5000 5000 5000 1915 1887 5000 5000 5000 5000 5000 5000 5000 5000 
5000 5000 2881 3591 3591 3591 3591 3591 3591 3591 3024 3142 3591 3591 3591 2541 3591 3591 3591 2549 2397 3591 3591 3591 3591 3591 2614 3591 5000 
2057 5000 2144 2368 2079 5000 5000 5000 2227 2582 2226 2151 2118 1962 5000 1868 5000 5000 5000 2062 1625 2007 2115 2179 2399 2847 2308 2165 5000 
5000 5000 5000 5000 5000 5000 5000 5000 5000 5000 2543 3097 3097 3097 3097 2427 3097 3097 3097 2522 3097 2207 2576 3097 5000 5000 2071 5000 2357 
2256 2097 2091 2065 2076 2069 2065 2067 2064 2042 2035 2035 2020 2009 1975 1977 1967 1950 1944 1931 1931 1884 1893 1967 1957 1997 1972 2088 2516 
2153 5000 2294 2448 2182 2266 2400 2355 2287 2209 2244 2328 2264 2116 2112 2112 2056 2112 2029 2003 2000 1992 1992 1928 1992 2034 1970 5000 5000 
2278 2160 2160 2142 2090 2080 2080 2066 2122 2128 2119 2003 1993 1978 1961 1960 1955 1941 1926 1917 1914 1876 1876 1904 1907 1903 1993 1996 1929 
2095 5000 3311 3311 3221 3221 3221 3194 3194 3221 3221 3221 3131 3131 3131 2548 3324 3324 3324 3324 3324 2492 3324 2738 2738 5000 5000 5000 2170 
2129 2564 2025 5000 5000 5000 5000 5000 1994 5000 2325 2782 5000 2188 5000 5000 5000 2226 5000 5000 5000 2097 2490 2490 5000 5000 2660 5000 5000 
2008 5000 2304 2411 2243 2482 2470 2420 2320 2321 2246 2304 2270 2232 2186 2171 2311 2220 2222 2192 2183 2066 2091 2073 2105 2153 2095 2186 1989 
2291 3488 3488 3488 3488 3488 3488 3488 3488 3312 5000 5000 5000 5000 5000 5000 5000 5000 5000 5000 2261 1856 5000 2319 5000 5000 1985 5000 5000 
2192 2407 2092 5000 5000 2715 2623 2623 2948 2948 2810 2948 2948 2889 2948 2486 2834 2842 2948 2948 2343 2728 3030 3187 3187 2927 2566 2888 5000 
1963 1961 1992 1978 1979 1955 1944 1940 1937 1926 1930 1910 1909 1899 1866 1864 1854 1844 1842 1842 1835 1870 1874 1882 1888 1885 1862 1868 1933 
2045 2582 2197 2780 2525 3387 2833 3387 5000 5000 1955 2076 5000 5000 5000 2146 2219 5000 5000 5000 5000 2300 5000 5000 1784 5000 2010 2320 5000 
2084 2373 2106 2408 2162 2421 2424 2444 2330 2485 2514 2471 2497 2439 2555 2625 2703 2722 2722 2696 2362 2329 2437 2623 2447 2447 2011 2006 5000 
1907 3081 2582 2613 2304 2613 2540 2540 2540 2364 2272 2414 2385 2309 2271 2156 2314 2255 2285 2223 2272 2080 2060 2017 2087 2110 2090 2032 1933 
1913 2031 2053 2123 2059 2266 2258 2204 2187 2153 2119 2048 2015 1985 1986 1954 2049 2052 2004 1999 1997 1887 1878 1885 1919 1976 2011 1992 2026 
5000 5000 5000 2266 2266 5000 5000 5000 4277 4277 3367 4277 4277 4277 4277 4277 4277 4277 4277 4277 4277 4277 5000 5000 5000 5000 5000 5000 5000 
5000 5000 2311 5000 1761 5000 5000 5000 5000 5000 2454 2400 5000 5000 2371 2006 5000 2503 2503 2467 2616 2155 2380 2380 2380 2380 2149 2153 2127 
2644 3381 2885 3381 2434 3252 3252 3252 2786 2730 2713 2692 2995 2995 2538 2410 2419 2406 2502 2641 2517 2111 2190 2240 2281 2522 2144 2181 2181 
5000 2164 3678 2261 2465 2402 2202 2422 5000 2389 5000 2356 5000 5000 2156 5000 2004 2945 1803 5000 5000 1882 2632 2692 5000 5000 2108 5000 5000 5000 
5000 2285 3678 2254 2854 2368 2182 2258 2302 2389 5000 2242 1910 5000 2212 5000 1957 2541 1858 1759 2424 1815 2620 2176 2364 5000 2061 5000 5000 2007 
2057 2220 2779 2234 2390 2325 2214 2220 2560 2139 2179 2252 2610 2508 2253 5000 1947 2291 1858 1795 2134 1819 2620 2156 2364 5000 2117 5000 1980 2128 
2057 2220 2257 2228 2328 2242 2213 2320 2666 2300 2154 2219 2363 2508 2226 5000 1928 2161 1858 1816 1990 1812 2620 2192 2039 5000 2085 2023 2254 2064 
1903 2397 3678 2238 2439 2296 2631 3139 3453 2802 3178 2390 3311 2972 2664 5000 1949 2444 1919 1854 2399 1846 2620 2335 2446 2257 2324 2157 2368 3811 
5000 2358 3678 2242 2389 2282 2631 3139 2954 2802 3178 2361 2773 2972 2305 5000 1962 2254 1900 1832 2399 1845 2620 2241 2718 2257 2291 5000 2437 2948 
5000 2290 2869 2260 2322 2280 2144 3139 2954 2802 3178 2360 2967 2446 2335 5000 1959 2228 1906 1835 2080 1845 2620 2135 2474 2049 2112 2742 2645 2554 
3513 2407 2984 2181 2232 2257 2177 2664 3268 2932 3178 2377 3124 2867 2523 5000 1962 2237 1951 1857 2399 1838 2368 2390 2718 2254 2234 2742 3526 2948 
2459 2428 2590 2202 2249 2221 2136 2309 2943 2290 2455 2386 2497 2378 2448 5000 1963 2233 1936 1852 2335 1838 2368 2503 2423 1946 2234 2301 2276 2755 
2727 2366 2692 2290 2394 2247 2109 2439 2715 2324 3178 2431 3124 2280 2302 5000 2006 2193 1878 1840 2364 1826 2007 2285 2357 2286 2319 3811 2727 1937 
2727 2335 3080 2280 2492 2253 2036 2448 3268 2802 3178 2422 3311 2546 2314 3081 2007 2214 1884 1859 2527 1822 2128 2425 3404 2558 2319 3811 2904 2099 
2785 2432 2746 2304 2496 2239 2036 2366 3060 2611 3178 2407 3311 2324 2314 3081 2002 2242 1889 1864 2651 1822 2128 2290 2755 2274 2323 3811 2435 5000 
3513 2348 3080 2297 2576 2241 2036 2630 2937 2507 3178 2395 3311 2953 2220 3081 1999 2225 1914 1868 2651 1823 2577 2155 3404 2647 2346 3574 2511 5000 
2550 2383 2722 2297 2433 2241 5000 2290 2937 2197 2323 2400 2593 2357 2196 3081 2000 2225 1902 1883 2651 1821 2577 2131 3250 2489 2242 3542 2302 2342 
3072 2364 2781 2278 2432 2211 2159 3139 2966 2390 2535 2377 2459 2678 2422 3081 1995 2209 1996 1834 2651 1815 5000 1839 2645 2902 2411 3574 2559 3477 
2765 2417 2781 2292 2635 2207 2322 3139 3268 2337 2535 2372 3311 2678 2390 3081 1988 2200 2007 1824 2651 1819 5000 5000 2645 2902 2312 3338 2724 3477 
2611 2273 2781 2299 2199 2243 2216 2565 2745 2280 2811 2275 2682 2338 2353 3346 1994 2195 1987 1823 2586 1808 5000 1781 2502 2181 2349 2674 2602 2282 
3513 2340 2333 2298 2614 2253 2326 5000 2849 2344 3178 2294 2053 2661 2353 3346 1984 2181 1981 1830 2586 1805 5000 2180 3404 5000 2338 3338 2807 2748 
2719 2395 2523 2274 2593 2253 2276 5000 3268 2178 2703 2319 2300 2564 2390 3346 1983 2178 1989 1830 2586 1800 5000 2344 3404 2614 2333 3259 3066 2499 
3513 2344 2386 2297 3096 2233 2296 5000 2942 2459 2744 2332 2017 2578 2301 3346 1980 2267 1969 1825 2553 1797 1802 2321 2366 1930 2282 3259 2816 3477 
2877 2293 2564 2311 3096 2215 2387 5000 3268 2643 3333 2324 5000 2790 2301 3346 1979 2267 1967 1829 2553 1803 5000 2257 2683 5000 2300 3259 2991 2764 
1938 2258 2182 2246 2768 2225 1990 1827 3003 2527 3333 2307 5000 2423 2295 3346 1969 2182 1967 1833 2553 1804 5000 2257 2281 1959 2220 3338 5000 2455 
5000 2022 2172 2052 2518 2119 2326 2094 3085 2323 3488 2240 5000 2764 2047 3346 1935 2191 1997 1872 2321 1874 4277 2251 2173 5000 2172 2564 1883 1767 
5000 2092 2215 2102 2803 2132 2448 2118 3229 2392 3488 2323 5000 2764 2053 3346 1925 2229 2030 1861 2583 1873 4277 2302 5000 5000 2167 3338 1927 5000 
5000 2163 2374 2093 2803 2157 2437 2807 3229 2573 3488 2309 5000 2628 2325 3081 1919 2260 2064 1845 2583 1878 4277 2425 5000 5000 2239 5000 5000 5000 
5000 2195 2374 2094 2803 2172 2418 2656 3229 2694 3488 2340 5000 5000 2346 5000 1924 2322 2014 1877 2737 1898 4277 2296 2750 1856 2207 5000 2131 1933 
1910 2170 2101 2049 2597 2064 2284 2164 2500 2300 2546 2396 2023 2379 2288 2137 1977 2327 1945 1773 2149 1985 2916 2043 1826 2338 2068 1967 2121 2036 
1891 2172 2374 2049 2803 2034 2284 2243 2747 2287 3037 2361 5000 2379 2273 5000 2006 2327 1940 1760 5000 1970 5000 2185 1842 5000 2068 5000 5000 2088 
3315 2102 5000 1923 3131 2090 2278 1867 3113 2330 3488 2442 5000 5000 2315 5000 2007 2209 1990 1725 5000 1934 5000 2292 5000 5000 2151 2380 5000 5000 
Score = 966089736
    Finished release [optimized] target(s) in 0.01s
     Running `target/release/tester in/0001.txt ../ahc003_a`
1724 1782 1822 1834 1834 1859 1853 1846 1850 1851 1835 1836 1830 1901 1889 1893 1922 1935 1934 1930 1921 1890 1880 1843 1840 1833 1779 1755 1724 
5000 5000 5000 5000 2082 2445 2354 5000 2354 5000 5000 1728 1806 1804 1843 2020 2042 5000 1965 1968 1996 1997 1837 1918 1918 1918 1918 1951 5000 
1632 2407 3741 3240 2936 2671 2785 3240 2958 3031 2814 2956 2181 2534 3741 2455 2471 3741 3741 2355 2958 3741 3741 3741 3741 3741 3741 3741 2833 
1891 2041 2041 2000 1942 2075 2041 2033 2022 1982 1974 1931 1911 1975 2150 2118 1751 2144 2244 2557 2548 2020 1958 2015 2042 2111 2245 2443 2004 
1914 2120 2145 2097 2087 2162 2162 2134 2087 2089 2081 2054 2067 2227 2198 2193 2372 2485 2238 2354 2249 3033 1998 2164 2201 2240 1968 1895 2013 
1895 1984 2152 2248 2182 2406 2406 2274 2274 2221 2157 2165 2125 2198 2198 2152 2226 2248 2225 2225 2102 2096 1949 1960 1960 1947 1935 1925 1856 
1848 5000 2151 3247 2317 2360 2741 2418 2418 2717 2209 2253 2258 2247 2220 2315 2079 2164 2350 2541 2525 3247 1973 2004 2029 2455 3247 5000 1770 
1929 1940 1979 2075 2044 2113 2111 2079 2057 2351 2333 2612 2436 2623 3123 2666 2285 2333 2111 2091 2135 2069 1974 2027 2079 2095 2182 2349 5000 
2008 2575 2896 2896 2158 2896 2969 3285 3285 3285 3285 3673 2449 2960 3132 2485 2320 3037 3673 2270 2584 3673 2187 2066 2066 2072 2114 5000 2425 
5000 3802 3802 3802 2716 3802 4006 4006 4006 3926 3926 3926 3399 2956 3392 3926 3387 3785 3339 3126 3339 3339 3785 3785 3785 3785 3768 3768 3768 
1814 2028 2065 2045 2042 2183 2153 2123 2060 2046 2044 2030 2026 2113 2093 2076 2078 2100 2095 2119 2148 2167 1988 2012 1990 1986 2026 2106 2165 
2145 1973 1998 2220 1987 2087 2215 2258 2201 2415 2222 2124 2127 2289 2013 2070 2115 2341 2341 2325 2256 2804 1890 2097 2804 5000 5000 5000 5000 
5000 5000 5000 2033 5000 5000 5000 5000 1737 5000 5000 5000 1913 2337 5000 5000 1965 5000 5000 5000 5000 5000 5000 5000 5000 5000 5000 5000 5000 
1735 1715 1717 1745 1744 1797 1805 1812 1794 1808 1809 1794 1791 1784 1784 1782 1748 1751 1752 1753 1750 1751 1720 1729 1789 1777 1831 1819 1766 
5000 5000 5000 5000 5000 5000 5000 5000 5000 5000 5000 5000 5000 5000 5000 5000 1969 5000 2579 2579 5000 5000 2052 5000 5000 5000 5000 5000 5000 
5000 2503 5000 5000 2144 2254 2416 3598 3598 3598 3457 3457 2884 2541 2888 2632 2439 2619 3457 3295 3295 3043 2388 3143 2970 2970 2970 5000 1791 
5000 5000 2130 5000 2604 2934 3643 3643 3643 2898 3643 5000 5000 1812 5000 5000 2173 2161 5000 5000 5000 5000 1820 5000 5000 5000 5000 5000 5000 
1674 1697 1755 1797 1784 1802 1810 1804 1799 1813 1812 1811 1796 1818 1818 1825 1812 1800 1795 1800 1886 1882 1896 1897 1935 1941 2006 2070 2177 
1701 5000 1721 5000 1833 1994 2394 2188 2041 5000 3371 3371 3371 3371 3371 3371 3371 3371 3371 5000 5000 5000 2100 5000 5000 5000 5000 5000 5000 
1724 1840 1837 1802 1846 2176 2199 2373 2132 2105 2176 2176 2131 2278 2560 3220 3490 2764 2640 2337 2422 2424 2112 2236 5000 5000 5000 5000 5000 
5000 5000 3558 3558 3558 2965 3509 3509 2990 3202 2825 3509 2846 2980 3312 2723 3086 3086 3086 2855 2459 3509 2193 2273 2367 2133 2133 2143 2484 
1690 2092 2034 2194 2061 2452 2456 2288 2300 2603 2661 2795 2795 2166 5000 1930 2398 5000 1836 1836 1858 2356 1984 1970 2004 2058 2114 2136 2254 
2436 2595 2361 2230 2225 2565 2565 2306 2172 2444 2468 5000 2397 2491 5000 5000 2359 2320 2243 2025 5000 5000 1891 1944 1991 2016 1993 2191 2191 
1742 1835 2228 2288 2212 2259 2342 2325 2236 2612 2612 2532 2478 2403 2403 2197 2239 2218 2115 1901 2040 2056 1951 1997 2117 2103 2060 2118 5000 
2392 2861 2384 2294 2158 2317 2342 2240 2138 2765 2616 2736 3251 3251 3251 3251 3251 3251 3712 3712 3712 3712 2698 4172 4172 4172 4172 4172 5000 
2104 2155 2168 2183 2157 2228 2233 2265 2198 2146 2143 2127 2070 2076 2080 2073 2035 2002 1993 1980 1956 1967 1941 1971 1988 1997 1979 2024 2110 
5000 5000 4247 4247 4247 4247 4247 5000 5000 5000 5000 5000 5000 5000 5000 5000 5000 5000 5000 5000 5000 5000 1778 5000 5000 5000 5000 5000 5000 
2359 2058 2592 2737 2446 2698 2625 2301 2193 3101 2242 3101 2577 2526 2841 2575 3101 3101 2235 2380 2797 3372 3372 3372 3372 2907 3644 5000 5000 
5000 5000 2752 5000 5000 1901 5000 5000 2032 2394 5000 5000 2131 5000 5000 1762 5000 2152 1935 1899 2981 2422 2297 2352 2443 2209 2264 2687 2485 
1813 2436 2436 2024 1891 2055 2053 2014 2012 2259 2259 5000 2298 2376 2208 2094 2225 2225 1920 1920 2058 1994 2182 2350 2578 2211 2211 5000 5000 
1686 1813 1738 2009 5000 2305 1597 2028 1606 1939 1875 1871 5000 1754 5000 5000 1797 5000 5000 5000 1898 2074 1790 3083 2075 2392 2182 5000 1790 1804 
1698 1905 5000 2309 5000 2208 5000 2111 2479 2034 5000 5000 5000 1765 5000 5000 1827 5000 5000 5000 1914 5000 1798 3083 2075 2392 2182 5000 1790 1856 
1688 1859 5000 2035 5000 2171 1727 2085 2391 1988 5000 2041 5000 1782 5000 5000 1815 5000 5000 2019 1864 5000 1797 2403 1855 2020 1899 1978 2255 2289 
1706 1706 1842 2097 5000 2103 5000 2150 2447 2139 5000 2006 5000 1802 5000 1644 1793 3570 5000 5000 1901 5000 1823 3083 5000 2392 5000 1991 2054 2479 
1740 2333 5000 2089 5000 2172 5000 2632 2565 2192 2200 2148 3033 1798 5000 5000 1826 3570 3484 5000 1893 5000 1833 3083 5000 5000 2347 2278 2241 2479 
1713 2545 2331 2284 5000 2132 5000 2442 2565 2187 2603 2122 3033 1799 5000 5000 1809 3570 3484 5000 1889 2590 1813 3083 5000 2388 2600 2083 2486 2620 
1713 5000 1798 2320 5000 2107 1865 2335 2671 2323 5000 2285 3033 1799 5000 2065 1802 3889 3484 5000 1883 2590 1803 3083 2891 5000 3174 2100 2574 5000 
1717 2621 5000 2006 5000 2087 1865 2632 2637 2209 5000 2296 3033 1790 5000 2150 1802 3864 3484 5000 1884 2517 1813 3083 2891 5000 3174 5000 2417 5000 
1725 2621 3558 1985 5000 2067 1901 2260 2595 2187 1778 2398 3033 1799 5000 2239 1802 3864 3484 2024 1885 5000 1815 3280 2891 5000 2554 2011 2432 2268 
1732 3015 3558 1945 1968 2051 2026 2195 2294 2099 2037 2209 2272 1801 2447 2155 1802 3749 2505 1920 1874 1887 1822 2622 2891 2034 2295 1899 2432 2193 
1738 3183 3558 1854 3643 2034 5000 2632 2654 2037 5000 2398 3033 1804 2916 2229 1789 3749 3484 5000 1902 2181 1802 3280 2805 5000 2767 5000 2687 5000 
1724 2475 2680 1816 3643 2011 5000 2069 2654 2045 5000 2245 3033 1799 2916 2125 1790 3749 3484 5000 1900 2181 1798 3251 2891 2146 2735 5000 2358 2430 
1724 2033 2680 1818 3643 2014 5000 2042 2275 2027 5000 2083 2212 1801 2916 2149 1788 3167 3484 3371 1901 2181 1797 2191 2107 2146 2452 5000 2143 2048 
1735 2286 2627 1861 2724 2121 1703 1967 2013 2049 2000 2028 2142 1840 2221 1859 1864 3095 2487 2042 1824 1708 1830 2313 2083 2069 2211 1909 2220 1676 
1733 2300 2953 1863 3643 2104 1703 1979 1978 2066 5000 2321 2253 1840 2974 5000 1881 3666 3484 2617 1831 1776 1849 3002 3383 1923 2489 1748 2389 5000 
1732 2433 2953 1985 2828 2114 2680 2123 2086 2065 5000 2536 2411 1844 2974 1855 1868 3666 2487 3170 1831 1769 1871 3288 3361 2223 2489 1967 2604 5000 
1733 2409 2953 1985 1882 2109 2988 2123 5000 2050 5000 2536 2920 1845 2974 1902 1864 3160 2613 2520 1832 1787 1864 2955 2706 2019 2365 1984 2455 1922 
1766 1989 2603 1917 2362 1942 2948 2047 1741 1951 1815 2007 2066 1963 2336 2310 2021 2533 2319 2428 1791 2030 1890 2830 2760 1917 1946 2066 2125 2423 
1802 1969 3558 1987 2362 1953 3529 2047 1790 1977 1834 2007 2204 1963 2974 2461 2042 3045 3828 5000 1792 2065 1896 3288 3267 2566 2264 2209 2166 2732 
1840 1915 3558 1991 2208 1974 3209 2237 5000 1987 1834 2018 2105 2010 2673 2358 2076 3570 3828 2750 1795 2030 1911 3288 3317 2566 2264 2019 2227 2732 
1961 1928 5000 2249 2362 1978 3598 2314 2394 2000 5000 2028 2049 2018 2974 2551 2094 5000 3828 2750 1806 2030 1914 3288 3317 2352 2264 3644 2322 2013 
2077 1923 2999 2263 2994 2033 3598 2057 5000 2030 2372 2049 2049 2167 2457 2551 2145 5000 3828 2750 1806 2044 1920 3288 5000 2151 2460 2968 2107 2218 
2145 1970 4247 2135 2994 2032 3598 2102 5000 2047 2324 2075 2035 2430 2728 2551 2174 5000 3828 2750 1813 2124 1931 3288 5000 2500 3033 3644 2148 2190 
2145 1985 4247 5000 2994 2051 3598 2357 5000 2047 2324 2084 2035 2542 2728 2495 2223 5000 3828 5000 1809 1990 1967 3288 1840 2434 3101 2582 2110 2327 
2202 1990 4247 2346 2753 2063 3598 2419 5000 2073 2324 2216 2053 2542 2728 2792 2241 5000 3484 5000 1807 2009 1985 2583 1727 2281 2430 2425 1967 2258 
2297 2009 3217 2425 2395 2062 2958 2127 1964 2009 2167 2066 2115 2542 2169 2250 2016 2139 3484 1986 1863 1626 2013 2245 1962 2003 2193 2056 1946 2071 
2476 1999 5000 2752 3630 2082 3598 2362 2407 2025 2131 1963 2125 2542 2127 3374 2011 2249 5000 2206 1864 5000 2046 2602 1962 2003 2481 2175 2091 2100 
2418 1892 2315 2954 2602 1951 3002 2031 2576 2026 5000 2117 2198 2215 5000 5000 1977 2310 5000 5000 1902 5000 2085 5000 5000 2038 2275 1826 2104 1964 
5000 1919 5000 5000 5000 1933 3598 2031 5000 2019 5000 1887 2353 5000 5000 5000 1941 5000 5000 2162 2005 5000 2141 5000 2216 1845 2083 2163 2147 2024 
Score = 954240244
    Finished release [optimized] target(s) in 0.02s
     Running `target/release/tester in/0002.txt ../ahc003_a`
