    Finished release [optimized] target(s) in 0.11s
     Running `target/release/tester in/0000.txt ../ahc003_a`
1751 5000 2083 2136 3178 2588 2588 2588 1998 5000 1700 2086 2073 2039 1846 1792 1993 2070 1816 1823 1579 1425 1456 1420 1544 1544 1657 1696 1778 
5000 2616 2558 3440 2303 2969 2969 2969 2392 2392 2027 2969 2969 2203 2969 1989 2764 2386 2936 2936 2132 2124 2936 2438 1946 2969 2067 2285 1837 
5000 5000 1568 5000 3912 3912 3912 3912 3912 3912 2739 3912 3912 2746 3019 3912 5000 1407 5000 1505 1443 1457 1450 1633 5000 5000 1718 1789 1885 
5000 5000 5000 5000 5000 5000 2962 2962 2960 2960 2962 2962 2962 2962 2962 2272 2962 2703 2703 2269 2200 1764 2703 2329 2962 2962 1983 2962 5000 
1600 1513 1560 1563 1550 1559 1557 1564 1559 1556 1557 1491 1478 1461 1439 1435 1434 1471 1482 1481 1503 1450 1459 1436 1471 1516 1495 1518 1380 
1717 2537 1873 2537 2537 2490 2490 2414 2414 2414 1968 2158 2340 2340 2290 2034 2086 2000 2000 2099 1821 1842 1760 1760 5000 5000 1637 5000 5000 
5000 5000 5000 5000 5000 5000 5000 5000 5000 5000 1628 2000 5000 5000 5000 5000 1393 1422 1397 1414 1393 1417 1420 1436 1420 1422 1478 1387 1459 
1504 1498 1542 1593 1599 1519 1540 1533 1579 1578 1560 1599 1579 1525 1488 1478 1451 1487 1486 1451 1454 1564 1598 1598 1625 1666 1612 1839 1399 
5000 5000 1974 5000 5000 5000 5000 5000 5000 5000 5000 2020 2570 2570 2570 1858 2570 2570 2570 2570 2508 1982 2570 5000 5000 5000 5000 5000 5000 
1438 1563 1564 1545 1569 1547 1539 1525 1503 1475 1491 1505 1498 1481 1492 1500 1481 1462 1461 1465 1465 1472 1465 1463 1488 1465 1519 1576 1636 
5000 5000 1492 5000 5000 5000 5000 5000 5000 5000 5000 5000 5000 5000 2143 1300 5000 5000 1914 1415 1418 5000 5000 5000 5000 5000 5000 5000 5000 
1501 5000 2054 2570 2479 3091 3091 3091 3091 3091 2616 2385 2385 2309 3091 2335 3091 3091 3091 1881 2235 3091 3091 3091 3091 3091 2498 3091 5000 
5000 5000 1653 5000 5000 5000 5000 5000 5000 5000 1726 1641 5000 5000 5000 1368 5000 1716 5000 1469 5000 1499 1586 1674 1850 2321 1792 1721 5000 
5000 5000 1517 5000 5000 5000 5000 5000 5000 5000 2597 2597 2597 2597 2597 1927 2597 2597 2597 2030 2597 1720 2076 2597 5000 5000 1571 5000 1846 
1724 1516 1521 1547 1561 1566 1552 1556 1553 1540 1534 1531 1516 1505 1481 1483 1460 1439 1430 1413 1413 1386 1394 1457 1451 1490 1551 1678 2128 
1653 1965 1879 1892 1748 1831 1807 1785 1762 1735 1760 1812 1830 1749 1581 1581 1854 2149 5000 1360 5000 5000 5000 5000 5000 5000 1508 1683 5000 
1845 1797 1769 1726 1646 1608 1531 1543 1651 1648 1629 1532 1532 1545 1500 1497 1490 1463 1442 1431 1430 1389 1389 1416 1416 1409 1541 1456 1566 
1595 5000 2811 2811 2721 2721 2492 2694 2694 2447 2721 2721 2631 2049 2049 1943 2824 2824 2824 2824 2824 1884 2173 1825 1825 5000 5000 5000 1752 
1538 5000 5000 5000 5000 5000 5000 5000 1494 5000 1714 2282 5000 5000 2096 2096 1942 1870 2673 2673 2673 1773 2223 2223 1774 1774 5000 5000 5000 
1774 2023 1831 1868 1760 1975 1950 1920 1827 1889 1730 1898 1861 1807 1752 1736 1767 1691 1680 1622 1647 1556 1575 1558 1582 1606 1604 1703 1490 
5000 2988 2988 2988 2988 2988 2988 2988 2988 2988 5000 5000 5000 5000 5000 5000 1569 5000 5000 5000 1880 1380 5000 1691 5000 5000 5000 5000 5000 
1482 2021 2021 1972 1972 2154 2162 2154 2448 2448 2310 2448 2448 2389 2448 2031 2334 2342 2448 2448 1842 2228 2530 2687 2436 2303 2486 2388 5000 
1527 1471 1505 1470 1470 1461 1463 1462 1459 1448 1438 1420 1420 1403 1380 1382 1376 1362 1363 1377 1371 1400 1396 1405 1405 1407 1374 1373 1424 
5000 5000 5000 2887 2887 2887 2887 2887 5000 5000 1519 5000 5000 5000 5000 1572 5000 5000 5000 5000 5000 5000 5000 5000 5000 5000 1820 1820 5000 
1522 1593 1617 1779 1676 1959 1924 1899 1800 1917 1943 1980 2010 2018 2055 2138 2203 2222 2222 2352 1862 1925 2100 2160 1947 1947 1430 1418 5000 
1375 2581 2161 1917 1781 2119 2024 2015 2015 1951 1860 1966 1940 1912 1795 1697 1836 1786 1826 1749 1798 1524 1504 1488 1592 1627 1514 1543 1584 
1429 1592 1599 1664 1676 1808 1808 1717 1737 1620 1601 1544 1507 1494 1487 1449 1500 1493 1444 1511 1533 1437 1431 1445 1539 1634 1575 1468 1468 
1451 5000 5000 1766 1766 5000 5000 5000 3777 3777 2867 3777 3777 3777 3777 3777 3777 3777 3777 3777 3777 3777 5000 5000 5000 5000 5000 5000 5000 
1383 2708 2050 2708 1799 2708 2708 2708 2708 2263 2218 1871 5000 5000 1865 1506 5000 2003 2003 1967 2116 1598 1597 1497 1716 1716 1617 1665 1660 
2144 2881 2388 2361 2337 2540 2752 2752 2268 2293 2197 2368 2601 2601 2364 1910 1919 1863 1852 2141 2017 1619 1700 1751 1798 2022 1665 1699 1699 
5000 1664 3178 1733 1943 1895 1801 1851 5000 5000 5000 1842 5000 5000 1427 5000 1499 2445 1370 1319 5000 1465 2120 2192 5000 5000 1697 5000 5000 5000 
1820 1798 3178 1716 2350 1845 1756 1735 1802 5000 5000 1736 1410 5000 1689 5000 1479 2039 1406 1304 1924 1338 2120 1744 1720 5000 1623 5000 1539 5000 
1727 1715 3178 1682 1897 1808 1765 1700 2088 1592 5000 1725 2110 2492 1730 1576 1460 1789 1406 1357 1924 1360 2120 1826 1778 5000 1664 5000 1664 5000 
1727 1715 1835 1686 1836 1735 1761 1817 2182 1738 1617 1697 1863 2492 1707 1462 1450 1656 1406 1354 1555 1342 2120 1835 1562 5000 1618 5000 1748 1184 
1403 1899 3178 1860 1939 1759 2131 2272 2490 5000 2678 1924 2811 2472 1957 5000 1437 1982 1419 1385 1899 1352 2120 1887 1923 1757 1623 5000 2189 2460 
5000 1932 3178 1806 1889 1745 2131 2272 2654 5000 2678 1867 2624 2374 1835 5000 1438 1768 1424 1344 1899 1349 2120 1712 2097 1571 1619 5000 1757 2168 
1384 1903 1996 1831 1858 1744 1667 2272 2654 5000 2099 1886 2467 1981 1808 1968 1440 1815 1432 1374 1899 1356 2120 1840 2218 1757 1884 2242 2962 2448 
2202 1912 2484 1854 1736 1742 1868 1975 2768 1861 2037 1889 2624 2367 2094 5000 1471 1750 1438 1375 1899 1347 1868 1837 2218 1738 1834 2242 3026 2448 
2292 1932 2090 1867 1767 1716 1781 1802 2443 1612 2079 1901 1979 1878 2007 2102 1468 1744 1437 1371 1851 1349 1868 1942 1923 1524 1834 1801 1852 2255 
3013 1881 2203 1758 1894 1750 1967 1939 2235 1347 2678 1977 2033 1764 1825 1670 1517 1694 1415 1365 1864 1328 1499 1784 1857 1757 1828 2356 2227 1447 
3013 1849 2580 1781 1992 1755 2177 1964 2768 5000 2678 1951 2065 2066 1862 2061 1509 1719 1443 1366 2027 1324 1628 1848 2904 2058 1828 2356 2404 1694 
3013 1957 2580 1801 1992 1743 2177 1902 2541 1919 2678 1929 2097 2453 1838 2581 1503 1747 1440 1369 2151 1324 1628 1763 2237 1790 1817 3311 2044 5000 
3013 1893 2580 1780 2132 1748 2177 2102 2322 1919 2301 1932 2811 1910 1779 2581 1500 1724 1467 1375 2151 1326 2077 1621 2904 2020 1852 2649 2166 5000 
2018 1835 2580 1796 1950 1748 1634 1783 2322 1481 1768 1929 2093 1793 1757 2581 1498 1724 1457 1384 2151 1325 2077 1593 2750 2147 1788 3042 1890 5000 
2572 1788 2281 1827 1932 1726 1636 2639 2323 2140 2678 1862 1905 2178 1810 2581 1507 1721 1492 1348 2151 1309 5000 1433 1821 2402 1817 3074 2225 2977 
2265 1827 2281 1853 2135 1727 1727 2639 2768 2020 2678 1861 2324 2178 1845 2581 1493 1743 1577 1346 2151 1309 5000 1478 2145 1742 1763 2838 2256 2977 
2119 1769 2126 1856 1704 1736 1738 2144 2245 1813 2678 1771 2027 1985 1905 2846 1504 1730 1538 1344 2086 1310 5000 1283 2002 1967 1887 2199 2255 2083 
3013 1820 1775 1855 2121 1744 1780 5000 2349 1852 2678 1787 1830 2014 1905 2846 1495 1715 1552 1346 2086 1305 5000 1650 2904 5000 1877 2543 2174 2283 
2505 1853 1678 1832 2093 1743 1748 5000 2768 1685 2558 1802 1890 2073 1923 2846 1489 1696 1562 1346 2086 1309 5000 1844 2904 2114 1893 2759 2240 2000 
2531 1840 1709 1818 2596 1737 1739 5000 2439 2093 2244 1843 1689 2081 1832 2846 1484 1760 1490 1360 2053 1308 1302 1821 1852 1435 1841 2114 2316 2977 
2099 1841 5000 1841 2596 1731 1819 5000 2768 2194 2737 1835 1823 2290 1832 2846 1479 1750 1482 1363 2053 1316 5000 1711 2904 5000 1830 2759 2491 2230 
1499 1767 1279 1779 2268 1729 1435 1236 2503 2078 2737 1817 1823 1923 1823 2846 1473 1711 1496 1367 2053 1318 5000 1711 2249 1459 1768 1926 5000 1913 
1587 1507 1621 1559 1892 1648 1580 1637 2588 1891 1989 1788 1620 1878 1642 2498 1457 1699 1484 1373 1821 1390 2822 1743 2061 1317 1594 1800 1407 1267 
5000 1552 1764 1596 2303 1660 1690 1693 2729 1962 2595 1852 1641 1878 1660 2846 1448 1742 1522 1360 2083 1394 3777 1778 5000 5000 1568 2838 1607 5000 
5000 1621 1874 1590 2303 1675 1773 2056 2729 2258 2595 1859 1641 1671 1892 2581 1441 1780 1558 1334 2083 1403 3777 1914 5000 5000 1619 5000 1607 5000 
5000 1671 1874 1584 2303 1696 1753 2056 2729 2483 2595 1901 1695 5000 1843 5000 1439 1822 1528 1364 2237 1444 3777 1586 1535 1489 1658 1383 1509 1584 
5000 1641 1648 1535 1968 1621 1616 1676 2074 1772 2212 1944 1600 1578 1833 1695 1464 1802 1416 1299 1614 1498 2416 1631 1460 1903 1599 1467 1670 1433 
5000 1761 1874 1535 2095 1614 1616 1763 2432 1770 2988 1923 1857 1578 1821 5000 1495 1802 1438 1302 5000 1485 5000 1644 1518 5000 1599 5000 5000 5000 
2815 1594 5000 1411 2052 1695 1440 1400 2613 1800 2530 2126 5000 5000 1948 5000 1493 1687 1594 1314 5000 1458 5000 1792 5000 5000 1675 5000 5000 5000 
Score = 958196860
    Finished release [optimized] target(s) in 0.01s
     Running `target/release/tester in/0001.txt ../ahc003_a`
1270 1358 1379 1376 1376 1387 1383 1365 1350 1348 1334 1337 1331 1381 1370 1371 1458 1473 1483 1477 1459 1431 1374 1329 1341 1335 1290 1260 1280 
5000 5000 1514 5000 5000 1945 1705 5000 1827 5000 5000 1228 1319 1537 1547 1738 1683 5000 1582 1528 1419 1425 1403 1450 1382 1382 1382 1382 1314 
1252 1937 2383 2740 2086 2127 2238 2740 3241 2509 3241 2455 1659 2034 3241 2373 1971 3241 3241 2247 2518 3241 3241 3241 3241 3241 3241 3241 3241 
1407 1484 1542 1542 1436 1577 1573 1573 1560 1623 1558 1572 1515 1529 1584 1623 1396 1725 1813 1931 1799 1696 1464 1527 1568 1625 1700 1943 1986 
1507 1664 1636 1608 1585 1631 1679 1666 1663 1652 1648 1621 1625 1770 1740 1708 1951 2095 1807 1862 1750 2154 1452 1561 1569 1589 1363 1393 1393 
1298 1643 1701 1605 1570 1630 1697 1813 1813 1808 1808 1792 1705 1575 1575 1512 1688 1693 1680 1671 1664 1677 1439 1452 1452 1449 1454 1433 1468 
5000 5000 1651 2747 1809 2747 2747 2747 2747 2114 1754 1792 1779 1664 1771 1815 1603 1721 2078 2041 2025 2747 1564 1620 1688 1978 2886 5000 5000 
1315 1507 1544 1408 1390 1386 1521 1659 1680 1833 1848 2117 2015 2105 2623 1795 1785 1833 1588 1575 1807 1929 1612 1656 1723 1755 1796 1797 5000 
1350 1705 2396 2396 1631 2396 2785 2785 2785 2785 2269 3173 1949 2601 2632 1957 1888 2537 3173 1862 2079 3173 1719 1563 1563 5000 5000 5000 5000 
5000 3302 3302 3302 2217 3302 3506 3506 3506 3426 3426 3426 2397 2651 2973 2861 2887 3285 2839 2626 2839 2839 3285 3285 3285 3285 3268 3268 3268 
1430 1661 1572 1539 1536 1552 1643 1580 1523 1494 1510 1514 1524 1636 1630 1589 1646 1666 1651 1673 1691 1761 1490 1517 1493 1487 1544 1717 1778 
1425 1425 1533 1645 1416 1645 1975 1975 1975 1975 1716 1722 1629 1975 1529 1570 1694 1863 1863 1716 1975 2304 1356 1459 1603 5000 5000 5000 5000 
5000 5000 5000 1666 1666 5000 5000 5000 1266 5000 5000 5000 5000 1402 1528 5000 1465 5000 5000 5000 5000 5000 5000 5000 5000 5000 5000 5000 5000 
1293 1264 1274 1290 1277 1341 1326 1329 1316 1311 1312 1299 1294 1298 1299 1294 1251 1255 1255 1256 1250 1252 1220 1216 1270 1258 1313 1296 1291 
5000 5000 5000 5000 5000 5000 5000 5000 5000 5000 5000 5000 1605 5000 1630 1614 1469 5000 1804 1804 5000 5000 1456 5000 5000 5000 5000 5000 5000 
5000 2593 5000 5000 1644 1980 2245 3098 3098 3098 2957 2957 2384 2047 2397 2416 1958 2147 2957 2795 2795 2795 1783 2299 2392 2012 2012 5000 5000 
5000 5000 1630 5000 2104 3143 3143 3143 3143 3143 3143 5000 5000 1137 5000 1345 1551 1551 5000 5000 5000 5000 1451 1582 1582 5000 5000 5000 5000 
1237 1259 1263 1275 1281 1281 1288 1290 1282 1305 1305 1303 1285 1300 1299 1294 1292 1288 1280 1273 1352 1354 1420 1424 1432 1450 1600 1605 1569 
1293 5000 5000 5000 1419 1838 5000 1275 1596 5000 2871 2871 2871 2871 2871 2871 2871 2871 2871 5000 5000 5000 1600 5000 5000 5000 5000 5000 5000 
1020 1814 1814 1111 1188 5000 1347 5000 5000 1534 5000 5000 2717 2717 2990 2990 2400 2264 2090 1806 1912 2717 1630 1743 5000 1869 1594 1684 1904 
5000 5000 3058 2155 1892 2316 2633 3009 2358 2754 2113 3009 2812 2346 2812 2119 2812 2812 2812 2505 1820 3009 1695 1795 1908 1618 1618 1648 2371 
1683 1623 1547 1561 1393 1873 1824 1866 1866 2011 2011 2228 1894 1839 2099 2848 2139 2260 2848 2848 1983 2848 2005 2154 2848 1816 1961 2848 5000 
5000 2065 1716 1630 1632 2033 2033 1735 1651 2033 2033 5000 1554 1969 5000 5000 1763 1597 1597 1469 1537 5000 1398 1449 1497 1523 1526 1421 1539 
1185 1598 1786 1808 1686 1859 1991 1889 1789 2019 2019 1883 1777 1883 1925 1929 1840 1802 1605 1392 5000 1481 1326 1355 1496 1447 1505 1513 5000 
1886 1861 2237 2058 1758 1996 2114 1824 1568 2506 2232 2153 2194 2390 2390 2209 2751 2751 3212 3212 3212 3212 2325 3672 3672 3672 3672 3672 5000 
1604 1591 1616 1641 1653 1668 1672 1685 1633 1608 1613 1571 1541 1582 1575 1563 1531 1501 1492 1478 1431 1441 1452 1463 1472 1484 1457 1506 1550 
5000 1728 3747 3747 2502 3747 3747 5000 5000 5000 5000 5000 5000 5000 5000 5000 5000 5000 5000 5000 5000 5000 1278 5000 5000 1541 5000 5000 5000 
1649 5000 1448 1950 1830 2210 2210 1907 1929 2088 1753 2275 1999 1937 1703 1703 1983 2601 1714 1866 2297 2872 2872 2872 2872 2872 3144 5000 5000 
5000 1585 2014 1849 1879 1399 1642 1642 1642 1961 5000 5000 1690 5000 5000 1349 2033 1805 1387 1318 1581 1596 1588 1596 1568 1556 1594 1515 5000 
2285 3266 3266 1875 1403 1640 1776 1736 1680 1646 1646 2186 1860 2184 1839 1467 5000 5000 1201 1409 1494 1494 1564 5000 5000 5000 5000 5000 5000 
1206 1435 1289 1505 5000 1845 1228 5000 1441 1436 1350 1371 5000 1292 5000 5000 1271 5000 1484 5000 1355 1612 1268 2583 5000 1892 1682 1394 1040 1360 
1252 1694 1404 1794 1445 1735 1267 5000 1882 1375 5000 5000 5000 1316 5000 5000 1324 5000 5000 5000 1402 5000 1274 2583 1584 1892 1682 5000 1040 1391 
1248 1694 5000 1552 5000 1616 1290 1480 1859 1505 1797 1611 5000 1319 5000 1131 1320 5000 5000 1424 1349 5000 1275 1881 1290 1565 1399 1460 2344 1823 
1259 1548 1296 1552 5000 1536 1357 1414 1907 1542 5000 1552 5000 1318 5000 5000 1313 3070 5000 5000 1392 5000 1316 2583 5000 1892 1390 5000 1808 1804 
1277 1620 5000 1781 5000 1634 1348 1734 2077 1603 1700 1754 2533 1335 5000 5000 1346 3070 2984 5000 1356 5000 1330 2583 5000 5000 2533 1778 2133 1770 
1272 1772 1831 1775 5000 1593 1361 1847 2077 1613 5000 1731 2533 1343 5000 5000 1307 3070 2984 1919 1419 5000 1322 2583 5000 5000 2479 1703 1993 1948 
1258 1690 1355 1769 5000 1575 1338 1584 2171 1785 5000 1736 2533 1327 5000 5000 1304 3389 2984 5000 1414 5000 1288 2583 2391 5000 2674 2433 2563 1835 
1245 1820 5000 1693 5000 1554 1347 1676 2137 1701 5000 1755 2533 1319 5000 5000 1302 3364 2984 5000 1403 5000 1301 2583 2391 5000 2674 2099 2472 1835 
1248 1820 3058 1602 5000 1534 1347 1614 2095 1697 5000 1737 2533 1340 5000 1843 1306 3364 2984 1519 1383 1726 1304 2780 2391 5000 2021 1899 2563 1847 
1254 2067 3058 1501 1471 1514 1358 1582 1782 1584 1666 1649 2069 1334 2416 1615 1309 3249 2158 1439 1373 1557 1311 2122 2391 1561 1767 1626 2563 1728 
1269 2045 3058 1565 3143 1500 1376 1497 2154 1563 5000 1691 2533 1323 2416 5000 1305 3249 2984 1278 1389 1582 1292 2780 2305 5000 2278 3025 2180 1301 
1250 1750 2180 1415 3143 1486 1365 1480 2000 1558 5000 1745 2533 1325 2416 5000 1302 3249 2984 1353 1381 1704 1288 2751 2391 2304 2235 3025 1836 1350 
1249 1532 2180 1356 2547 1504 1365 1456 1832 1517 5000 1618 1766 1334 2416 1633 1300 2711 2984 1859 1383 1704 1289 1693 1640 2304 1952 3025 1622 1275 
1290 1767 1953 1334 2224 1538 1241 1347 1503 1483 1672 1505 1611 1402 1790 1167 1340 2595 1951 1522 1304 1226 1338 2022 1582 1546 1844 1564 1680 1392 
1290 1780 3058 1371 3143 1524 1241 5000 1464 1531 1883 1658 1716 1400 2474 5000 1361 3166 2984 2067 1308 1375 1357 2751 2906 1367 2533 1736 1865 1408 
1286 1953 3058 1493 2328 1540 1998 1340 1586 1533 1883 1727 1809 1405 2474 5000 1351 3166 2984 2670 1308 1378 1371 2751 2767 2325 2533 2224 1917 1643 
1285 1766 3058 1450 1361 1534 2548 1340 5000 1520 1782 1727 2012 1403 2159 5000 1351 3166 2113 2054 1308 1318 1362 2271 1995 2325 1676 2295 1804 2000 
1395 1534 1575 1297 5000 1427 2448 1462 1167 1463 1318 1486 1579 1597 1836 1571 1502 2215 1946 1946 1285 1379 1381 2059 2069 1529 1391 1419 1857 1714 
1449 1504 2178 1297 5000 1436 3029 1462 1225 1466 5000 1486 1707 1597 2474 1623 1529 3166 3328 5000 1286 1443 1390 2751 2344 1738 1572 1476 1929 1883 
1488 1447 3058 1323 5000 1454 3029 1543 5000 1488 5000 1497 1800 1655 2474 1905 1558 3070 3328 2250 1288 1464 1402 2751 2157 1659 1951 1558 1800 1891 
1592 1470 5000 1957 5000 1469 3098 1512 5000 1522 5000 1521 1646 1672 2474 1936 1604 5000 3328 2250 1296 1353 1415 2751 2157 1569 1951 2009 1853 1731 
1693 1431 2503 5000 5000 1526 3098 1362 5000 1567 5000 1536 1628 1740 2416 1861 1653 5000 3328 2250 1299 1458 1427 2751 5000 1739 2533 1923 1971 1757 
1827 1458 3747 5000 5000 1521 3098 1305 5000 1580 5000 1568 1602 1765 2267 1861 1682 5000 2966 2250 1303 1637 1439 2751 5000 1897 2533 3144 1680 1690 
1827 1437 3747 5000 5000 1572 3098 1750 1930 1629 5000 1554 1599 1862 2228 2116 1797 5000 3328 5000 1302 1533 1499 2751 1698 1949 2283 3144 1730 1827 
1788 1540 3747 1846 1770 1592 3098 1854 1930 1655 5000 1571 1600 1867 2228 2116 1835 5000 2984 5000 1300 1637 1519 1508 1470 1671 1943 1679 1500 1711 
1934 1567 3747 1741 1739 1572 2435 1552 1524 1670 1665 1462 1608 2026 2086 1566 1617 1307 2984 1486 1384 1212 1475 1722 1510 1519 1667 1522 1483 1505 
2010 1528 5000 1850 5000 1586 3098 5000 1601 1698 1631 1358 1618 2026 5000 1773 1619 5000 5000 1706 1385 1334 1504 2102 1510 1516 1897 1607 1684 1523 
1988 1538 5000 2252 5000 1564 3098 1668 1796 1638 5000 1391 1609 2004 5000 1773 1647 5000 5000 5000 1436 1334 1545 5000 5000 1573 1781 1393 1756 1520 
2137 1390 5000 5000 5000 1491 3098 1668 1616 1609 5000 1314 1653 2354 5000 2233 1385 5000 5000 5000 1476 1551 1594 5000 1631 1804 1599 1557 1628 1534 
Score = 944824408
    Finished release [optimized] target(s) in 0.01s
     Running `target/release/tester in/0002.txt ../ahc003_a`
5000 1569 5000 3341 3341 3341 3341 3341 2269 2300 3341 3341 3341 3341 3341 3341 3341 5000 5000 5000 5000 1387 1409 5000 5000 5000 5000 5000 5000 
1120 1253 1624 1444 1361 1446 1438 1366 1477 1526 1527 1582 1542 1665 1622 1695 1778 1751 1700 1669 1591 1537 1480 1501 1545 1592 1644 1688 1705 
1495 1467 1565 1654 1523 1630 2131 2297 2465 2288 1771 2630 2630 2236 2168 2408 2008 2004 2139 1966 1980 1744 1774 1891 2007 2007 1717 2131 2131 
5000 5000 1516 1692 1580 1639 3130 1442 2453 2301 2301 2301 2149 1260 5000 5000 1602 5000 1593 1665 2127 1768 1895 2075 1450 5000 1478 1235 5000 
5000 1822 5000 1250 1306 1544 1815 1716 1622 1794 1507 1664 1664 1664 1581 1587 5000 5000 1574 1842 1826 1403 1494 1526 5000 5000 1523 1749 2207 
5000 5000 5000 5000 2334 5000 5000 5000 3187 2235 3187 3187 3187 2600 2600 3187 3187 3187 3187 3187 3187 1939 5000 5000 5000 5000 5000 5000 5000 
1131 1225 1262 1258 1259 1285 1251 1249 1239 1248 1265 1274 1297 1329 1320 1335 1353 1368 1357 1388 1393 1400 1352 1354 1386 1405 1427 1466 1483 
5000 5000 5000 5000 5000 5000 5000 5000 5000 5000 5000 5000 5000 5000 5000 5000 5000 5000 5000 5000 1686 1686 1546 5000 5000 5000 5000 5000 5000 
1346 1599 1706 1706 1691 1500 1621 1492 1722 2010 1495 1622 1814 1784 1785 1779 1773 1726 1718 1855 1671 1601 1463 1463 1577 1619 1518 1567 1883 
5000 5000 1810 5000 5000 1777 5000 5000 5000 2005 5000 5000 5000 5000 5000 5000 5000 5000 5000 5000 5000 5000 5000 5000 5000 5000 5000 5000 5000 
1176 1129 1185 1199 1221 1189 1184 1179 1172 1158 1160 1169 1178 1193 1195 1199 1219 1222 1222 1209 1212 1213 1219 1217 1240 1249 1217 1244 1151 
1357 1296 1426 1390 1390 1446 1478 1518 1564 1563 1526 1550 1561 1596 1541 1531 1525 1537 1502 1574 1560 1489 1424 1431 1507 1496 1394 1402 1357 
5000 1316 1051 5000 1342 1353 1315 1315 1472 1634 1601 1755 1823 1689 1685 1704 1655 1565 1550 1596 1540 1454 1243 1243 1298 1247 1215 1155 5000 
2943 2943 2943 2943 2943 2943 2608 2943 2943 2943 2943 2943 2943 2943 2943 5000 5000 5000 5000 1819 5000 5000 5000 5000 5000 5000 5000 3510 5000 
1109 1087 1110 1125 1114 1139 1134 1158 1140 1127 1165 1167 1162 1166 1167 1188 1174 1173 1177 1177 1176 1181 1256 1282 1305 1343 1317 1316 1368 
2794 2267 2794 2794 2127 2794 2794 2794 3060 3060 2821 2821 2821 2821 2821 2821 2925 2925 2693 2925 2925 2465 2661 3281 2952 3326 3326 3326 5000 
5000 1705 5000 5000 1274 5000 1548 5000 5000 1381 5000 5000 5000 5000 3256 5000 1595 1595 1291 1303 5000 5000 1359 5000 5000 5000 5000 5000 5000 
5000 5000 1419 5000 1376 5000 1843 5000 1049 1353 2487 2426 2426 2183 2138 1886 2055 2426 2426 2508 2449 2449 2038 1769 2487 2487 1458 1528 5000 
5000 5000 5000 5000 5000 5000 5000 1253 1460 1514 5000 5000 5000 1434 5000 5000 5000 5000 5000 1354 1740 1740 1698 5000 5000 5000 1522 1540 1619 
1280 1310 1385 1378 1388 1401 1395 1391 1379 1379 1401 1420 1425 1408 1408 1404 1421 1414 1402 1386 1383 1404 1403 1414 1426 1441 1468 1478 1387 
1154 1215 1228 1279 1285 1273 1269 1266 1286 1326 1301 1300 1330 1349 1346 1350 1349 1361 1364 1354 1358 1363 1358 1358 1354 1359 1402 1399 1415 
5000 5000 5000 5000 5000 5000 5000 5000 5000 1318 5000 2991 2991 2991 2991 2991 2991 2991 2991 2991 2991 2991 2051 2991 5000 5000 5000 5000 5000 
5000 5000 5000 5000 5000 5000 3685 2398 2197 3718 3718 3718 3718 2639 3370 3718 3718 3718 2835 2927 3305 2184 1821 2539 3305 3305 1825 2419 3305 
3899 3899 2823 3899 2556 3899 3899 2576 1749 2036 3899 3899 3899 2141 3899 3899 3899 3899 3899 3899 2894 2480 2201 5000 5000 5000 1416 5000 5000 
1209 5000 5000 1415 1380 1319 1319 1248 1311 1312 1450 1517 1622 1505 1564 1804 1685 1665 1601 1590 1537 1511 1339 1348 1316 5000 1591 1628 1673 
5000 5000 2266 2266 2266 2266 2266 2266 1576 1723 2266 2271 2275 2044 5000 5000 5000 1534 5000 1473 1516 1437 1547 1884 1884 5000 1722 1435 5000 
1280 1349 1311 1293 1281 1302 1293 1285 1304 1315 1336 1342 1336 1342 1336 1336 1374 1375 1384 1399 1394 1403 1366 1375 1378 1397 1461 1530 1457 
1341 1119 5000 5000 5000 1484 1474 1404 1530 1512 1509 1593 1568 1510 1528 1584 1507 1506 1570 1506 1512 1512 1450 1447 1490 1552 1420 1442 1296 
5000 5000 5000 1459 1508 5000 5000 1625 1919 2289 2680 2362 2680 2368 1785 1979 1820 1851 1851 1729 1596 1342 1434 1316 5000 5000 1598 1612 1726 
5000 1500 1842 1560 1526 1562 1460 1393 1806 1776 1794 1764 1797 2106 1648 2135 1763 1639 1652 1629 1613 1546 1705 1705 1850 2046 1616 1672 1556 
1108 1196 1433 1299 2107 1806 1339 1117 1133 5000 1236 1294 1377 1948 5000 2076 1370 3341 1544 1383 2047 5000 1365 5000 1296 1293 1679 1519 1743 1638 
5000 1098 1751 5000 5000 1917 5000 2045 1253 5000 1431 5000 1511 1829 5000 2509 1759 3341 5000 1781 4074 2409 1399 5000 2991 5000 1913 5000 5000 2154 
1645 1144 1854 5000 5000 1477 1349 2184 1231 5000 1307 1855 1455 1586 5000 3256 1748 3341 5000 1615 4074 2409 1399 5000 2991 1425 1633 5000 3326 2890 
1518 1147 1737 5000 5000 1532 1437 1904 1232 2530 1309 1545 1432 1564 5000 2526 1710 3341 5000 1556 4074 2409 1407 5000 2991 1396 1467 5000 3326 2662 
1428 1135 1682 1506 5000 1583 1407 1864 1231 3107 1282 1632 1418 1564 5000 1800 1655 3341 1786 1521 4074 2272 1409 5000 2414 1452 1468 5000 2420 2556 
1417 1151 1592 1288 1318 1471 1390 1713 1223 3107 1283 1476 1342 1601 1939 1550 1591 1762 1679 1496 2265 2409 1384 5000 2619 1352 1484 1274 1885 2045 
1542 1145 1752 5000 5000 1978 1606 1786 1216 2528 1296 1675 1471 1837 5000 3256 1898 2273 2273 1683 4074 2409 1385 5000 2991 1997 1742 5000 3326 3627 
1453 1145 1654 5000 1301 1684 1562 1651 1213 3107 1296 1585 1381 1876 2577 2548 2001 3341 1850 1683 4074 1807 1387 5000 1863 1997 1625 5000 2257 2415 
1617 1127 1601 5000 5000 1926 1451 1770 1211 3107 1291 1737 1362 1679 3938 3256 1737 3341 2029 1565 3029 2409 1380 5000 2303 1997 1491 5000 3326 3095 
1509 1127 1468 1298 1992 1573 1472 1770 1213 2453 1277 1670 1365 1610 2232 3256 1709 1639 1785 1555 2582 1789 1380 3470 1790 1630 1536 1343 2352 2006 
1509 1132 1644 5000 5000 1668 1560 1730 1184 3465 1299 1737 1611 1723 2713 2198 1848 3341 1846 1741 4074 1855 1389 3470 2100 1817 1624 1514 2016 2200 
1525 1121 1605 1593 5000 1853 1446 1943 1178 3448 1310 1691 1540 1660 3054 2436 1760 3341 5000 1762 4074 2853 1388 3470 2991 1892 1606 5000 2879 3095 
1525 1119 1567 1593 1308 1810 1579 1943 1170 3295 1314 1638 1600 1769 3054 2266 1862 3341 1431 1876 2607 3297 1385 3470 1959 1844 1807 5000 2384 3095 
1849 1117 1558 1415 5000 1749 1699 1683 1169 2921 1317 1665 1646 1788 1961 2267 2007 1836 1383 1841 1938 3297 1385 2741 2020 1717 1807 5000 2041 2433 
1477 1111 1509 1458 1233 1447 1243 1736 1171 2876 1328 1570 1524 1677 1757 1802 1523 2126 1386 1438 1959 2170 1373 3470 2069 1554 1643 5000 1875 2139 
1516 1119 1531 1481 5000 1482 1270 1585 1173 3295 1346 1570 1672 1693 3938 2557 1566 2206 5000 1560 4074 2901 1367 3470 2991 1610 1668 5000 1732 2404 
1447 1122 1518 5000 1544 1525 1290 1880 1174 3295 1345 1595 1767 1793 3938 3022 1564 2439 5000 1673 4074 2901 1368 3470 2991 1655 1686 5000 3510 2584 
1427 1120 1550 1512 1537 1616 1362 1720 1175 3295 1351 1598 1678 1859 3938 2212 1727 2950 5000 1691 3896 2901 1375 3899 2991 1756 1705 5000 1917 2392 
1440 1117 1625 1460 1537 1493 1519 1643 1175 3295 1346 1638 1654 1882 2673 2040 1790 2370 1429 1646 3718 2399 1375 3899 2991 1683 1752 1431 1840 2099 
1968 1140 1626 5000 5000 1716 5000 1688 1201 3295 1367 1561 1771 1768 3938 2345 1826 2416 5000 1719 3718 3297 1394 3899 2166 1877 1652 5000 3510 2825 
1418 1126 1476 1396 1395 1380 1108 1435 1220 3311 1369 1518 1600 1520 2474 1901 1531 1947 1463 1583 3718 2078 1407 3899 1999 1472 1593 5000 1805 2207 
1418 1124 1493 1563 1440 1397 1053 1526 1219 3311 1372 1558 1614 1593 3700 2019 1587 1748 1472 1576 3718 3297 1410 3899 1503 1400 1593 5000 1805 2348 
1334 1129 1531 2052 1271 1535 1450 5000 1211 3125 1387 1597 1659 1639 3700 1665 1652 2037 1384 1648 5000 5000 1410 3899 1503 1288 1607 5000 1420 2415 
1373 1129 1638 2052 5000 1660 1446 5000 1211 3125 1390 1597 1694 1669 3700 1880 1760 2354 1645 1721 5000 5000 1404 5000 1682 1311 1614 5000 5000 2629 
1289 1128 1689 2052 5000 1697 1446 1129 1221 3414 1389 1572 1536 1717 3700 5000 1799 1894 1712 1755 1502 5000 1395 5000 5000 1591 1652 5000 5000 2578 
1451 1124 1512 5000 5000 1653 1446 1311 1222 3414 1421 1613 1578 1662 2974 5000 1740 2559 5000 1835 5000 5000 1383 5000 5000 1308 1631 1372 1416 2526 
1534 1123 1460 1239 5000 1377 1162 5000 1274 3414 1484 1633 1384 1488 3700 5000 1391 2559 1833 1491 5000 5000 1393 5000 5000 1241 1581 5000 5000 2563 
1389 1142 1298 5000 5000 1535 1287 5000 1285 3414 1443 1533 5000 1524 3700 1451 1394 2559 5000 1519 1936 5000 1399 5000 5000 1385 1597 5000 1486 2563 
1499 1142 1444 5000 5000 1663 5000 5000 1265 5000 1414 1595 5000 1377 3938 5000 1489 5000 5000 1554 5000 5000 1441 5000 5000 5000 1608 5000 5000 2563 
Score = 968186380
    Finished release [optimized] target(s) in 0.01s
     Running `target/release/tester in/0003.txt ../ahc003_a`
