[925230634]
955214378
904482521
957330342
921457347
930219390
938949006
837187051
964604905
945840526
954961189
882822657
915040452
879563884
961036005
906961740
927074752
911331345
941230185
862316273
914002705
931678012
961045493
966060019
941539362
959259624
960643742
945307138
962122409
960831818
914831858
954410288
886681323
947334041
880822720
936290805
941015299
947232078
939403810
931522961
950971600
955767006
872011659
908031032
901076853
947729658
951304919
930866231
920882537
953237358
917770403
886915975
967647147
920835630
952494081
957153203
948801079
901809627
932293980
957917816
948020048
902321477
948819568
907808753
919833515
954086246
939431817
882276766
830909624
949055358
906347062
911849563
917618235
954830371
921049781
896385988
920418847
911072414
750883176
949670639
869807159
896160078
951619532
918422618
900413815
922546958
949142709
946737585
952592548
956076260
902933732
953382129
936934177
948376629
865598000
966619956
949251459
883498869
901034314
913162538
900885939
