[928268868]
954121744
918758078
967417092
924661221
944605889
935920213
849624293
954622319
922496607
953456654
882738574
924569871
870537025
940704996
912094483
927739882
916109193
968862222
872394872
931419297
937290243
942102163
937691246
963623181
961158267
956155239
951485942
949784607
952908161
925860051
955497818
878991769
956224899
862871599
939307794
941500888
955052062
950321625
960549106
943655849
952430681
867288937
916465072
912522963
954987941
960751985
953313575
922982183
928882293
924413326
889313433
960381434
914323156
959926189
955291296
959267984
913352972
952698805
936782399
957438770
892076967
959527685
907273846
924679300
952374941
938084403
894855389
839005863
950224542
903014776
911158093
917731233
965695068
914261479
898817229
897092608
922224624
803415073
960242784
883710677
900359216
956816001
907743265
898198446
929165316
937782494
955388756
959015838
962104373
927459709
963474885
961548380
948723389
879577988
969563040
954855063
895733692
904056571
916815591
875335819
