[924428711]
949761762
924837493
912274856
923854994
936396855
937468241
895229780
936784391
929249030
939904001
871381773
925693822
899220361
943048439
910727396
927626614
886746036
949839068
896761513
925404334
895408361
932780762
946929653
883599353
930109474
944673537
950362582
928315593
951326210
935663260
942999009
894787984
934798289
897309536
939489594
922834289
934646190
928948080
923982418
946159986
942195881
909937229
917573057
922935407
931108584
933334362
920392485
923343556
942489267
920524604
903139931
940894402
907534312
953826230
944143265
945694787
911725140
938074614
950407066
946588220
915483059
952809621
936212602
906952110
940651863
929683530
922375052
878546019
939122117
893884547
917935985
927568998
937462337
934149277
899306502
913410463
923516242
863125330
948957966
897245117
897169389
948226011
928320683
904092201
927719116
940720058
922144986
915040585
938034766
929004001
933810658
939054726
939842894
871629633
947987942
954328366
910043543
920939920
895666943
907498691
