[951567699]
965756737
960470230
968153299
947161222
949134297
938750377
922040151
973126102
959169104
962571200
922710864
948176183
916352168
966799255
939113355
955287277
952565870
978226074
918321905
930966085
933634366
972719611
972333653
962753033
961533049
973128308
968120641
957583724
961732549
951837965
962752607
935704152
963242592
943624716
941044686
952416690
965173979
938924954
962887820
963867841
956703199
941009733
925587736
949379467
967384744
969226612
965062321
933782126
968263848
968716598
937021620
967937713
945966454
973860973
955825432
968275918
942643593
944131601
953164376
973129696
950573772
971388308
952861311
943444027
966300682
963659116
931051376
937342953
946837329
944498641
949215846
932349889
975229589
955212683
926865819
935322603
954286696
912564337
970687832
932379314
927614310
956639632
934383340
918476750
957752910
937419965
964451625
963342157
972737277
934527692
965387063
969069477
944443321
935846599
969020487
970340042
922328626
931795368
948207698
953971078
