40 80 60 70776
96 101 90 123 103 101 104 60 63 71 73 58 62 72 65 93 114 124 125 108 138 105 111 93 101 114 97 88 75 82 114 89 66 76 72 56 64 73 92 81 90 64 95 91 86 73 78 68 86 77 95 70 69 84 74 79 79 86 79 97 93 90 89 88 77 113 135 125 130 138 120 143 133 131 153 140 119 154 121 141
86 100 102 77 104 98 101 85 88 90 90 87 86 99 71 48 53 42 43 34 36 50 51 58 64 60 48 41 87 98 99 105 61 61 49 50 56 64 59 44 64 50 49 55 62 47 71 61 65 94 101 98 86 85 92 84 101 103 91 98 98 89 93 100 93 130 137 126 122 152 133 121 179 165 172 133 145 110 111 124
113 85 115 99 90 102 111 92 83 101 93 85 76 97 85 108 87 116 107 111 87 109 100 87 122 87 89 82 97 78 83 99 55 54 49 55 57 51 83 83 84 80 71 102 112 106 92 102 116 23 24 19 18 29 19 26 22 30 25 29 16 33 24 29 18 21 24 17 26 27 26 28 26 23 33 19 24 30 27 26
46 52 42 48 42 66 53 52 32 43 38 33 44 28 33 75 73 72 80 76 71 105 113 104 95 110 118 88 98 98 76 96 114 93 103 105 110 115 113 104 96 96 95 104 58 57 77 51 62 148 150 131 145 130 116 129 134 100 109 108 120 115 123 138 133 96 109 107 90 133 132 104 94 98 68 84 68 89 95 95
59 65 55 75 56 79 68 80 70 72 52 60 75 61 73 72 57 61 76 85 83 65 125 86 96 82 92 100 90 86 87 98 114 105 103 88 118 100 49 58 60 58 46 53 71 80 58 79 78 79 66 64 82 87 66 69 78 69 75 84 82 103 117 94 84 78 104 80 80 125 118 109 130 129 153 135 163 178 159 168
55 48 61 48 58 54 31 59 55 58 65 60 61 62 62 47 55 59 56 49 59 47 51 48 51 41 48 50 23 29 36 23 62 61 59 55 73 56 17 10 14 9 13 15 26 23 23 17 21 18 29 29 28 29 21 23 34 21 16 25 20 28 25 18 29 75 73 76 82 35 42 28 66 86 52 63 74 66 64 70
107 90 123 125 104 100 101 134 165 152 136 157 131 151 132 76 70 84 84 88 83 93 99 86 74 86 84 89 183 165 160 164 115 122 120 142 119 119 115 111 117 147 107 105 133 145 129 148 159 90 84 91 90 73 62 71 87 104 110 97 96 76 69 90 82 95 107 86 107 128 135 128 76 93 71 74 79 86 70 81
120 105 111 84 95 103 107 77 78 89 90 80 107 81 78 91 98 94 103 97 86 100 72 85 96 68 91 88 92 96 116 92 45 38 50 58 39 60 61 65 65 63 69 67 74 79 88 79 83 100 88 66 86 84 100 106 98 101 92 103 92 84 75 90 75 123 130 105 148 124 117 114 121 137 136 130 165 148 143 166
72 57 70 62 58 52 51 60 53 48 48 45 42 55 58 66 63 73 66 65 73 69 93 90 100 86 105 91 88 101 95 90 96 102 109 100 96 80 46 68 56 62 57 58 65 70 64 60 57 123 110 119 108 145 129 119 138 128 115 121 121 163 141 158 145 136 136 135 142 155 127 129 113 146 122 121 142 146 124 139
97 72 92 86 74 77 89 66 57 49 71 64 70 62 69 127 104 103 102 118 99 114 130 129 133 121 123 142 70 75 73 82 59 55 45 63 48 53 85 71 89 84 88 89 92 103 104 98 109 90 98 88 91 77 64 66 81 105 86 103 102 96 100 107 91 60 109 94 76 101 105 128 105 83 109 106 52 88 75 73
25 18 31 32 31 18 20 41 25 31 32 25 30 34 35 10 13 18 10 17 15 13 13 16 14 14 16 20 21 20 23 20 18 15 17 11 14 14 48 57 50 52 45 57 17 16 18 12 18 76 69 76 68 66 82 87 76 45 58 64 59 69 62 60 60 30 22 34 20 43 28 31 30 25 21 32 19 31 28 21
63 90 76 84 95 83 79 60 74 70 71 69 83 83 66 89 79 86 82 74 70 69 107 78 93 89 106 99 93 89 94 86 64 60 71 80 47 56 94 87 89 86 97 104 76 60 55 53 64 50 67 58 53 51 62 69 56 69 77 78 73 67 69 69 75 17 24 27 26 34 26 41 18 18 33 35 19 30 25 21
76 65 89 67 62 62 80 41 47 58 48 47 41 49 43 68 77 64 67 79 63 63 97 126 96 98 92 117 91 79 84 90 63 51 54 54 55 47 67 64 62 74 67 67 68 57 75 66 75 133 122 123 134 102 109 130 125 133 145 128 125 145 127 157 140 80 100 75 80 160 126 120 144 134 118 129 163 156 148 134
101 99 120 113 108 100 104 95 97 88 84 89 90 84 83 48 57 52 51 60 53 60 52 59 60 56 61 55 73 76 79 73 76 61 63 66 63 57 61 72 55 80 75 57 94 71 65 70 89 139 136 148 156 133 132 156 121 132 151 155 151 134 158 140 142 122 122 111 105 145 158 155 161 154 162 175 149 151 150 159
34 38 31 38 23 30 37 12 11 10 14 13 14 16 16 61 55 53 49 47 57 39 61 59 73 57 58 64 16 22 17 25 50 43 58 44 47 53 49 34 41 36 35 36 70 65 55 53 66 15 23 29 32 25 22 23 15 24 25 21 16 26 22 20 25 20 24 29 32 25 28 28 21 35 22 24 17 18 26 26
87 101 89 91 90 91 78 88 91 75 84 67 81 107 78 48 25 41 44 37 31 31 53 28 41 40 50 50 20 21 18 23 19 8 9 17 16 16 32 43 46 51 41 25 19 22 19 25 20 33 23 30 22 34 19 29 27 20 29 29 28 26 23 25 23 67 68 68 65 41 37 27 86 86 78 77 80 75 87 69
51 53 72 71 70 66 69 87 83 78 75 72 89 77 88 55 41 43 50 41 53 51 56 69 48 58 54 58 103 111 93 73 57 64 73 65 58 65 137 116 121 151 130 114 98 76 81 79 104 33 22 23 28 15 20 20 25 26 21 19 17 23 16 17 22 23 25 21 18 30 32 31 27 23 31 27 26 18 24 27
43 33 24 31 31 36 31 47 44 37 50 31 43 34 45 11 13 15 18 16 18 14 17 25 21 13 18 14 29 24 26 23 19 11 11 10 17 12 75 61 53 57 70 63 72 82 63 80 78 24 20 21 20 22 18 18 21 26 19 28 30 24 22 21 17 62 81 66 65 30 39 31 74 66 80 80 81 82 74 90
73 79 103 95 119 91 105 55 51 45 48 57 57 41 42 68 90 63 72 62 82 58 86 95 97 62 107 88 20 31 19 28 14 12 17 21 22 19 14 10 17 13 25 10 36 46 44 51 52 20 25 27 27 29 18 14 20 25 26 25 18 21 19 31 19 73 71 78 59 59 69 74 88 91 83 66 97 78 102 79
26 21 43 28 26 28 27 38 47 47 50 42 39 33 39 44 43 34 51 46 43 43 18 15 13 16 24 12 21 20 22 19 56 56 52 48 55 57 15 14 13 14 14 14 18 21 20 23 19 67 60 66 62 78 79 87 73 67 71 91 72 63 55 73 72 27 20 29 26 40 27 26 33 26 22 23 24 23 23 19
75 68 77 77 90 70 77 57 58 49 55 42 48 40 67 35 42 45 39 36 34 34 40 37 36 36 34 33 23 29 24 28 51 56 49 60 52 60 38 37 36 33 34 35 48 36 44 39 34 72 85 70 78 84 68 61 64 55 58 69 48 72 70 69 55 20 34 22 20 33 33 27 25 17 26 15 19 16 20 25
74 83 71 60 86 79 67 73 65 88 74 75 53 75 82 56 40 44 33 47 55 49 67 66 57 66 43 64 90 107 104 92 54 57 47 45 50 48 89 75 80 74 87 64 98 130 116 117 107 84 89 83 87 82 106 97 79 104 89 96 89 77 61 78 77 152 184 169 145 90 101 114 135 151 147 151 133 113 131 132
29 31 34 41 25 29 35 10 8 13 8 10 8 14 9 60 47 58 48 44 52 39 64 71 57 61 50 67 22 19 24 18 54 49 47 47 45 56 19 16 13 20 17 14 12 12 14 25 20 65 69 69 45 67 65 59 53 66 63 77 53 62 80 88 69 22 15 22 27 34 26 26 75 110 99 75 85 81 95 69
51 49 65 62 56 60 51 40 40 32 26 28 41 28 27 41 38 41 53 42 45 34 30 46 40 43 45 41 23 32 34 19 52 39 51 38 40 55 53 47 48 54 52 47 20 15 22 14 18 61 54 61 61 58 62 78 79 63 79 66 61 60 65 60 69 22 23 20 13 33 26 22 22 25 25 33 26 19 16 17
76 81 77 74 82 86 76 73 81 107 87 74 76 99 90 52 47 47 44 38 58 58 74 54 65 74 48 76 85 96 108 93 118 98 103 77 90 89 78 73 68 83 81 70 98 71 75 84 93 26 24 20 32 20 21 21 21 28 23 25 24 25 27 27 29 19 25 21 28 31 29 22 21 16 19 29 18 20 31 25
100 102 121 111 98 123 139 64 60 72 67 60 63 66 73 111 108 96 89 109 113 106 77 86 86 101 91 90 106 102 91 104 57 48 51 44 60 54 107 90 83 97 92 118 70 69 56 65 49 73 74 92 100 58 92 88 79 86 96 94 100 78 83 78 84 91 85 89 106 123 121 114 96 75 92 72 85 81 79 114
65 71 71 69 56 52 49 51 50 50 55 37 56 44 43 89 87 76 93 94 91 69 79 92 84 88 85 91 95 94 81 94 110 77 136 127 118 107 66 82 87 61 70 59 85 82 80 90 99 33 22 22 25 23 21 30 25 24 22 15 22 23 30 27 28 77 84 92 86 29 36 32 87 80 85 103 93 91 73 61
31 29 25 34 13 23 30 9 19 5 15 16 9 8 7 18 18 13 16 13 14 13 18 9 13 16 9 14 24 16 26 19 20 8 17 16 9 9 39 36 42 43 40 38 19 18 24 17 22 24 18 18 22 22 22 29 14 25 25 18 21 21 23 19 26 21 27 10 25 36 41 34 96 100 104 75 72 80 71 73
71 64 62 49 60 60 57 50 43 40 58 51 49 48 47 93 91 89 81 94 87 74 74 60 60 52 80 59 84 82 77 103 71 50 55 51 50 51 90 96 117 88 84 102 106 83 93 80 87 118 88 96 89 93 69 80 72 79 95 63 90 108 110 79 102 94 79 83 84 122 113 111 64 77 76 84 78 80 82 77
25 67 67 61 61 57 57 61 70 75 68 59 57 62 61 83 77 87 92 93 81 83 90 99 89 89 95 82 89 100 91 88 84 103 96 87 108 87 65 63 74 65 76 63 75 84 68 66 76 116 130 114 118 98 99 131 110 149 132 135 138 168 128 136 145 86 81 102 90 139 130 132 72 69 93 95 104 95 89 114
73 69 85 79 78 60 75 68 63 63 72 71 66 81 65 34 38 24 31 32 37 25 41 58 47 46 39 48 23 27 24 31 6 17 15 13 15 16 55 29 47 35 38 49 16 18 20 13 24 20 21 28 26 23 32 19 24 27 16 29 31 29 26 28 23 68 59 80 77 23 26 29 61 73 79 66 86 94 75 90
62 72 64 69 58 68 60 55 53 60 58 60 52 57 65 68 68 83 78 79 93 75 80 89 92 85 78 76 95 86 77 85 110 106 99 92 115 107 84 89 100 84 78 83 95 99 92 106 95 25 25 35 23 18 16 22 26 26 20 26 16 26 22 28 17 21 15 23 19 26 32 28 16 23 22 18 18 21 20 23
33 38 64 49 45 58 50 53 55 42 59 42 56 42 66 60 43 59 64 57 56 46 46 65 69 52 65 67 95 80 69 113 71 66 66 61 58 73 74 83 97 102 99 75 71 66 65 72 64 25 23 18 14 25 25 21 27 20 25 22 18 35 22 26 22 22 20 22 19 26 25 32 21 25 22 24 27 16 27 33
75 64 57 62 61 63 59 61 51 71 65 61 52 68 60 72 73 79 75 79 81 62 86 77 70 97 102 101 17 20 31 24 16 18 26 13 18 12 36 38 40 39 39 46 12 15 25 19 32 26 25 18 19 19 22 15 22 25 24 25 11 34 27 18 15 18 17 18 26 35 28 34 24 19 15 29 25 23 20 30
14 11 11 10 12 15 17 14 13 8 17 17 6 14 6 42 38 38 35 42 45 42 56 40 51 50 48 40 21 20 31 19 19 9 19 17 22 16 32 31 29 30 28 20 63 51 51 62 65 34 19 25 25 24 17 21 20 19 18 28 23 25 22 29 30 28 19 23 26 36 28 34 27 27 20 22 16 25 21 18
69 62 59 77 59 60 66 37 35 34 40 36 47 47 40 67 55 49 52 41 49 63 68 59 57 60 68 77 106 91 82 97 125 142 122 116 86 122 95 76 81 89 80 84 115 129 80 116 111 23 29 27 18 23 27 22 31 27 14 21 18 20 21 22 18 18 13 24 23 38 33 32 26 30 25 20 24 22 26 20
60 65 53 63 67 54 74 69 67 69 60 73 71 73 76 99 116 107 114 114 137 137 82 97 64 98 75 85 77 66 76 72 46 66 51 53 41 51 79 75 62 69 54 73 93 90 84 77 77 68 78 81 71 86 107 85 84 52 90 83 76 90 99 99 104 76 97 82 82 131 124 143 93 100 102 86 88 88 79 102
73 87 69 86 65 74 80 69 57 58 63 68 59 69 49 79 77 69 80 65 80 69 73 91 84 81 71 81 58 82 85 80 65 68 42 58 63 67 108 103 95 108 108 112 90 90 84 66 76 106 119 87 95 82 87 97 82 93 108 87 111 105 86 80 96 132 83 130 124 181 182 181 147 162 152 145 155 149 163 156
22 13 19 14 16 10 13 40 46 41 42 39 52 30 40 11 17 9 13 9 12 8 17 16 18 21 19 12 28 12 29 24 55 53 44 53 51 59 70 68 81 66 73 87 50 35 42 41 46 19 18 18 23 18 28 22 29 26 25 26 34 30 27 30 23 19 16 29 20 35 30 40 18 22 22 24 18 20 22 20
116 98 113 106 122 118 118 82 85 94 86 82 97 92 79 98 104 122 118 112 91 94 115 120 141 124 125 108 172 170 155 165 99 88 89 107 100 95 93 98 105 89 106 125 120 131 114 132 102 144 148 134 133 119 119 120 135 134 137 132 124 121 110 112 135 76 68 89 64 106 101 108 87 90 80 85 110 87 93 103
133 250 386 525 660 796 950 1098 1281 1449 1600 1774 1919 2086 2232 2373 2502 2639 2778 2909 3062 3214 3358 3501 3657 3794 3933 4090 4292 4480 4657 4840 4979 5136 5287 5444 5576 5711 5863 5992 6126 6293 6437 6576 6723 6884 7027 7191 7367 7531 7697 7861 8034 8195 8341 8514 8667 8832 8999 9171 9338 9524 9699 9874 10035 10203 10406 10593 10757 10957 11158 11358 11556 11739 11929 12123 12306 12503 12683 12869
10 10 20 19 10 32 6 11 7 16 44 17 14 16 42 18 30 45 24 55 28 13 36 36 20 11 15 66 14 16 38 18 29 28 76 24 12 9 59 6
