20 40 60 68711
45 64 64 52 88 88 113 85 86 81 102 90 80 33 32 29 23 26 34 34 37 29 27 33 36 31 23 26 51 52 54 49 67 51 48 43 38 52 54 53
57 48 52 53 81 86 75 99 82 71 87 89 72 68 75 69 73 71 73 55 102 87 105 90 71 83 81 78 37 49 48 53 30 32 28 44 46 38 40 42
59 61 45 59 25 34 28 33 32 40 48 56 33 74 61 51 76 70 67 81 49 56 52 54 42 59 46 43 60 61 49 53 65 44 60 49 63 56 56 51
155 142 42 57 26 23 26 26 44 49 36 55 36 34 35 33 32 36 33 27 33 27 33 23 33 28 22 33 58 73 71 66 60 67 60 66 81 79 59 77
50 68 48 49 94 79 96 85 114 109 89 102 94 28 34 26 32 33 32 29 7 10 10 23 13 14 17 13 66 48 49 58 56 45 54 47 56 53 63 55
68 49 48 58 20 26 28 27 23 24 28 24 15 76 80 71 81 62 60 64 81 55 69 66 82 55 61 76 75 62 79 63 89 76 59 67 65 68 71 61
68 51 53 60 31 22 23 26 46 36 43 45 39 93 75 88 86 76 87 81 73 76 78 62 63 72 81 51 84 76 92 77 87 51 77 63 66 85 64 74
48 53 57 47 31 24 29 32 61 55 36 49 46 58 59 57 75 60 67 58 62 73 67 60 72 70 72 79 21 12 15 17 17 15 15 17 23 17 16 18
55 56 41 62 86 101 82 71 108 84 100 78 95 82 61 76 79 57 88 73 64 57 62 83 77 67 82 65 31 30 43 23 36 38 45 40 43 36 37 37
52 67 53 48 88 102 104 85 104 90 86 99 102 18 21 17 18 16 13 17 32 35 41 41 33 32 27 40 18 9 18 17 22 24 16 18 16 29 23 19
53 55 43 56 88 77 80 93 108 91 82 85 95 79 123 88 89 101 108 95 60 66 75 62 70 75 72 72 71 68 55 58 70 66 69 71 76 81 73 73
49 66 54 57 28 19 32 28 16 18 25 21 22 85 84 58 74 67 76 91 85 75 88 89 83 74 77 76 63 74 72 63 88 67 77 67 69 73 71 78
61 43 43 61 31 26 22 21 45 47 32 44 48 91 76 72 87 86 74 92 64 78 70 78 76 66 73 87 37 28 42 37 29 33 29 37 34 40 32 35
51 55 55 54 26 25 26 26 45 48 49 41 41 34 31 29 35 27 33 29 24 32 23 31 21 28 29 20 86 63 76 67 74 78 67 81 78 61 79 80
57 61 50 62 29 24 26 31 17 25 20 21 22 47 56 55 39 47 44 47 46 42 45 51 46 52 48 35 81 69 64 76 79 84 73 59 68 79 56 77
51 61 61 57 27 22 28 24 57 38 61 36 47 38 30 39 21 45 29 28 35 57 46 44 49 37 49 38 66 88 82 56 69 56 66 81 78 90 64 87
172 136 53 58 27 19 25 36 16 27 16 24 15 31 50 26 31 32 39 33 56 62 49 59 41 40 41 51 89 67 55 61 52 68 81 65 75 74 68 59
64 49 49 55 31 23 24 21 17 19 21 23 20 52 49 53 56 49 57 61 42 52 45 47 37 45 56 56 19 19 16 14 12 20 26 20 19 17 18 15
170 170 59 42 84 95 94 85 79 76 64 71 75 15 19 19 12 14 11 12 12 13 13 12 16 14 12 15 50 52 48 56 61 55 52 60 40 41 48 64
171 55 70 56 72 32 51 57 74 96 72 97 61 102 127 105 105 113 101 97 95 83 100 107 90 86 88 108 94 94 82 79 78 85 87 77 79 76 91 89
190 378 449 518 622 735 860 970 1096 1217 1330 1443 1556 1659 1795 1905 2014 2132 2252 2358 2471 2568 2685 2796 2894 2986 3077 3186 3285 3383 3485 3571 3670 3763 3853 3943 4033 4133 4226 4323
61 40 47 60 63 51 31 72 26 65 20 48 47 57 65 48 54 83 61 1
