40 80 60 71153
35 24 24 26 22 30 21 24 24 15 20 13 22 16 9 14 8 7 12 12 10 9 12 19 11 17 10 11 14 10 24 9 11 14 25 13 20 26 102 89 70 88 78 84 104 85 88 104 80 93 103 110 108 94 103 86 84 96 113 100 87 34 40 46 30 45 62 69 64 82 72 51 55 54 38 54 61 60 49 49
65 78 62 71 80 74 40 49 43 36 53 67 54 59 51 41 36 36 40 37 44 48 38 30 37 27 28 31 29 29 28 40 35 31 41 71 42 67 46 55 53 62 54 70 61 58 44 60 47 60 47 70 65 66 53 60 61 56 48 56 64 36 39 40 47 40 11 19 18 20 19 51 52 34 56 45 38 45 51 75
105 77 91 120 79 100 79 78 75 70 76 47 59 57 37 46 47 42 50 45 44 34 41 35 54 35 50 49 55 60 71 63 72 62 92 65 75 78 79 76 87 82 75 85 67 70 57 65 67 62 81 101 90 102 75 86 106 117 127 108 89 57 59 56 60 55 58 48 41 58 52 62 55 61 87 50 54 69 69 74
115 134 148 155 138 139 162 130 155 157 102 95 93 94 74 95 85 84 92 91 89 88 119 129 110 112 121 120 73 71 68 61 88 86 120 114 101 95 66 58 50 47 61 65 50 49 62 51 41 59 47 49 56 50 55 57 44 41 53 44 46 87 100 80 74 79 54 56 46 56 54 59 62 61 71 62 63 60 60 67
61 66 61 69 65 63 98 101 105 110 112 92 116 107 64 73 59 64 76 61 65 64 74 78 86 65 81 72 41 44 52 52 39 44 61 51 53 48 14 12 11 9 16 17 8 11 7 14 10 8 12 10 16 8 19 14 18 15 15 13 18 35 31 58 55 35 40 43 35 51 40 15 17 12 18 12 21 16 11 20
96 96 95 109 90 100 77 85 73 71 55 57 73 67 64 53 66 63 38 55 69 43 57 45 45 40 54 43 65 69 71 85 80 68 85 61 65 67 75 82 82 79 86 69 87 74 95 83 102 104 85 107 92 109 115 114 105 113 70 119 105 50 50 61 61 70 56 51 39 53 55 47 47 53 50 59 58 62 46 62
94 96 110 87 87 94 102 100 87 101 94 75 77 65 57 44 48 55 52 45 44 43 46 59 45 45 56 55 56 53 53 65 72 53 41 70 60 63 61 57 55 66 53 61 55 50 41 63 50 60 55 95 69 86 83 73 93 66 99 94 76 117 109 92 113 101 86 88 82 73 80 61 64 68 80 80 97 103 102 98
22 23 27 18 28 21 12 19 21 17 11 23 24 26 55 55 60 56 56 67 59 58 48 50 60 58 45 59 14 10 14 17 17 8 21 16 16 14 27 18 32 25 33 32 21 24 17 18 21 28 29 19 16 12 14 12 15 14 18 14 6 12 16 7 21 17 14 14 13 20 22 94 95 82 80 113 52 41 58 59
75 101 90 99 109 97 56 55 73 46 65 49 57 67 58 50 63 50 64 52 46 47 66 70 83 95 69 70 73 78 60 65 63 73 73 83 88 64 41 44 48 60 54 45 33 31 39 35 31 30 34 57 63 70 63 63 61 44 60 67 79 70 84 81 73 65 98 85 82 84 87 54 38 51 48 44 80 84 71 66
21 30 30 15 29 22 21 10 17 20 17 31 19 18 60 66 56 63 63 60 52 63 43 50 30 44 42 39 70 54 51 52 68 66 71 74 79 64 39 27 31 30 33 29 23 22 22 25 24 20 18 11 17 15 16 14 10 17 27 12 18 20 15 12 14 16 36 43 48 43 48 14 11 14 15 15 18 22 19 18
91 81 83 92 96 98 76 54 61 62 78 54 77 66 54 65 45 51 40 51 45 48 53 43 51 54 55 48 101 95 95 106 97 88 140 118 141 149 40 39 52 37 38 38 42 63 50 56 42 50 58 73 57 49 52 55 47 53 51 48 48 55 64 66 52 50 59 61 58 54 56 93 78 83 92 122 102 109 75 106
151 144 127 104 122 107 145 136 111 129 97 98 85 86 69 67 81 61 79 75 59 62 82 71 76 62 64 81 108 115 105 126 116 103 160 185 182 186 47 63 54 57 45 51 39 27 37 40 34 41 43 55 69 68 66 53 38 58 46 54 48 80 45 47 89 54 70 54 58 60 43 70 71 92 69 69 96 108 133 128
25 30 21 13 23 29 18 18 17 12 22 21 17 23 30 36 25 28 26 36 38 42 42 40 50 62 60 66 52 57 79 62 59 62 85 72 82 59 41 47 39 48 36 52 40 37 44 46 34 38 26 69 67 70 81 67 50 57 45 47 62 15 13 11 14 11 35 47 35 42 42 16 23 18 15 17 20 21 15 19
24 33 32 38 20 22 66 64 81 57 72 67 83 76 33 47 45 29 28 32 39 40 40 57 42 47 58 43 14 7 11 13 12 13 24 18 17 23 93 84 96 77 81 94 73 59 57 72 84 63 79 115 105 98 111 82 103 93 103 83 92 46 48 51 34 49 50 47 50 43 52 77 63 72 78 71 94 97 105 103
67 90 81 99 100 79 136 116 122 112 92 60 68 83 38 43 34 49 46 43 41 56 44 53 40 50 49 50 56 56 50 50 51 48 64 55 55 60 57 55 66 86 82 87 84 77 53 58 66 64 75 73 44 57 57 54 46 62 42 57 46 59 63 56 77 68 66 44 54 57 40 63 55 61 74 58 64 64 69 64
100 115 115 113 111 101 91 122 80 105 95 89 94 109 87 76 55 77 87 85 67 76 66 84 61 66 74 70 75 69 73 75 74 77 75 103 83 92 113 108 129 116 123 117 81 103 96 87 100 102 119 126 130 125 133 151 119 131 141 147 128 96 79 74 89 69 64 82 73 88 78 87 71 93 98 93 125 136 109 120
70 97 88 84 82 68 97 57 60 76 77 60 73 86 37 36 34 31 26 36 36 28 43 54 42 49 52 46 47 34 42 55 52 48 71 79 57 61 91 78 71 72 79 63 79 67 66 73 78 68 64 96 84 77 84 103 72 75 86 85 86 101 103 80 76 96 68 79 81 80 81 65 77 86 62 77 118 118 120 108
75 88 92 104 103 86 177 191 165 152 85 96 99 131 51 57 45 60 54 58 69 58 69 84 113 103 93 102 44 39 35 46 35 39 78 79 82 78 33 46 33 47 49 40 51 39 46 49 53 50 45 56 46 37 49 42 63 56 53 67 58 85 91 91 104 80 50 50 48 47 55 41 55 35 55 43 76 76 87 76
108 115 92 100 109 108 117 123 115 111 52 68 54 49 30 28 30 31 24 32 26 35 51 64 47 42 58 38 93 89 77 108 91 88 117 108 103 122 67 59 61 53 71 59 67 63 53 73 65 60 74 91 78 72 79 90 76 77 70 90 76 115 79 94 104 98 103 86 100 96 105 116 140 134 117 108 123 123 136 116
82 88 76 103 107 106 84 65 73 65 65 51 60 75 57 60 56 60 41 65 60 53 98 86 93 73 86 90 59 61 58 60 55 52 59 79 79 76 39 37 45 52 36 37 41 33 26 33 41 40 28 46 42 46 51 49 65 58 70 56 57 47 60 52 74 59 49 48 47 44 40 59 59 48 63 52 77 69 76 70
86 85 75 98 82 72 62 49 58 62 57 58 55 64 38 36 44 50 36 41 32 35 39 40 42 44 47 41 57 68 62 71 75 68 79 59 73 76 48 37 43 36 47 41 38 36 37 39 29 31 41 55 56 50 54 59 62 67 47 57 53 88 76 70 96 91 68 68 76 67 76 76 66 67 73 79 119 105 128 91
27 27 24 29 22 28 19 18 20 22 13 20 12 23 20 28 34 35 39 32 27 32 40 40 44 43 47 49 75 63 61 65 62 81 65 68 73 66 45 49 64 52 62 47 65 64 79 70 63 57 58 47 55 56 66 56 60 65 54 53 57 21 18 20 16 13 40 26 39 34 32 11 17 20 14 20 22 19 23 22
90 95 86 107 110 90 52 68 67 72 74 64 65 71 70 71 75 78 73 89 77 65 79 72 64 71 67 83 76 89 89 74 91 81 136 134 118 141 38 49 55 49 35 41 67 68 51 54 57 63 60 54 67 62 64 60 66 70 58 61 60 49 50 52 64 62 49 50 35 44 47 44 51 51 63 44 56 74 56 54
25 30 30 26 19 26 18 20 24 15 20 19 15 18 23 31 34 35 33 36 29 27 40 44 39 43 44 39 16 11 15 16 10 13 18 19 16 22 63 70 66 70 72 67 55 68 70 64 66 47 74 93 96 92 115 105 88 117 94 99 107 41 51 47 41 53 56 46 40 33 53 136 137 123 123 140 99 83 102 75
15 27 22 18 24 26 24 24 18 12 18 19 14 22 10 13 8 10 13 12 9 12 16 12 13 13 19 14 62 75 79 82 77 65 86 92 84 81 36 27 36 41 37 33 49 42 52 41 53 39 44 35 41 39 36 50 49 42 41 48 35 46 51 51 47 34 49 73 62 67 60 105 102 96 101 121 53 47 62 58
29 26 33 29 26 28 26 22 17 17 16 20 18 10 45 39 37 44 39 46 54 43 34 51 30 36 38 49 21 12 15 7 15 14 24 23 18 20 57 55 48 53 55 44 50 46 48 37 64 52 47 67 67 71 73 72 70 53 65 60 58 16 14 24 20 15 7 16 11 14 21 98 87 102 98 88 61 54 52 47
88 101 103 86 92 111 52 61 51 64 82 84 71 68 31 26 37 26 36 30 31 27 46 45 48 47 34 46 53 72 71 61 71 69 62 74 57 44 47 37 56 42 41 58 36 27 30 32 45 28 28 59 57 60 50 46 41 68 61 69 55 97 82 82 99 86 84 89 82 65 69 48 51 46 36 46 81 76 66 75
16 28 22 22 34 21 19 29 20 21 25 22 22 17 33 33 30 36 20 31 27 28 18 12 6 11 10 11 77 71 74 85 82 77 68 70 79 61 58 47 57 53 56 51 64 69 79 71 57 73 79 67 88 75 55 68 62 67 57 55 57 20 15 13 23 12 31 42 48 37 25 13 13 12 13 16 19 11 18 25
27 27 27 27 30 22 16 17 21 14 17 18 23 9 45 38 41 38 37 38 43 45 56 47 55 49 47 52 12 14 14 10 9 15 19 19 28 24 32 48 45 54 37 42 36 20 42 27 34 36 33 47 40 61 39 56 50 39 48 45 30 68 70 72 72 70 42 40 57 48 37 43 33 37 49 41 43 53 63 52
144 135 164 163 143 138 191 189 197 191 122 125 142 138 104 109 98 90 112 98 97 95 98 105 130 98 109 91 134 144 134 135 133 143 152 125 136 150 39 40 40 41 39 37 28 34 37 31 37 30 33 65 59 55 62 48 51 57 36 58 46 75 73 65 60 69 63 56 51 56 51 69 57 58 38 46 62 70 71 81
84 91 101 105 89 115 56 66 47 55 61 50 72 48 58 63 70 51 50 53 58 61 35 40 38 48 39 43 33 35 37 38 42 41 64 77 79 81 75 66 100 107 99 73 54 63 70 62 87 78 90 113 114 100 93 106 103 92 98 103 107 53 65 43 51 41 59 62 47 64 69 93 75 81 93 85 80 65 70 69
20 20 25 26 26 27 19 12 17 20 21 18 26 19 30 46 61 51 37 44 39 45 47 40 49 47 59 36 7 12 18 15 15 15 20 19 18 16 17 15 16 10 11 15 14 13 8 17 12 14 9 13 14 14 22 14 17 19 9 15 16 40 40 35 44 44 33 50 55 43 41 13 15 20 22 18 20 22 23 16
91 97 83 88 113 107 92 105 99 96 58 53 53 64 57 47 64 51 49 48 65 48 88 74 73 72 88 92 60 57 48 55 53 57 70 53 49 56 54 55 64 61 47 69 57 57 48 56 48 50 64 62 54 53 49 54 56 50 50 74 80 41 59 50 47 46 68 59 50 77 62 54 45 58 60 59 77 90 68 69
26 26 20 19 31 25 75 70 66 81 70 63 70 80 51 49 49 51 67 50 61 56 50 59 54 56 49 54 13 15 16 14 11 19 26 20 19 25 12 11 11 10 8 14 12 10 14 11 15 16 9 12 13 14 13 14 17 18 16 15 12 49 41 46 34 56 20 17 15 16 17 55 47 51 45 47 19 17 17 22
84 112 115 89 102 111 67 69 58 71 80 87 63 54 59 68 65 62 55 60 61 68 82 85 83 103 81 92 42 42 34 56 40 47 54 65 66 73 40 46 46 33 42 40 62 76 58 67 68 56 65 57 66 58 74 62 84 63 56 54 54 71 69 65 57 61 56 50 49 56 49 51 76 56 54 81 75 75 76 71
22 21 23 17 25 31 85 77 81 83 80 78 81 98 27 40 31 27 36 29 29 28 57 52 57 53 49 65 13 5 16 9 10 11 17 19 12 20 103 92 87 85 91 80 59 63 66 57 69 47 64 96 97 99 93 71 89 102 100 108 95 67 60 46 60 64 82 86 88 89 77 47 49 50 49 50 44 60 59 50
102 95 121 83 87 100 72 86 84 69 52 61 65 51 27 51 32 33 43 47 36 46 61 48 55 44 56 45 106 96 92 108 121 91 140 132 150 117 68 84 63 56 65 78 82 79 85 60 85 81 85 48 53 61 62 77 55 65 58 49 48 45 54 75 47 54 50 43 56 38 56 53 65 53 59 59 77 63 78 79
120 109 139 144 155 149 148 130 142 132 97 87 96 115 50 61 43 52 56 71 55 45 68 70 75 74 80 74 86 77 75 73 68 65 124 119 107 103 80 60 78 72 61 63 68 62 55 64 47 68 59 93 93 76 88 82 121 98 82 97 98 74 82 69 81 81 60 70 62 58 45 62 52 66 73 64 63 52 57 67
22 25 33 24 18 25 25 22 11 19 22 19 13 13 39 68 41 52 63 53 48 40 43 50 47 47 51 43 10 13 15 16 14 14 23 12 19 14 83 77 74 78 73 65 81 68 75 76 77 72 100 50 46 59 54 50 48 49 52 62 53 9 13 9 15 20 14 10 15 12 20 14 22 20 11 16 22 19 26 17
88 88 93 104 97 83 189 182 184 207 159 126 133 149 91 80 89 82 97 86 80 110 91 76 105 90 81 94 35 32 34 45 43 37 65 78 64 59 61 86 64 74 68 87 61 52 52 53 47 60 68 78 74 100 87 78 80 96 95 87 105 84 79 80 59 92 93 82 103 90 89 119 115 109 126 120 153 185 176 171
152 297 462 626 782 932 1124 1316 1514 1722 1882 2009 2152 2302 2407 2517 2616 2707 2820 2919 3017 3128 3248 3378 3509 3622 3744 3865 4000 4145 4280 4416 4550 4694 4855 5041 5224 5411 5525 5634 5764 5881 6005 6123 6228 6332 6429 6534 6637 6742 6862 6989 7120 7246 7380 7532 7654 7786 7928 8076 8205 8323 8433 8528 8642 8744 8848 8938 9042 9139 9245 9382 9523 9658 9785 9926 10080 10266 10443 10615
34 33 19 9 37 9 17 54 15 46 12 12 34 26 20 11 12 14 10 18 21 37 22 25 32 38 19 38 34 15 13 92 13 42 16 20 20 16 33 12
