20 40 60 68159
81 84 81 62 69 56 46 50 44 60 39 43 55 42 45 46 49 46 40 39 50 42 32 30 31 71 75 62 62 64 68 62 67 73 58 22 22 12 17 15
13 19 13 16 13 31 35 89 85 80 80 48 71 71 70 72 56 38 28 28 38 30 34 35 26 35 25 23 27 31 28 22 18 44 30 19 27 28 26 26
85 85 105 99 82 36 40 108 112 105 104 88 56 71 65 77 70 53 61 63 75 59 62 60 55 30 39 41 39 46 49 40 34 39 47 66 79 72 53 74
17 27 19 22 23 56 60 29 30 26 41 85 75 79 84 77 62 86 61 68 59 65 72 78 57 38 57 50 37 52 44 40 50 34 60 16 19 22 19 16
22 10 18 14 10 38 31 70 67 81 77 59 60 68 63 64 51 67 68 61 65 68 58 62 63 47 30 26 27 33 35 33 37 51 42 75 71 74 84 65
48 53 54 60 58 68 59 49 62 57 52 38 52 49 57 34 45 32 17 36 38 21 28 20 22 40 30 31 33 30 41 39 29 40 39 26 25 19 22 29
64 70 88 80 70 58 45 140 136 141 153 51 71 73 53 65 64 51 34 44 47 49 60 50 56 45 33 30 34 31 36 33 40 53 56 70 77 83 88 88
53 77 68 62 78 36 43 25 28 32 34 55 65 38 58 55 51 40 42 49 45 52 52 46 50 94 90 89 100 71 83 76 90 57 56 10 16 8 16 16
87 77 79 73 72 46 46 87 86 107 74 21 24 28 20 14 21 39 45 44 37 44 34 44 37 56 39 46 63 52 46 47 59 58 54 73 77 69 71 64
26 25 14 27 18 44 34 86 90 88 93 46 46 39 42 49 44 62 49 62 47 63 68 47 39 32 41 37 40 36 40 39 48 47 56 95 97 76 85 105
100 102 75 74 78 46 41 44 47 53 49 21 27 19 20 21 17 55 53 60 71 70 63 66 65 46 53 57 53 61 56 53 45 43 47 22 30 23 21 24
48 47 51 53 55 56 52 26 26 27 26 14 11 12 12 14 8 32 32 33 35 37 30 34 24 34 26 26 31 43 33 36 31 68 58 27 16 20 29 22
28 19 20 34 22 34 45 23 32 35 25 77 70 85 63 85 75 40 28 31 31 33 35 31 37 48 38 37 44 32 34 41 39 37 46 83 91 77 103 77
83 94 99 105 76 47 43 66 66 56 55 18 28 13 24 18 24 45 60 64 58 54 50 42 66 47 34 33 28 30 39 38 26 29 39 67 80 69 81 66
19 19 19 23 20 55 59 23 24 25 23 12 19 17 16 20 21 32 43 35 29 38 29 43 49 38 49 63 51 61 43 61 50 44 34 19 14 18 14 12
16 15 15 15 19 54 55 24 23 29 34 71 56 65 63 60 63 25 16 22 26 20 28 13 22 14 8 7 9 4 10 5 9 55 65 22 18 19 10 19
41 50 57 57 54 61 52 61 39 56 50 17 18 8 20 7 11 43 63 51 52 52 46 61 48 40 49 54 52 49 29 54 45 45 41 26 19 19 31 23
16 27 29 26 24 37 47 22 25 11 14 21 11 24 21 18 22 37 31 30 32 22 33 28 28 11 9 13 16 15 15 9 11 60 57 81 50 85 78 83
82 82 70 78 65 35 32 19 23 19 22 47 44 49 52 50 63 24 37 31 29 28 30 37 36 31 30 45 45 33 27 37 40 66 62 99 80 82 91 86
71 57 62 68 82 61 52 41 87 74 138 85 77 73 74 77 70 63 68 60 71 67 75 78 69 79 74 62 97 57 49 68 69 68 63 28 67 35 28 63
101 204 310 416 499 568 629 770 907 1049 1203 1292 1370 1456 1541 1627 1703 1790 1859 1928 2004 2075 2151 2230 2300 2395 2486 2576 2677 2749 2833 2910 3001 3075 3141 3241 3339 3425 3529 3635
28 49 24 71 50 49 34 58 34 44 35 58 61 51 66 114 51 83 39 1
