40 80 60 70393
19 12 13 17 18 9 12 59 54 52 43 43 51 27 20 16 15 16 26 29 44 49 46 35 78 67 64 62 52 35 43 41 61 97 85 107 90 82 64 84 87 61 60 10 24 21 22 20 24 28 24 19 27 27 17 19 29 29 30 26 22 21 32 30 26 20 21 42 46 39 72 72 56 55 20 19 15 11 17 16
70 72 62 64 63 67 63 44 42 36 50 41 58 14 23 11 16 24 12 22 27 26 23 26 71 55 55 59 50 44 39 51 42 65 74 68 87 81 69 78 64 63 70 23 27 22 23 14 21 26 19 26 23 16 24 24 27 27 27 15 24 26 27 66 64 74 72 31 33 36 30 29 23 20 79 67 65 64 62 69
43 43 54 47 40 46 46 85 72 106 82 79 95 56 66 65 66 59 69 49 43 61 50 41 54 65 58 64 45 49 44 43 43 46 46 42 46 44 48 50 35 53 43 120 116 109 99 105 104 107 109 115 94 143 128 124 146 120 147 125 115 120 132 97 86 86 79 123 132 140 90 109 81 81 61 63 61 58 68 58
57 54 54 48 55 45 54 13 21 16 10 24 16 33 39 29 34 31 47 61 68 56 67 62 16 21 30 37 19 25 16 17 28 66 58 65 61 69 59 50 64 53 48 79 72 84 85 92 86 69 74 66 67 82 77 84 79 74 70 73 62 66 63 85 95 92 82 149 126 129 88 89 84 88 44 48 61 44 45 62
15 26 15 17 20 21 15 14 12 16 18 14 18 35 46 34 44 53 34 49 58 51 45 52 30 23 25 22 19 22 13 19 28 18 22 33 23 27 24 26 24 22 25 59 75 76 54 81 79 75 70 75 84 85 98 87 82 86 64 68 69 52 60 33 29 35 28 28 35 42 64 62 59 61 84 79 73 83 77 70
44 41 41 50 71 45 47 98 93 96 95 90 97 68 69 71 56 55 84 79 71 74 81 75 80 79 83 82 82 79 85 71 85 56 73 75 67 64 75 80 76 72 101 67 68 71 60 73 76 67 81 53 75 64 62 68 70 73 68 69 62 74 67 94 96 99 98 108 91 100 114 109 117 99 49 50 58 58 44 36
48 60 46 62 52 57 83 92 90 104 87 89 102 76 77 85 83 86 72 120 104 112 96 114 104 100 113 112 91 96 83 98 97 93 101 102 88 95 129 103 111 120 97 134 137 120 134 129 140 110 105 93 125 144 138 141 127 117 148 147 146 127 140 89 116 98 108 124 130 114 102 97 86 96 68 57 60 51 52 68
13 18 24 16 15 24 17 61 55 54 48 58 33 12 20 18 24 23 24 31 19 29 27 23 29 25 34 16 17 21 18 18 21 20 21 20 16 20 22 21 31 23 22 18 20 21 27 20 28 17 28 23 18 32 28 20 20 22 22 26 21 28 12 35 25 22 21 29 39 25 68 58 71 68 15 15 18 15 25 14
92 79 98 81 105 86 77 34 37 34 33 38 37 43 29 39 44 40 41 36 35 42 37 47 35 32 28 36 17 24 21 18 21 24 20 23 20 23 25 25 27 25 29 22 21 24 22 27 20 14 19 19 23 30 19 22 24 28 19 18 27 26 35 25 24 33 30 39 26 33 53 57 44 49 16 18 17 16 29 25
57 48 43 44 40 45 39 67 68 69 59 74 58 116 119 104 121 105 101 67 57 64 61 65 103 104 107 118 70 77 76 70 59 97 111 107 108 110 99 100 105 93 104 23 30 19 18 22 13 18 25 20 29 23 34 32 19 20 25 26 24 26 23 20 32 30 22 42 27 35 58 60 42 53 64 93 91 83 68 75
48 31 47 42 55 44 51 80 76 85 85 87 92 61 47 57 50 48 52 69 66 62 72 61 167 167 178 193 141 145 115 118 119 106 118 110 100 102 108 100 108 114 109 110 91 109 119 93 142 136 139 145 140 103 104 97 97 123 132 137 140 112 112 95 74 75 84 133 134 137 122 125 146 140 45 57 64 60 55 51
63 59 51 52 46 49 48 49 41 47 42 43 41 21 17 26 23 17 22 29 26 21 29 20 95 87 109 98 67 64 84 66 78 56 45 53 57 57 65 58 61 72 70 108 112 109 105 103 143 125 142 137 139 116 110 100 95 108 112 108 107 116 92 84 89 95 99 99 91 132 101 93 102 110 80 62 75 62 50 66
84 76 90 89 87 77 84 94 108 114 97 99 88 70 60 67 85 64 54 61 65 76 102 100 139 150 164 147 128 144 148 140 122 95 85 85 73 80 69 79 87 70 85 65 63 71 80 74 77 62 74 74 66 78 81 87 88 79 82 83 81 66 73 94 89 86 105 117 117 102 100 112 99 91 68 58 49 65 65 77
74 74 79 81 68 72 90 71 67 60 71 67 63 64 70 73 72 65 78 51 54 54 63 48 42 27 21 27 17 15 27 25 18 22 23 18 39 25 21 24 15 21 17 14 26 17 18 21 16 27 20 16 15 26 25 22 30 24 19 31 29 22 16 24 20 29 33 32 45 29 31 20 25 31 20 17 16 21 16 9
63 84 70 75 69 66 63 60 59 72 61 74 69 71 88 86 97 84 77 56 49 47 63 49 54 43 50 78 33 49 41 52 46 37 44 54 50 40 52 55 51 39 62 17 29 23 22 25 12 24 14 23 25 21 13 24 19 22 21 26 12 22 19 28 23 31 21 42 37 50 64 64 58 59 60 78 69 82 85 62
128 151 124 145 123 127 120 113 114 111 94 111 99 104 104 115 105 128 111 89 80 97 79 88 130 156 123 132 79 89 92 72 77 109 99 108 91 97 81 94 95 73 99 21 26 16 20 30 28 23 30 22 24 11 12 25 28 22 19 19 18 18 24 31 26 41 34 39 49 33 45 46 55 57 20 13 21 15 17 22
74 71 63 72 75 67 80 59 52 64 60 56 53 74 85 64 96 85 76 55 51 56 52 52 73 93 100 96 55 62 73 69 61 31 20 21 20 18 27 22 24 27 31 66 89 64 73 76 68 77 70 82 73 60 68 63 65 59 61 55 57 73 66 75 109 79 83 117 124 128 125 109 100 123 69 65 84 70 61 56
12 15 19 14 10 20 14 25 19 20 18 19 18 52 53 53 45 53 56 20 18 25 27 24 103 125 109 103 69 66 68 66 60 55 56 62 45 53 62 69 69 63 56 139 139 127 154 158 122 111 121 119 120 132 129 141 110 103 129 155 123 147 135 84 99 111 114 116 142 149 98 87 97 109 75 67 73 66 59 72
101 98 87 111 79 114 105 68 81 77 62 74 66 59 66 64 58 65 69 108 99 99 101 93 151 138 140 135 148 132 152 123 151 93 90 74 79 86 75 73 76 83 70 71 63 54 62 60 55 72 62 78 81 67 79 77 72 79 54 60 70 58 63 112 101 100 93 122 130 133 113 99 73 81 105 95 97 110 102 108
54 48 59 59 58 42 45 77 81 79 91 65 85 51 58 56 60 60 70 101 102 96 94 93 129 128 103 117 104 89 88 98 90 107 99 96 123 119 82 85 86 102 84 86 73 65 61 72 77 73 82 81 69 76 67 74 64 75 68 76 96 73 67 55 52 77 53 28 48 25 38 16 29 28 81 79 64 58 63 66
73 75 85 93 87 73 90 103 116 93 121 121 118 123 101 94 109 94 99 57 69 61 65 65 112 97 114 105 110 102 108 115 109 106 108 95 119 101 81 98 80 69 85 74 97 89 86 90 84 88 88 82 93 74 71 79 76 88 69 92 72 80 79 29 33 31 19 30 38 40 52 61 57 64 14 17 27 22 20 27
91 88 82 77 85 80 70 56 74 50 66 69 50 35 36 29 32 43 42 60 83 88 83 90 55 49 53 56 58 46 58 49 62 73 73 72 70 72 110 74 77 81 85 60 58 68 61 61 72 71 60 79 61 60 68 57 63 78 77 78 81 88 85 142 133 146 177 90 114 117 99 90 89 82 72 61 60 59 65 71
51 52 62 53 65 60 65 84 72 70 70 92 91 100 101 91 116 117 120 67 69 62 66 88 85 104 91 83 83 75 83 86 89 59 63 62 66 73 78 87 84 77 85 32 22 26 19 21 27 28 25 23 21 19 21 29 23 14 21 28 30 32 21 27 31 30 30 42 31 31 25 19 22 29 21 23 21 21 20 13
122 149 137 118 134 123 122 69 81 73 81 82 85 114 87 85 86 103 96 85 87 99 74 90 83 84 92 75 61 74 71 57 48 76 80 91 85 92 56 65 76 71 64 114 121 121 109 123 98 115 94 105 105 138 154 137 135 150 124 132 124 139 105 89 94 94 91 120 140 120 95 78 78 102 77 62 62 72 63 54
18 12 20 21 16 17 21 14 19 13 22 19 14 23 21 15 12 20 17 45 44 47 55 53 98 97 107 99 72 72 75 75 63 14 19 18 29 26 28 37 18 15 27 84 71 72 78 75 53 64 66 55 68 59 66 52 58 62 62 52 69 53 62 80 98 86 102 119 108 131 129 125 139 129 128 114 116 117 127 143
132 104 118 115 112 132 115 100 126 116 117 117 129 85 99 78 86 90 84 105 94 110 118 99 134 146 151 126 115 106 127 142 124 119 110 118 118 111 110 108 110 108 101 78 87 82 85 75 68 79 77 74 67 82 86 75 70 67 57 54 60 68 57 84 91 101 89 118 100 106 107 86 101 83 64 60 83 69 50 77
71 65 73 88 69 84 55 141 138 133 134 156 118 117 103 128 108 104 117 85 88 80 73 93 102 135 119 110 127 101 120 126 97 146 120 120 113 126 156 132 158 171 154 67 71 81 74 63 73 68 65 86 73 73 58 67 64 64 71 62 80 73 78 92 93 101 115 126 134 132 80 87 104 72 67 78 65 61 48 80
78 74 68 65 81 92 65 34 37 37 37 42 41 89 88 80 90 76 79 67 70 77 73 74 40 21 26 33 21 27 24 21 27 23 28 17 32 17 16 22 19 28 10 87 78 88 73 78 74 68 75 71 81 92 94 84 93 74 85 93 96 70 79 38 29 28 34 31 32 31 23 24 29 23 13 19 16 16 12 22
18 10 16 17 10 8 15 19 22 23 16 28 19 21 21 18 16 22 19 48 41 49 56 51 25 32 20 20 18 35 24 25 17 23 13 28 34 22 27 24 13 22 21 27 19 21 16 22 23 28 25 32 21 21 17 22 19 14 17 29 22 23 20 31 26 25 40 42 46 44 17 28 26 24 20 13 17 13 19 19
76 86 81 66 78 83 78 74 80 69 77 69 87 54 57 58 47 51 42 65 74 76 61 61 50 57 43 56 46 43 41 51 41 95 85 71 87 82 79 96 78 84 74 36 26 25 18 24 29 28 17 14 14 27 16 28 27 19 21 32 24 27 25 50 62 74 75 42 41 32 34 30 32 34 54 60 62 62 57 54
17 17 18 14 12 17 13 52 47 40 34 50 51 75 76 87 100 74 82 46 51 47 33 41 69 71 51 73 48 40 40 41 48 40 37 41 47 34 58 46 51 54 60 18 22 30 14 25 22 18 25 21 32 17 23 11 22 28 26 19 27 24 28 19 26 22 30 33 39 35 17 20 25 31 80 66 72 81 73 74
100 104 115 112 103 103 114 92 102 84 87 84 93 76 70 92 83 90 77 98 95 84 86 104 94 83 108 93 62 61 76 75 68 60 68 65 70 87 74 66 63 55 68 19 23 19 27 27 24 16 26 28 27 17 21 18 23 24 21 24 16 23 30 25 20 32 31 37 39 19 25 27 21 23 21 15 18 14 21 20
86 79 62 69 85 75 88 62 64 60 66 50 59 76 47 62 65 55 60 80 60 72 42 48 62 62 69 76 58 47 46 60 61 56 52 41 54 56 33 45 50 46 38 29 23 28 28 23 26 17 29 19 22 21 20 24 22 14 22 20 19 21 20 28 22 30 33 40 34 33 63 70 65 63 69 52 69 69 66 60
67 84 70 60 59 71 67 33 32 47 24 30 43 36 51 43 42 43 41 40 58 66 42 49 34 29 24 31 21 18 27 18 26 14 20 21 19 25 20 20 15 24 20 79 77 58 78 70 82 79 77 78 76 56 76 68 77 77 84 77 77 77 70 72 74 76 89 124 141 119 87 88 90 101 112 110 120 97 99 136
38 50 45 56 53 50 47 54 54 53 54 46 52 136 130 134 120 128 117 107 114 121 126 115 71 92 78 74 76 65 74 74 85 58 64 67 76 58 95 83 78 94 82 26 21 30 20 28 18 17 14 29 26 25 22 15 36 23 17 13 20 21 28 27 25 31 37 35 34 26 34 39 20 38 71 73 82 76 86 63
19 17 10 16 15 16 19 34 54 57 44 49 45 75 69 64 64 70 62 42 47 37 30 43 26 26 26 26 18 28 23 30 29 21 27 27 24 30 26 27 20 20 21 150 140 149 133 121 129 146 130 163 144 95 101 132 102 99 124 174 126 140 126 76 103 83 90 117 132 121 99 101 98 90 67 55 46 64 64 61
12 18 18 12 18 8 13 14 23 20 24 21 19 47 34 54 37 30 33 40 43 38 38 40 26 30 21 23 19 24 28 17 19 19 23 23 21 22 15 22 21 24 23 103 100 113 126 97 112 109 87 108 97 116 122 137 135 134 147 129 139 128 139 75 76 67 80 132 131 142 85 92 97 91 128 87 113 117 99 109
65 63 52 59 63 57 62 16 21 15 25 25 14 70 66 45 76 60 48 54 48 60 56 39 23 38 27 17 21 24 19 26 26 16 21 22 14 22 20 23 9 26 23 18 24 21 16 20 27 18 26 11 31 18 25 26 22 19 23 34 29 30 12 28 36 30 29 31 46 47 57 60 72 59 68 70 72 78 79 93
6 16 12 11 21 18 17 45 48 54 47 35 67 57 67 67 66 59 51 51 57 62 51 49 35 18 36 30 26 24 17 17 16 16 13 20 25 18 14 26 21 14 20 27 27 21 29 22 24 13 23 32 18 27 22 23 21 21 18 25 18 20 29 33 29 28 30 42 33 34 22 23 25 25 55 65 75 63 84 76
66 148 11 92 126 129 66 83 22 113 47 53 113 17 110 88 17 88 106 106 57 92 125 64 134 59 89 91 93 87 46 55 136 64 86 117 91 108 19 87 147 67 64 138 133 145 153 154 113 146 130 144 117 143 133 132 140 148 126 168 150 162 136 133 100 94 164 139 123 142 109 116 122 136 82 77 70 94 112 118
133 285 423 569 704 837 960 1102 1241 1375 1510 1667 1797 1934 2065 2200 2322 2451 2572 2693 2808 2930 3057 3173 3341 3509 3688 3882 4031 4177 4330 4473 4625 4772 4893 5014 5138 5265 5422 5555 5714 5886 6041 6192 6333 6483 6638 6797 6941 7088 7231 7395 7540 7685 7840 7982 8129 8280 8429 8604 8755 8918 9059 9202 9336 9483 9661 9811 9954 10104 10234 10360 10507 10648 10777 10892 11013 11131 11259 11403
33 21 16 23 45 17 11 69 64 22 11 19 18 45 28 15 22 14 9 15 14 14 17 12 21 12 11 22 66 22 33 28 16 23 23 18 13 58 59 1
