40 80 60 71004
79 64 63 73 78 84 66 79 69 59 76 98 79 75 51 58 53 64 40 116 116 98 96 112 118 120 100 105 98 93 94 66 61 72 53 85 95 89 91 85 59 57 64 54 68 89 63 65 62 58 70 81 90 80 100 95 98 64 95 106 102 91 89 66 65 68 59 72 56 67 78 76 87 68 85 70 129 152 140 130
22 15 13 12 8 13 24 20 23 27 51 58 61 56 56 55 39 49 61 15 21 17 28 29 36 27 25 25 23 22 22 22 24 18 17 27 28 27 31 37 30 20 15 24 9 17 11 10 17 13 21 18 22 20 19 12 24 12 68 57 60 52 55 57 45 47 49 43 49 43 38 45 46 47 36 39 30 26 22 35
12 17 22 28 25 70 80 71 86 82 26 34 21 27 22 19 31 21 23 28 24 26 17 35 28 28 29 34 27 29 32 14 20 14 20 16 33 28 16 33 26 14 25 22 61 52 52 50 54 54 48 54 64 74 59 79 66 66 9 19 23 22 21 57 48 49 44 57 56 46 27 43 29 31 36 38 79 93 84 82
54 52 61 58 48 112 114 105 107 124 74 76 75 90 48 54 42 36 62 71 50 69 51 84 64 78 66 38 37 48 58 62 69 67 62 77 12 31 22 19 23 16 17 16 9 8 12 5 8 9 5 11 18 21 12 18 16 18 52 44 51 50 51 33 42 49 37 41 49 41 39 35 45 52 48 48 15 29 27 16
17 9 16 16 17 21 22 23 16 18 57 62 52 49 56 58 41 69 48 20 35 22 19 24 26 29 22 23 38 35 24 17 25 21 19 21 19 27 30 31 23 22 34 19 44 45 42 47 56 55 47 50 56 31 55 48 41 44 54 64 63 45 59 63 68 62 52 57 56 50 85 86 80 80 91 93 62 71 63 61
10 14 16 16 11 81 85 85 83 69 75 52 65 63 60 46 53 40 44 24 26 24 27 22 27 24 17 20 25 22 15 20 21 23 32 21 27 23 38 36 30 17 35 24 10 15 18 16 11 14 15 15 21 11 29 19 19 23 22 19 23 31 25 14 11 13 12 15 10 10 13 18 13 11 14 22 28 17 26 27
67 43 64 53 65 131 119 101 125 118 137 102 114 112 104 81 91 86 96 51 62 57 37 65 56 39 52 71 59 75 63 62 70 67 69 70 160 141 179 133 117 115 134 141 29 34 27 35 30 33 18 36 28 29 32 38 36 36 73 59 61 67 60 120 94 121 116 123 105 102 92 87 112 128 92 118 82 86 76 79
48 43 49 48 44 93 116 107 122 112 79 90 82 89 63 88 96 115 100 56 61 66 64 66 53 59 56 71 89 70 76 98 85 78 91 71 59 71 70 62 81 83 76 86 37 42 40 47 41 32 37 43 41 39 45 31 35 48 82 96 97 94 81 45 57 49 51 43 46 55 58 47 47 49 68 49 90 93 78 88
37 44 50 46 37 69 83 70 72 63 68 75 54 76 87 63 68 77 58 61 58 67 53 62 49 45 55 151 140 154 143 53 63 49 69 65 53 53 51 55 66 70 59 75 93 76 98 92 71 80 82 93 66 75 72 85 76 72 82 83 79 92 99 48 49 36 35 36 45 46 96 91 93 73 96 87 70 76 72 75
47 57 54 50 49 73 71 66 68 60 117 113 95 102 99 90 91 96 79 106 79 70 79 67 72 74 62 86 89 78 89 68 60 69 82 62 45 48 56 60 79 84 113 82 30 26 30 32 31 26 29 37 35 34 42 42 40 45 69 79 79 85 66 70 54 65 61 62 69 55 120 135 123 108 97 108 98 88 92 105
113 97 87 125 112 30 41 43 33 39 40 48 43 43 58 65 64 52 47 98 99 97 77 108 116 107 109 109 107 92 115 74 79 86 70 75 24 26 30 30 31 24 24 28 11 14 11 8 16 13 19 12 9 8 14 9 13 10 34 51 34 33 36 83 80 82 72 77 77 76 27 22 25 23 23 23 41 48 29 44
11 13 17 20 12 47 42 44 56 47 17 20 14 24 19 28 22 24 12 22 32 36 26 20 18 21 27 31 26 21 25 24 25 15 17 30 19 18 14 15 8 21 24 16 78 68 67 73 94 74 90 62 44 40 40 51 45 36 28 21 21 28 18 31 31 40 34 47 32 33 15 20 36 18 14 21 31 38 23 32
94 70 74 86 93 57 72 79 80 56 44 36 49 44 35 31 37 37 28 20 20 15 24 23 29 36 28 27 26 27 25 27 16 16 22 17 66 70 76 59 73 67 70 75 41 37 29 34 40 29 27 30 55 65 57 63 79 62 17 12 15 20 21 49 45 50 41 41 48 29 19 15 16 16 11 13 12 23 14 21
86 96 96 114 98 51 61 58 58 49 65 70 65 64 103 92 102 95 81 70 72 76 76 45 51 57 46 81 64 92 67 65 73 56 72 71 77 91 80 73 73 63 67 67 30 37 41 45 43 41 41 39 56 53 57 67 53 74 71 68 65 69 77 35 45 55 47 45 48 40 49 52 42 42 34 48 70 81 57 66
22 25 15 19 20 21 11 19 6 20 20 18 21 22 13 23 12 20 13 37 42 52 43 63 73 56 67 35 36 31 43 99 110 90 99 91 19 22 23 18 26 24 32 33 29 23 23 33 31 28 28 27 17 16 11 16 15 20 37 33 43 40 29 35 42 40 49 46 51 43 27 27 21 25 27 26 39 33 36 41
66 78 74 80 78 72 47 56 70 43 49 61 53 53 55 53 59 63 63 52 64 48 50 82 71 88 55 40 42 41 60 41 51 48 41 39 29 25 27 27 21 23 36 35 36 39 37 41 38 35 36 26 81 95 73 87 80 81 10 11 18 18 23 12 19 11 15 16 9 22 9 24 14 15 18 13 13 23 21 16
66 53 70 58 73 58 43 61 56 69 47 70 61 54 51 67 47 56 64 92 81 82 102 56 53 47 51 133 129 146 154 77 65 76 76 88 43 43 54 49 75 57 78 71 73 81 75 91 76 70 90 77 72 60 63 88 66 66 82 93 85 67 89 71 66 78 75 81 53 71 90 79 80 88 69 84 83 87 78 67
16 10 17 17 13 26 12 21 23 26 55 52 51 44 52 33 62 50 46 23 24 24 30 14 16 17 28 23 16 14 13 17 24 17 21 25 20 25 21 33 30 25 28 29 13 12 14 21 12 16 11 16 19 19 17 17 15 19 29 28 46 42 40 40 35 33 38 33 27 36 74 66 59 80 79 69 60 61 63 66
18 20 22 23 21 43 49 50 57 43 20 32 18 37 23 35 16 19 29 29 19 27 34 20 20 18 23 22 20 39 32 16 11 18 11 19 25 22 31 18 26 32 34 21 74 59 79 53 72 77 79 73 78 81 73 81 79 82 51 60 62 82 68 72 72 68 66 67 89 74 15 10 11 13 17 14 21 14 13 27
62 69 74 61 61 40 35 43 49 41 75 74 83 80 61 62 50 62 47 87 82 104 85 54 55 57 57 121 111 131 122 153 143 143 135 161 54 58 64 53 89 95 77 88 52 49 50 41 36 52 62 62 55 56 47 49 52 54 61 69 54 63 70 27 39 26 39 34 34 34 42 48 54 51 53 51 93 88 81 82
48 43 42 41 52 34 31 37 36 32 54 50 66 64 84 94 86 77 96 46 44 41 44 48 42 36 50 81 77 72 68 59 45 49 58 39 28 27 25 34 15 31 15 15 62 48 53 67 47 47 52 51 57 39 44 52 54 51 53 68 52 54 66 57 43 45 43 42 47 39 91 98 85 97 99 105 71 76 72 74
38 57 35 48 51 45 49 48 63 54 60 61 85 68 80 59 69 65 64 48 41 51 47 91 90 79 84 104 93 91 96 175 159 148 168 148 181 177 172 170 168 172 155 161 65 66 56 65 60 52 52 65 51 67 79 80 72 77 55 66 79 68 71 55 47 77 58 46 56 50 26 40 37 25 35 27 87 86 74 82
54 66 71 62 52 77 87 82 94 87 107 101 94 89 90 75 89 86 79 70 71 74 81 59 67 68 61 38 61 49 35 41 43 45 41 57 113 107 115 125 118 117 151 118 27 32 24 31 21 13 25 39 52 37 38 34 43 43 41 50 41 38 47 44 49 51 45 44 48 50 51 42 34 47 43 47 64 57 64 63
65 77 62 58 74 35 32 44 47 37 117 115 122 136 102 100 91 96 90 88 66 76 68 71 71 83 86 73 68 89 79 100 87 95 86 87 84 77 80 97 69 67 71 57 70 94 82 89 91 78 71 98 80 99 75 97 99 77 43 45 61 44 55 59 63 60 77 71 65 78 146 121 153 122 141 132 131 150 152 146
87 71 101 90 92 23 21 19 21 23 34 25 33 25 26 17 28 20 27 31 30 24 21 28 35 33 25 24 16 18 10 25 21 16 24 26 21 21 28 21 29 28 27 35 59 37 45 57 60 63 51 40 67 86 56 71 75 74 97 84 78 118 93 64 67 53 70 53 62 50 43 45 34 43 42 43 65 53 71 70
132 139 121 117 90 67 70 56 48 59 52 65 55 57 76 65 80 68 71 82 80 98 93 67 85 78 98 118 126 131 119 86 82 82 85 77 59 62 67 47 56 57 60 65 79 92 90 92 103 91 92 101 134 122 133 100 119 126 67 64 61 60 70 36 47 41 59 46 37 49 35 36 43 37 43 35 59 63 91 61
53 67 54 55 40 11 17 11 11 18 62 60 48 57 45 31 43 30 30 66 66 66 57 47 48 53 50 122 114 112 102 101 90 87 83 95 25 26 28 33 11 16 27 14 9 7 11 14 13 16 14 11 22 20 19 15 17 20 47 56 36 65 52 33 38 34 29 38 25 34 85 72 80 71 73 88 47 52 47 55
21 21 25 22 28 16 16 24 10 10 19 20 32 28 26 20 14 16 26 21 24 19 22 28 21 22 38 22 25 27 31 11 17 14 20 19 20 13 25 23 23 13 21 19 70 51 50 58 69 69 63 56 41 53 37 49 38 42 32 20 20 17 24 18 20 14 16 15 15 20 41 31 38 32 36 41 59 71 49 55
22 17 18 21 12 19 23 26 25 25 45 55 60 55 33 28 22 28 31 50 54 64 52 48 37 53 32 59 58 62 65 86 86 68 71 81 22 16 23 19 24 14 16 25 11 17 16 11 15 9 18 15 15 19 19 24 22 18 34 42 38 38 33 49 40 52 57 60 53 60 47 54 36 39 50 45 54 46 72 41
79 83 67 85 73 72 60 62 72 86 17 17 14 25 11 17 12 16 16 30 28 29 27 17 21 20 22 89 76 66 72 49 61 43 40 42 30 27 32 26 21 23 23 15 25 41 28 39 24 35 40 21 54 51 55 56 52 58 22 19 20 16 13 7 19 10 5 12 12 8 21 18 24 19 19 23 30 24 19 16
114 117 97 113 121 100 99 112 108 80 62 76 83 94 44 53 51 51 47 73 72 79 78 68 66 66 78 54 64 55 62 61 34 40 46 44 114 160 178 134 100 109 108 117 35 25 30 30 28 32 27 28 37 37 47 37 39 26 119 120 119 122 103 77 66 76 78 73 64 81 66 46 63 60 53 55 62 56 68 56
53 32 51 49 62 31 31 26 30 40 61 76 71 75 63 53 46 61 56 60 50 47 52 56 65 70 84 52 67 50 60 45 47 34 45 43 20 22 19 23 18 17 13 16 57 70 58 83 69 84 54 56 55 59 61 52 57 65 61 43 64 54 50 26 33 35 36 34 31 33 75 86 73 76 71 70 92 69 74 78
59 68 66 61 63 14 20 14 15 16 84 58 58 70 28 25 27 35 28 28 22 20 25 27 26 20 31 28 30 28 21 24 20 13 14 17 24 27 22 25 15 25 22 17 68 59 65 72 55 66 67 46 81 55 54 55 66 52 15 17 15 17 20 9 9 13 11 9 14 14 42 36 40 34 31 33 54 57 48 47
9 15 25 14 14 15 11 17 16 23 21 20 24 23 16 20 20 19 20 32 35 32 37 37 40 45 44 52 46 58 56 31 33 34 47 36 108 106 117 104 63 90 84 77 66 57 72 41 58 48 39 60 63 71 58 61 74 67 67 66 69 69 64 68 71 62 74 77 76 73 33 42 36 33 28 40 86 75 75 68
43 31 38 41 42 31 36 36 43 43 75 67 77 68 61 52 46 53 43 65 37 39 42 34 47 54 60 46 51 52 48 48 44 40 36 38 64 52 71 66 67 57 60 78 42 42 41 43 52 32 29 28 57 54 68 52 54 49 100 87 92 95 101 98 88 94 92 93 89 94 34 48 40 47 54 40 106 106 137 99
41 52 57 51 58 114 101 98 90 101 69 75 82 64 51 47 71 47 44 76 72 75 79 91 90 64 92 85 92 76 99 84 88 84 88 68 28 24 18 29 24 30 23 28 11 12 13 16 9 11 15 15 15 7 26 10 12 14 61 62 54 68 65 53 44 46 45 52 33 42 23 26 16 14 24 14 15 14 11 23
106 125 113 115 134 50 45 56 39 61 60 59 59 84 56 46 68 59 54 56 64 65 66 72 80 66 49 63 57 66 64 65 59 49 52 56 36 27 25 33 17 18 20 22 48 54 41 47 42 37 31 52 47 50 60 49 45 45 42 60 47 54 62 80 79 70 80 75 82 63 29 25 21 9 24 17 22 21 18 30
15 15 13 10 12 102 76 96 88 79 71 62 55 76 37 43 41 37 29 30 37 27 23 29 34 25 29 25 26 28 25 20 12 20 16 15 76 70 84 67 110 102 104 83 26 30 28 43 29 25 29 31 18 20 20 17 17 19 21 19 24 27 24 50 51 51 52 44 42 48 69 72 64 66 69 60 30 37 32 23
139 137 143 151 151 91 112 121 112 98 98 102 98 84 91 123 94 108 94 112 100 113 107 110 119 101 101 84 91 77 68 122 124 110 92 119 63 64 46 53 63 68 73 62 66 70 67 65 77 71 58 72 121 111 128 108 112 97 74 70 65 71 79 30 28 30 28 28 31 34 76 81 95 100 96 105 82 82 70 68
19 18 12 28 12 13 14 19 13 5 24 30 31 29 18 24 25 24 24 20 25 18 22 25 33 27 31 55 52 75 64 108 115 108 114 108 36 27 34 28 21 18 19 28 61 44 66 50 54 54 46 54 71 88 67 85 84 81 71 61 80 58 71 48 35 39 43 47 41 35 20 18 10 16 18 23 30 34 27 26
154 308 466 633 800 945 1077 1211 1350 1487 1639 1767 1902 2053 2168 2304 2417 2545 2656 2785 2914 3039 3158 3282 3414 3547 3668 3835 3990 4160 4330 4524 4700 4864 5050 5228 5428 5624 5822 6010 6196 6386 6558 6736 6839 6943 7052 7154 7268 7369 7471 7583 7731 7866 8013 8133 8265 8405 8537 8670 8802 8937 9051 9184 9288 9422 9551 9687 9804 9917 10079 10229 10398 10540 10696 10842 10987 11155 11323 11485
15 56 32 23 28 61 8 12 18 8 22 48 30 18 29 34 17 38 24 19 20 11 16 12 33 13 38 34 34 34 8 24 31 25 18 17 20 29 8 35
