40 80 60 66782
24 23 22 24 22 23 27 21 24 18 21 26 27 27 29 70 56 50 51 50 56 83 83 79 58 51 75 86 95 80 71 82 24 20 19 21 19 14 28 17 19 17 19 17 86 103 79 82 92 74 62 84 72 65 26 26 23 24 24 22 17 18 19 16 15 18 24 24 22 21 24 17 14 11 13 16 14 19 10 12
136 142 114 94 108 82 94 110 109 89 105 64 66 77 75 54 55 42 45 57 60 86 82 85 73 61 37 30 47 41 39 41 63 83 68 62 54 65 72 54 53 69 56 64 23 29 24 28 26 29 20 31 30 22 56 63 60 59 53 36 44 34 40 38 47 39 27 18 15 10 29 17 9 15 17 24 23 12 14 13
23 19 28 22 28 16 23 17 22 26 18 29 32 23 33 48 54 66 55 66 59 43 39 46 59 52 48 37 30 34 32 44 74 63 56 67 67 74 56 83 63 67 54 58 91 84 95 87 85 31 22 23 22 32 50 54 46 56 53 60 73 73 56 70 65 57 89 97 79 104 97 87 57 66 65 75 67 60 57 69
25 31 22 20 27 17 23 28 23 20 15 27 35 37 24 49 57 70 58 54 57 78 85 101 45 66 106 79 86 89 78 82 22 18 18 17 11 24 17 28 17 22 21 24 19 20 24 22 28 83 75 69 61 71 50 54 60 52 59 41 54 39 47 39 30 36 76 85 75 77 101 72 55 47 57 61 59 72 58 47
64 69 51 60 76 55 66 41 37 39 47 80 75 69 88 50 61 37 75 52 49 34 50 38 62 56 40 38 44 42 32 51 98 101 98 102 90 110 98 109 119 98 115 110 22 21 25 19 27 22 21 24 22 23 49 54 57 52 61 75 73 74 69 69 77 74 22 21 25 14 18 18 15 16 18 21 16 18 16 14
93 80 74 81 73 86 62 65 77 93 61 40 29 28 33 57 45 47 46 51 53 82 73 81 67 61 40 46 47 36 40 47 48 61 63 57 61 60 68 58 60 63 67 85 82 70 70 73 75 79 78 74 67 61 113 134 102 98 107 81 60 80 69 65 67 72 67 60 59 64 83 61 47 46 48 47 34 49 57 49
54 64 55 41 54 45 41 49 45 45 42 72 69 89 87 46 57 56 66 45 52 86 101 60 64 67 42 46 28 51 31 50 48 46 55 50 46 32 23 21 18 21 24 21 26 25 18 20 27 25 28 29 30 18 23 23 32 17 22 21 19 18 26 14 21 15 56 55 57 57 55 49 83 88 94 77 84 92 72 83
20 22 25 18 23 24 24 23 15 19 21 28 31 29 27 18 25 19 17 14 22 44 35 48 61 52 54 30 33 42 42 31 76 81 70 67 56 60 63 67 79 59 65 61 77 76 80 80 89 80 76 70 75 83 86 82 69 81 93 65 82 81 85 62 79 90 93 97 96 100 91 107 120 112 130 131 102 117 124 127
57 72 51 49 52 50 49 54 49 53 63 75 65 63 72 46 49 65 47 53 53 38 47 32 53 63 42 44 41 32 46 42 32 18 13 38 14 18 26 22 21 12 16 30 75 87 96 73 86 17 24 32 20 24 22 28 28 32 23 44 48 34 39 41 44 40 59 47 50 53 41 60 39 47 52 40 28 47 51 36
28 21 32 20 26 15 21 22 20 16 18 24 30 36 39 17 14 21 28 18 19 39 37 54 64 61 42 38 37 29 37 45 97 95 91 74 97 75 68 65 53 52 73 59 127 110 154 140 122 64 81 78 73 71 63 59 79 78 76 82 73 61 68 69 68 88 59 61 69 63 65 71 87 94 99 80 92 87 80 84
29 27 25 30 21 19 24 28 19 22 20 45 24 27 28 45 68 59 66 60 48 39 46 37 64 65 78 88 79 98 97 86 64 63 61 54 45 61 52 81 65 59 62 74 81 71 64 68 66 78 73 65 77 59 72 61 75 80 71 47 59 60 51 58 56 65 43 57 70 55 78 52 39 47 59 54 52 49 55 53
54 67 67 54 63 42 53 47 50 59 46 59 72 74 73 44 60 56 60 47 62 35 38 40 69 64 38 53 33 35 41 38 72 46 64 41 72 51 70 76 54 77 53 67 70 79 50 62 70 73 79 62 63 80 113 118 115 122 129 106 115 125 127 112 119 114 70 72 57 57 55 73 79 74 79 63 69 77 87 80
24 28 23 17 28 22 16 13 22 19 21 26 28 27 31 16 20 11 19 17 25 98 95 87 65 67 91 79 83 82 88 84 22 18 24 15 24 18 24 25 20 10 25 12 18 19 23 22 32 26 28 29 22 28 22 33 23 26 15 13 11 20 18 16 21 16 42 56 59 56 55 57 41 55 50 32 32 45 41 50
59 58 58 63 57 52 41 37 42 54 40 62 87 78 65 57 55 59 51 59 43 42 53 27 55 57 81 72 95 83 76 87 17 20 20 31 17 18 68 62 63 58 62 59 91 47 92 94 85 30 24 24 23 22 25 30 30 29 20 45 44 43 45 41 40 36 48 60 58 49 51 55 39 53 38 40 50 33 44 41
59 55 61 59 46 43 66 56 57 47 61 77 73 74 78 51 55 51 57 49 45 45 44 41 61 72 93 96 86 78 112 81 63 64 68 63 63 55 105 107 88 99 86 95 69 74 82 82 75 70 71 62 66 81 55 82 85 99 84 86 82 89 81 65 82 88 59 58 59 72 64 47 47 42 41 49 38 46 47 43
78 62 61 63 65 49 52 41 46 51 51 81 84 73 69 58 53 58 40 52 56 39 53 41 62 66 38 39 38 35 45 39 61 63 51 69 76 60 67 67 57 69 62 65 68 68 66 73 78 74 73 77 74 91 75 77 79 76 81 51 62 56 53 45 54 53 93 83 99 81 105 94 103 106 94 102 101 94 113 90
68 69 68 65 62 64 48 55 53 50 54 79 67 60 79 70 76 76 76 86 83 86 86 74 69 62 78 98 78 79 101 86 42 61 61 62 48 53 20 21 21 27 15 28 18 26 22 24 22 28 22 17 19 22 24 25 19 30 16 16 16 23 23 15 17 21 18 18 16 19 21 18 14 14 12 16 30 19 14 16
61 59 47 68 57 55 39 42 54 48 41 88 80 67 79 44 62 51 42 47 47 43 48 35 63 71 87 90 72 83 89 66 19 22 16 19 20 21 68 77 71 69 58 66 25 18 32 26 30 20 17 39 25 21 50 56 60 68 48 53 42 37 41 44 32 34 49 57 67 63 70 56 103 82 86 98 78 97 78 86
29 18 25 23 21 18 19 27 13 25 17 32 39 25 33 54 52 52 46 46 45 50 36 42 66 62 35 45 38 42 33 34 95 89 83 118 93 84 88 124 110 97 107 119 65 61 73 59 79 69 81 73 65 73 100 112 111 121 106 100 83 103 96 107 95 105 123 120 100 112 93 125 106 91 94 87 88 84 99 96
117 99 127 125 100 106 93 102 107 102 98 73 67 80 74 49 74 47 46 54 51 30 35 52 50 61 43 34 34 36 48 37 52 45 56 57 40 50 23 22 17 18 22 28 32 22 23 25 21 15 39 26 22 29 16 27 27 23 28 23 19 13 18 19 11 22 16 14 18 22 23 22 42 51 47 43 50 40 52 54
95 81 81 70 77 67 62 69 41 66 74 23 27 35 38 50 59 55 47 50 69 94 93 73 67 53 45 40 46 43 39 43 27 18 25 20 23 17 15 19 25 23 16 22 20 18 25 33 21 57 74 64 60 75 61 55 64 71 57 35 33 39 38 45 39 48 17 22 23 30 17 15 10 17 18 14 13 10 10 20
25 21 13 23 28 22 22 12 22 22 18 28 31 35 36 15 21 13 26 19 26 54 39 32 68 56 32 42 37 43 40 45 87 103 105 107 88 86 68 67 63 82 49 76 140 116 134 118 118 63 53 76 77 68 70 59 64 70 69 53 42 54 67 70 66 53 106 109 105 93 90 85 71 81 80 85 80 61 86 75
16 24 25 24 22 21 13 19 17 27 12 28 34 30 38 22 19 17 23 20 19 47 42 27 63 58 35 58 41 40 41 44 98 101 123 117 122 110 108 96 106 118 105 111 73 74 67 77 76 95 110 112 100 123 64 71 84 90 90 91 82 83 71 91 86 78 48 78 75 62 61 65 43 47 41 51 49 43 40 43
72 80 75 75 73 61 66 62 61 84 63 39 29 30 21 19 20 16 26 16 25 89 77 87 61 55 72 87 75 95 89 82 20 17 21 19 21 25 20 14 24 18 26 27 27 25 31 22 23 22 26 23 20 21 64 68 69 61 65 62 71 79 76 79 78 75 26 25 23 17 18 19 19 9 14 21 18 13 12 19
50 49 65 52 55 56 58 36 50 34 56 73 84 93 62 80 71 90 78 78 89 82 99 91 56 55 95 101 83 82 84 89 26 13 19 24 21 22 20 13 23 19 15 21 29 20 26 27 24 72 76 77 72 61 26 22 15 28 24 12 17 14 18 25 17 13 18 19 25 24 27 20 17 14 12 12 16 11 16 11
20 34 22 21 27 25 18 20 20 18 10 26 40 33 33 16 27 18 16 16 20 52 41 40 60 48 93 76 87 80 89 81 83 100 108 100 115 98 114 114 106 113 98 103 82 78 70 91 70 78 77 79 76 84 68 60 64 67 74 55 53 39 58 48 53 51 62 63 62 51 58 59 83 90 78 87 87 73 92 84
54 51 51 52 69 45 53 49 42 40 47 59 63 74 70 72 108 88 71 83 93 45 36 44 58 52 28 40 41 37 37 38 100 93 108 102 99 96 64 70 66 58 60 59 27 16 27 26 28 65 88 86 64 66 61 56 63 51 55 36 40 30 53 41 30 38 53 50 46 55 44 49 40 29 34 41 36 31 33 40
63 67 54 66 70 53 47 45 43 47 36 88 86 73 78 71 94 96 95 76 83 43 47 44 55 63 100 93 91 97 86 100 70 67 52 62 48 52 63 72 55 56 63 67 20 35 15 31 22 19 23 31 18 24 68 61 56 52 51 43 40 37 41 43 52 45 52 45 47 57 43 42 47 28 31 42 29 36 35 32
60 61 71 70 66 47 52 40 46 41 48 87 76 80 64 45 44 49 38 50 50 32 43 34 62 64 38 42 39 40 37 44 108 122 111 101 112 118 127 149 151 131 129 155 81 96 79 72 78 132 136 139 105 116 115 120 123 93 96 98 81 81 58 77 90 83 58 65 60 71 76 56 38 53 56 52 52 51 48 46
59 55 65 57 63 47 49 40 47 47 57 77 77 81 97 57 50 42 40 62 61 82 85 82 62 55 36 48 49 32 46 39 51 40 45 55 47 56 72 86 59 72 69 69 100 89 87 85 86 66 80 77 71 75 23 22 23 22 20 13 16 16 16 14 17 19 19 17 17 20 19 17 12 15 14 18 13 15 18 15
21 27 17 21 24 20 17 21 17 14 25 25 29 44 30 46 54 50 48 47 44 80 80 72 68 66 50 41 39 36 44 35 59 61 50 60 60 49 79 63 51 56 41 53 75 78 70 88 67 82 75 96 78 80 81 78 71 85 72 51 48 39 55 55 37 55 54 59 84 65 67 67 84 79 79 91 69 87 67 71
111 110 111 98 119 86 101 103 109 95 97 54 61 75 77 49 63 50 52 43 49 100 95 77 63 59 38 48 48 44 40 42 63 68 63 52 77 68 72 55 64 68 56 51 69 60 87 58 70 88 63 85 73 62 70 76 83 77 94 90 78 83 95 100 85 88 71 57 63 62 60 53 41 54 56 46 43 42 45 40
69 75 94 78 75 77 53 62 55 64 69 30 30 35 25 24 21 23 26 14 12 31 36 41 61 68 45 42 35 41 53 33 19 15 24 15 16 20 28 16 23 15 17 17 19 26 21 21 24 74 75 67 54 72 23 18 27 21 20 17 15 20 17 17 13 18 64 63 55 64 54 65 84 78 82 81 83 97 80 84
116 115 134 153 126 102 83 109 126 101 111 72 88 68 69 47 44 49 42 53 36 44 39 38 51 60 84 83 79 94 91 96 68 63 48 73 66 54 109 97 107 92 107 93 33 15 30 29 21 55 70 86 78 70 23 20 24 21 30 15 22 16 15 14 18 16 22 24 17 21 17 19 13 18 14 11 20 14 13 17
31 26 24 20 20 23 18 13 15 26 19 23 34 26 31 41 60 68 63 58 55 34 48 41 63 66 104 71 71 76 87 67 70 60 69 71 61 60 68 59 55 59 61 76 68 90 57 73 73 62 64 65 78 64 84 79 79 72 83 62 51 60 56 51 75 55 114 113 101 108 102 112 95 117 92 102 98 109 110 128
50 62 77 70 70 42 49 55 51 46 42 66 76 68 63 78 59 76 81 72 81 30 35 46 59 57 80 78 92 102 95 80 98 96 112 97 87 106 120 118 115 111 111 104 76 86 79 83 86 83 83 75 73 76 117 119 117 127 99 87 77 69 94 83 75 82 85 87 81 90 96 111 64 73 60 79 68 69 62 63
55 68 70 62 70 54 57 51 51 65 44 81 70 94 79 51 36 52 52 30 54 39 32 40 42 70 39 43 39 44 35 39 14 21 11 19 22 22 63 62 73 68 59 56 79 82 74 93 92 31 29 23 20 15 57 68 49 66 68 63 59 83 55 75 75 72 58 50 50 60 56 64 52 41 44 38 39 56 35 30
65 60 63 49 59 66 51 53 49 54 41 87 69 66 75 95 85 79 77 79 74 82 73 90 59 58 31 40 37 30 44 35 52 66 62 60 63 75 100 112 88 109 102 81 62 58 85 64 72 80 66 77 63 63 101 101 123 109 97 66 74 71 78 82 106 76 79 90 96 104 93 94 102 116 121 90 113 112 111 124
24 25 27 21 17 18 23 18 18 22 30 34 30 30 32 41 49 50 59 58 57 42 34 39 57 61 39 40 33 44 31 38 42 71 57 66 57 56 60 64 45 54 74 55 85 81 79 76 83 108 114 134 114 82 109 102 90 112 107 65 66 70 84 77 62 78 57 54 44 71 60 59 85 82 76 81 71 100 74 95
77 140 112 154 134 113 81 120 92 91 75 78 53 54 50 48 67 64 104 83 94 64 76 43 61 78 62 45 42 102 73 48 92 95 66 77 129 119 134 103 161 65 107 88 149 100 122 59 130 75 49 51 123 102 81 90 134 126 85 86 123 126 126 59 53 123 112 98 82 107 88 130 124 85 138 140 115 86 87 78
151 308 456 625 765 883 995 1117 1257 1370 1493 1591 1689 1793 1901 2007 2127 2234 2340 2436 2539 2650 2762 2874 2955 3035 3153 3265 3371 3484 3608 3719 3839 3974 4110 4241 4376 4507 4648 4813 4980 5125 5268 5440 5595 5724 5894 6049 6184 6330 6481 6635 6761 6897 7027 7175 7311 7452 7595 7713 7841 7980 8121 8245 8377 8503 8639 8772 8889 9013 9130 9269 9402 9532 9676 9821 9946 10076 10213 10355
40 23 26 25 20 16 25 25 24 13 23 25 49 27 17 23 46 28 19 28 40 20 21 33 38 24 30 16 13 38 21 20 31 30 19 17 28 17 21 1
