20 40 60 69304
44 49 42 40 41 35 49 46 77 64 61 57 89 51 61 62 61 78 57 17 29 24 27 19 16 17 36 21 17 33 30 27 38 34 30 23 12 13 19 21
81 68 56 53 76 82 72 76 33 41 39 50 37 41 41 50 43 50 54 37 44 35 35 32 36 48 49 43 63 57 46 35 33 37 40 35 34 28 15 29
63 60 62 78 55 60 62 70 22 19 22 15 23 19 25 19 22 24 18 73 65 61 64 55 80 23 24 19 23 23 20 41 24 30 33 31 28 17 30 17
27 16 28 21 24 22 24 32 30 34 30 25 30 99 108 100 102 87 102 10 20 20 12 26 17 13 14 14 9 21 20 35 25 37 22 19 26 15 35 22
37 41 44 36 78 75 49 79 12 18 13 19 19 10 14 12 13 13 16 95 102 99 100 91 89 57 57 68 78 62 63 143 132 139 137 98 108 98 121 128
24 24 15 17 17 30 31 37 37 29 29 33 25 24 20 20 27 19 23 17 25 19 15 18 23 50 50 45 44 60 55 9 29 21 19 14 20 24 28 20
45 59 62 52 52 69 74 57 101 94 88 97 98 26 20 15 21 18 24 22 20 19 16 22 9 53 77 65 60 75 74 29 33 37 28 21 24 24 11 22
29 40 34 32 32 38 44 31 58 47 48 63 76 102 127 124 106 103 97 59 58 60 61 65 42 84 64 76 92 71 53 77 94 94 109 68 64 76 78 52
42 33 34 32 18 22 26 24 18 22 21 27 17 18 13 15 26 20 16 84 81 65 91 73 84 60 81 65 56 85 72 80 87 80 102 106 91 88 99 86
44 48 40 41 57 68 72 75 33 53 41 31 50 32 32 34 32 32 19 95 89 93 84 98 114 85 77 69 73 75 84 135 155 165 128 110 123 113 101 103
59 48 53 59 66 48 64 62 79 87 74 84 78 88 90 104 109 96 112 113 108 116 116 115 122 111 107 128 136 103 93 132 102 116 118 112 99 109 99 117
31 34 32 38 40 26 37 32 18 15 16 18 21 77 74 80 84 80 92 93 105 97 84 80 91 147 160 159 157 158 158 105 75 77 86 124 131 100 100 103
57 64 47 48 47 53 51 47 25 29 25 24 22 20 27 22 32 19 23 61 56 51 63 68 74 117 112 86 102 103 123 99 113 105 106 126 98 122 118 120
63 58 46 59 86 78 68 65 68 78 69 55 71 12 6 16 13 15 19 22 15 21 28 27 17 18 10 15 15 16 14 42 36 40 29 33 26 19 18 20
70 65 64 65 49 57 53 49 26 27 27 17 42 48 44 55 61 52 60 42 38 42 32 34 37 18 27 30 29 27 18 17 28 25 25 35 29 30 26 26
49 36 46 32 60 51 64 49 84 99 99 95 122 95 66 91 74 100 93 53 52 60 63 59 51 78 94 93 94 86 91 114 100 96 99 67 88 93 88 94
30 35 39 44 26 29 25 32 45 51 57 51 45 109 105 118 101 85 102 58 59 51 67 72 76 106 103 123 121 115 98 141 132 125 139 74 70 75 63 62
80 66 67 77 61 75 51 73 70 66 55 57 65 22 15 13 12 17 14 54 50 48 63 53 47 87 92 96 93 84 96 146 131 124 129 74 65 58 66 55
29 35 25 43 23 17 23 25 30 22 15 17 16 25 24 21 14 18 25 30 21 25 17 26 25 33 17 25 21 21 22 32 33 38 31 36 17 29 24 26
73 70 62 67 52 62 75 59 111 56 90 74 79 118 149 143 138 136 131 122 111 109 123 92 83 133 170 140 153 167 149 141 159 85 105 130 101 109 122 135
90 166 241 328 424 515 597 685 797 907 1017 1125 1260 1391 1552 1697 1841 1981 2124 2249 2369 2498 2627 2755 2890 3053 3230 3406 3580 3755 3930 4092 4264 4447 4601 4741 4886 5021 5155 5297
58 66 86 80 27 98 62 25 27 33 18 25 32 58 65 18 30 40 151 1
