20 40 60 68793
34 24 35 27 28 91 84 67 79 70 15 11 15 19 10 14 53 56 38 35 41 58 32 32 33 35 31 26 47 32 33 39 54 43 48 76 64 81 74 71
30 31 30 28 28 21 29 23 20 21 24 25 21 19 18 22 62 64 68 68 78 71 19 19 14 12 17 13 40 34 36 29 37 28 32 31 30 27 33 33
59 51 73 51 56 24 18 19 22 22 20 29 15 15 15 23 12 15 14 17 18 20 24 29 26 11 27 20 25 35 33 33 52 57 45 44 60 50 37 47
28 36 41 28 41 25 21 32 33 24 13 24 16 23 24 18 30 24 27 29 24 26 50 37 35 47 55 39 42 39 36 31 37 36 35 67 72 53 56 69
19 17 24 28 25 24 32 34 24 26 15 24 28 26 18 25 30 22 25 27 24 26 57 50 66 45 59 67 84 80 88 73 42 42 39 35 33 32 28 28
34 46 46 39 40 16 19 20 21 14 99 100 87 90 92 85 88 104 90 85 82 76 46 44 33 25 40 37 27 33 36 42 43 33 44 62 49 65 45 42
19 14 18 14 22 64 67 75 56 55 52 52 46 46 47 56 21 22 20 29 20 21 28 38 23 34 35 26 28 26 22 23 39 37 38 80 73 70 91 86
79 97 70 77 86 85 87 91 94 93 48 53 56 47 56 45 106 86 98 84 88 79 20 31 15 20 16 23 42 42 37 38 29 34 34 22 25 18 19 19
36 37 33 50 31 26 35 31 27 22 19 21 18 19 26 21 17 23 18 18 20 17 39 48 51 53 68 61 30 39 44 43 50 52 42 26 38 38 30 30
19 20 23 18 17 27 22 29 20 30 88 71 84 78 106 81 19 16 15 12 20 23 85 75 59 69 78 76 132 119 111 124 30 30 30 18 19 13 22 15
56 62 66 48 72 76 83 57 60 65 62 57 84 57 54 52 17 18 11 15 9 13 51 45 41 39 53 38 26 27 22 23 42 44 33 56 42 40 62 62
25 31 40 25 41 78 73 67 67 75 48 50 83 57 62 58 44 52 55 36 55 44 72 84 88 98 70 93 115 118 143 116 55 49 38 16 26 35 23 26
115 97 97 121 104 109 105 113 126 95 89 68 74 87 82 87 105 101 97 83 112 97 16 19 23 25 24 16 39 31 31 24 49 55 59 61 64 62 63 63
20 29 24 31 31 32 38 22 34 28 27 29 26 24 30 20 20 19 25 23 24 29 77 79 90 81 88 82 124 112 126 127 20 32 39 69 93 92 85 69
42 35 39 48 36 12 20 24 23 34 112 106 105 78 87 75 85 89 82 93 81 86 123 119 117 120 115 109 83 90 79 75 32 42 45 32 28 37 33 33
28 28 20 23 17 39 29 32 37 24 19 21 20 25 26 31 66 60 76 61 70 60 40 40 30 43 31 36 36 42 41 38 34 32 32 19 20 18 25 25
97 114 96 107 104 150 133 138 146 166 55 63 59 64 63 67 82 81 63 101 81 77 53 76 59 57 62 52 17 28 19 28 39 52 54 26 28 33 33 28
99 119 100 100 122 155 174 147 172 167 83 91 95 95 76 92 75 76 76 73 75 82 73 71 59 59 74 60 126 118 145 114 27 35 36 32 31 24 29 18
76 71 81 78 73 108 128 116 124 114 161 167 143 155 170 140 75 70 75 69 65 84 18 19 12 18 27 18 34 43 36 30 43 23 36 78 53 49 46 51
31 39 28 25 32 26 31 31 37 30 48 52 52 45 51 57 49 48 48 54 50 40 19 20 23 16 20 21 36 31 28 27 41 42 41 71 55 58 64 66
128 260 371 505 640 812 1004 1167 1357 1542 1720 1905 2063 2235 2423 2578 2696 2811 2920 3032 3156 3264 3400 3532 3662 3795 3923 4044 4190 4322 4483 4624 4686 4750 4816 4905 5008 5110 5211 5307
58 88 84 72 62 40 52 30 93 42 44 32 29 40 25 76 32 18 25 58
