40 80 60 74713
87 79 88 93 52 76 63 64 73 54 113 105 103 108 90 104 111 92 102 38 48 53 45 40 52 29 30 32 30 30 33 30 30 49 55 47 44 60 57 46 37 48 50 45 43 34 43 32 28 24 31 43 39 40 33 51 47 11 12 17 11 15 11 11 11 14 9 12 15 9 24 29 28 32 31 46 38 29 25 28
19 14 15 19 37 35 50 42 31 35 22 17 20 22 51 53 64 51 47 47 52 44 49 51 56 56 51 56 50 64 57 55 45 12 19 9 13 11 15 18 9 14 19 15 11 36 41 36 32 28 37 38 45 40 42 53 47 10 8 9 9 5 11 11 13 8 14 9 14 14 30 27 20 35 37 34 29 25 23 23
57 59 69 67 76 66 66 66 68 58 65 85 71 76 61 70 72 60 48 59 42 45 65 39 62 38 30 49 34 41 49 36 49 68 54 39 34 63 57 56 48 45 54 56 48 17 10 13 13 12 3 13 11 14 15 12 18 56 57 73 52 59 62 57 44 37 34 36 34 34 21 19 23 32 33 44 33 116 85 89
57 23 39 35 27 26 30 25 22 19 51 37 53 53 55 58 78 90 65 35 58 57 46 54 52 52 39 58 47 63 79 55 68 14 14 7 13 6 10 15 18 17 15 7 12 47 53 55 42 57 65 41 34 47 44 51 31 79 78 80 88 85 61 89 104 92 93 87 72 74 32 24 26 37 41 37 31 27 19 23
76 69 82 80 52 44 48 44 48 40 51 69 62 54 49 57 57 55 50 104 120 129 137 148 132 99 97 107 92 106 92 85 95 82 96 104 86 95 84 97 85 102 86 97 88 51 47 49 55 33 43 45 37 39 38 33 39 96 101 115 120 99 101 95 77 81 71 72 81 79 92 89 102 128 113 109 124 152 143 141
71 69 68 88 47 34 40 30 46 49 76 80 67 69 63 57 81 58 57 41 50 39 45 43 47 57 64 65 49 59 46 69 56 58 51 51 56 59 42 58 58 50 56 54 59 61 78 65 76 60 56 86 91 91 86 83 61 106 90 86 102 87 88 94 70 64 83 70 94 75 75 71 90 147 127 148 154 107 100 96
116 101 92 87 59 75 63 57 59 80 107 110 122 90 92 91 81 102 80 61 63 74 69 69 63 44 50 67 56 62 40 72 53 67 76 77 87 59 80 77 78 91 69 91 81 44 40 33 39 43 42 52 42 39 41 48 37 33 37 39 45 38 27 43 45 51 65 44 48 45 25 33 28 30 48 40 49 21 29 28
78 60 61 76 40 54 60 67 54 58 57 74 60 69 57 54 58 54 50 85 90 90 66 76 98 55 75 46 70 46 41 47 70 84 101 106 100 100 102 100 102 97 101 97 103 76 64 64 84 79 64 76 80 69 60 77 79 48 53 50 33 37 58 40 52 48 45 53 43 34 26 19 37 44 45 43 45 25 21 24
50 45 48 46 33 20 24 19 23 18 46 32 38 35 26 34 33 32 33 51 69 57 46 37 50 49 52 62 51 43 50 49 46 35 58 50 39 29 41 53 44 48 41 48 38 52 63 71 44 60 63 63 52 56 63 64 57 53 42 33 30 56 44 45 41 48 43 48 32 39 26 31 25 37 38 37 33 29 30 28
67 70 93 87 69 66 79 72 64 68 77 117 90 75 85 81 104 81 89 42 36 48 40 43 46 28 28 24 34 34 30 36 29 62 47 50 45 55 36 43 52 46 58 60 46 41 36 24 30 29 32 48 39 45 49 33 46 73 71 57 66 79 81 62 40 37 38 40 40 32 32 16 22 41 34 37 39 103 84 96
108 64 107 81 59 58 61 58 59 80 78 84 84 81 71 55 77 60 52 49 54 55 50 57 64 67 65 57 47 47 41 58 60 88 112 89 97 86 92 76 73 83 69 82 77 35 41 37 42 63 29 60 52 45 50 55 47 87 82 70 72 76 96 100 85 71 71 86 83 96 89 82 84 37 47 38 44 30 23 26
75 84 75 82 47 53 57 38 50 44 64 63 66 58 85 101 92 79 71 78 77 74 98 92 86 62 70 75 73 72 76 54 57 93 95 89 97 77 91 98 93 112 106 93 81 13 10 15 12 6 7 10 15 13 18 18 12 10 10 9 13 8 10 7 13 9 6 17 13 12 79 76 72 33 37 37 48 23 28 20
124 117 131 95 69 65 74 58 64 61 71 84 91 80 51 67 60 53 54 57 52 61 45 42 51 70 55 59 59 52 52 65 68 78 98 93 58 76 72 81 59 79 76 91 66 51 53 58 39 57 40 41 42 56 52 41 40 34 26 41 44 38 39 48 55 45 52 46 59 59 27 18 19 26 41 36 27 25 23 19
81 72 76 64 77 98 74 80 76 78 52 57 68 71 67 73 62 60 55 63 66 44 35 41 57 38 41 52 44 54 49 53 60 36 47 38 48 32 38 61 55 63 48 52 53 57 41 47 47 49 33 46 46 49 54 49 35 87 98 82 101 90 83 89 82 78 86 83 90 68 22 25 26 44 40 41 38 93 82 66
41 43 42 44 28 27 30 38 35 30 46 38 46 25 66 57 59 56 73 47 46 56 38 37 41 56 46 45 48 44 56 37 54 10 12 9 9 13 16 17 17 6 13 16 13 68 70 73 76 63 95 75 74 72 67 86 75 82 74 71 75 87 74 90 85 93 75 71 76 84 74 95 87 121 139 126 140 95 78 88
34 46 28 48 26 29 27 28 18 29 52 51 42 44 71 47 54 53 63 47 50 43 43 59 45 36 26 29 39 32 44 37 31 75 99 83 94 99 78 72 53 74 49 70 78 10 19 15 17 10 11 14 10 17 10 16 14 58 54 50 72 50 72 76 29 40 46 38 39 34 22 25 20 32 44 36 44 86 100 96
65 83 61 67 69 65 74 81 77 59 95 82 78 77 48 53 54 61 53 58 55 45 52 61 43 46 46 42 47 50 45 45 38 46 48 38 43 44 50 36 43 47 45 44 42 93 86 83 73 84 94 93 72 90 101 79 82 80 67 73 76 79 78 68 76 65 95 70 70 90 115 156 153 114 126 139 145 109 89 99
20 15 16 14 29 29 37 35 26 34 21 18 18 19 16 13 11 14 17 47 38 61 46 39 51 24 35 20 37 39 36 31 26 53 47 45 36 49 43 34 34 39 49 36 42 74 58 59 61 59 57 71 60 56 68 57 77 81 95 64 84 92 93 95 71 72 54 74 69 57 29 31 29 25 39 39 37 88 82 91
18 13 20 16 15 10 15 16 11 15 18 13 22 20 17 21 14 14 21 18 19 13 7 16 16 24 22 27 25 17 27 26 24 43 50 47 49 54 44 55 44 45 55 58 62 90 76 72 66 61 67 86 100 84 87 88 85 100 102 107 113 103 90 103 131 131 127 137 122 123 110 111 80 109 151 123 145 132 141 167
33 33 41 40 32 31 26 38 24 31 39 39 37 36 29 23 25 37 27 43 45 53 53 50 47 45 45 45 35 44 57 50 59 49 44 32 54 44 42 51 36 44 36 43 51 44 47 43 34 39 38 50 34 40 35 27 42 88 88 87 74 79 75 94 84 71 85 94 89 74 111 109 92 160 162 159 154 97 100 104
22 17 26 22 12 15 18 20 10 9 24 21 20 18 63 47 45 53 61 49 47 41 44 39 60 32 36 30 36 26 49 45 36 44 44 38 36 34 37 45 41 36 52 38 45 61 59 53 46 72 63 74 88 71 85 76 76 45 37 25 36 35 39 41 41 41 55 64 48 56 34 20 25 42 47 41 22 25 33 24
14 15 19 21 11 9 11 18 9 13 18 14 20 25 9 19 18 18 19 55 53 50 52 49 50 21 29 26 28 26 37 26 30 47 36 37 48 37 26 39 48 34 31 45 39 75 66 62 64 67 80 61 56 53 62 58 66 41 50 44 43 46 43 46 30 36 38 45 46 40 27 29 31 30 44 36 39 17 30 24
63 63 59 57 57 46 50 46 51 56 55 57 59 67 77 90 93 109 91 46 41 47 54 42 44 43 56 56 53 47 55 54 56 57 44 41 63 55 61 48 56 54 57 48 58 36 39 33 42 53 39 33 44 34 48 35 52 109 110 105 104 95 114 95 82 99 80 80 74 99 66 65 75 30 37 34 30 34 24 18
106 100 100 91 61 69 63 63 72 76 63 72 76 88 55 53 57 52 48 83 92 88 91 83 96 58 63 72 74 48 65 69 55 76 67 79 62 51 62 79 60 81 70 56 64 37 33 51 27 27 39 31 34 52 46 38 48 48 48 50 51 61 48 53 55 42 51 40 47 36 78 78 69 38 34 35 49 71 99 61
26 43 27 41 54 59 52 57 51 58 42 53 42 45 32 44 26 36 38 14 11 12 7 15 10 25 19 29 24 21 18 20 27 13 13 15 16 10 11 11 13 12 11 10 8 61 78 57 78 74 63 62 70 88 66 73 73 32 41 30 39 41 38 39 52 44 50 62 53 62 22 18 28 41 43 43 33 26 32 22
78 87 100 61 65 44 50 65 47 60 83 66 76 81 100 95 95 86 105 68 58 95 84 74 59 69 64 81 64 57 57 68 56 66 49 58 42 64 54 53 52 32 43 50 56 10 12 14 10 11 13 16 8 15 12 12 17 48 54 67 42 47 63 58 44 41 45 59 49 53 29 31 28 42 38 44 42 20 25 27
13 19 18 19 9 16 13 14 10 12 20 18 28 18 17 8 20 11 21 84 92 83 84 96 88 52 73 76 74 65 76 82 92 62 68 70 56 85 71 84 72 85 75 73 68 36 42 52 48 43 51 41 36 45 51 40 56 37 49 42 46 42 26 47 58 43 52 67 55 48 76 72 80 144 125 125 137 94 109 103
84 67 73 83 37 49 48 42 41 43 72 77 79 75 54 84 87 85 59 30 46 45 42 42 51 56 60 62 54 54 62 61 57 33 46 54 44 41 41 41 47 49 47 59 42 59 56 41 55 57 42 48 50 54 50 50 47 45 33 43 39 38 40 37 64 57 48 43 65 41 68 65 59 34 36 35 37 27 19 17
18 10 24 13 33 35 33 33 23 23 20 29 24 15 10 20 14 15 20 32 36 36 33 46 43 28 22 26 27 37 26 29 27 34 38 38 37 47 33 34 36 37 31 38 44 17 14 8 11 22 15 15 18 10 20 12 13 10 10 12 16 9 13 13 15 10 14 7 20 11 20 32 21 35 41 41 41 23 29 28
93 113 122 109 95 99 88 70 97 98 90 99 83 80 72 68 65 74 67 51 38 49 55 43 37 34 36 33 35 30 20 37 23 51 45 48 46 45 35 60 55 50 50 47 57 64 43 46 63 47 45 54 50 32 44 49 37 47 49 38 40 31 45 34 57 56 47 45 46 58 67 60 80 30 34 24 43 24 26 34
14 20 21 19 14 16 11 14 19 12 21 20 25 22 55 50 61 43 58 11 12 10 16 13 9 9 12 4 7 11 9 4 9 12 11 12 15 20 10 11 15 16 16 14 14 39 45 44 46 48 56 50 36 49 46 54 43 67 56 80 71 70 71 72 71 63 78 71 93 85 71 80 78 130 127 160 159 98 109 84
47 41 46 54 48 52 40 67 51 61 39 36 35 40 35 33 45 41 21 69 55 60 75 70 67 79 85 79 86 93 98 75 85 45 40 41 42 46 48 51 43 50 58 57 50 9 18 11 13 15 18 9 12 11 13 15 22 70 65 73 73 69 61 83 39 39 40 32 32 34 34 25 27 22 46 38 32 113 110 91
112 113 74 94 95 104 82 65 67 83 61 60 60 77 63 75 62 60 75 39 45 37 43 30 52 52 46 42 43 50 37 43 45 52 36 40 33 41 40 57 49 50 53 60 54 70 66 72 65 86 61 64 83 72 78 74 73 77 99 79 95 87 78 96 69 63 63 86 65 60 91 71 90 123 131 127 147 88 90 65
73 80 80 73 66 77 77 79 72 79 75 92 65 72 43 63 41 46 46 47 45 56 52 53 44 57 41 56 43 45 49 52 50 38 49 48 51 50 43 58 45 64 56 51 51 44 62 56 63 54 48 47 45 50 34 29 32 49 39 41 49 46 38 42 37 59 48 53 50 44 21 21 22 39 30 36 46 31 25 27
119 119 116 125 98 90 83 90 90 96 114 94 79 81 56 72 67 66 72 45 41 53 41 67 60 54 40 45 52 67 62 50 56 41 37 42 47 48 46 49 45 55 44 53 42 97 84 83 81 77 87 79 72 85 79 73 88 81 65 77 70 71 80 71 66 79 72 83 69 92 124 130 124 128 147 120 122 99 107 107
72 64 74 82 71 76 84 90 88 70 68 79 98 64 42 46 56 48 50 46 46 42 54 45 39 73 53 70 50 48 64 54 60 43 31 45 51 49 47 49 39 43 47 44 51 14 12 10 11 16 8 15 7 16 19 13 13 32 30 34 32 35 43 30 51 47 50 37 45 45 21 25 18 33 38 33 34 28 29 29
70 70 60 61 47 35 41 52 39 43 80 80 60 87 61 64 58 77 76 51 40 44 45 33 41 34 27 30 29 29 29 29 33 93 94 88 102 88 88 76 73 83 81 73 64 91 91 112 96 95 72 143 99 126 105 123 108 82 76 78 73 68 75 79 89 73 77 90 104 99 132 133 134 150 111 128 123 121 103 88
76 58 64 58 72 66 66 54 71 59 83 73 94 82 68 64 57 63 64 63 88 72 84 89 65 67 67 62 54 66 64 68 64 103 98 92 117 125 108 132 115 118 103 125 123 32 27 48 49 49 30 49 60 50 55 47 58 33 38 35 37 35 38 32 43 34 36 38 46 60 89 64 87 35 53 36 41 25 20 27
66 60 62 48 76 86 70 61 79 66 77 60 98 79 71 79 72 78 78 79 88 76 75 75 81 81 59 55 66 87 56 69 70 87 92 77 106 93 85 85 87 92 82 97 80 9 14 9 19 7 16 8 10 16 13 14 6 59 61 54 72 70 64 89 62 38 46 48 33 49 23 28 19 38 35 34 44 26 23 35
52 65 66 60 41 57 44 51 51 45 78 105 68 71 57 75 60 46 60 73 66 69 72 77 65 82 81 92 82 85 82 62 76 107 97 90 95 92 104 76 84 83 94 90 95 73 69 83 87 73 84 86 89 94 102 89 96 93 76 77 76 77 77 78 68 78 68 74 70 66 121 143 126 154 151 129 136 105 113 91
137 269 414 553 662 777 875 975 1083 1192 1318 1448 1583 1703 1814 1929 2052 2173 2290 2405 2538 2681 2833 2997 3143 3253 3361 3480 3582 3700 3809 3904 4010 4129 4253 4371 4501 4640 4760 4906 5034 5165 5283 5422 5558 5666 5767 5891 5998 6104 6210 6368 6479 6619 6736 6872 6992 7113 7235 7363 7496 7610 7736 7850 7995 8140 8281 8433 8568 8704 8850 9023 9192 9369 9548 9725 9901 10069 10227 10412
28 56 24 28 14 20 22 22 24 25 17 22 19 17 18 32 12 27 19 23 32 39 20 15 33 14 26 28 68 21 36 33 13 28 15 36 14 26 20 14
