20 40 60 60924
70 62 55 66 70 81 60 59 98 87 84 109 100 104 96 92 108 92 109 90 95 114 67 41 54 54 28 29 26 40 41 47 44 41 39 16 17 20 20 10
76 67 91 79 81 71 77 80 75 60 66 54 54 68 54 47 67 82 98 70 85 79 44 51 61 49 32 27 35 48 45 41 43 38 28 44 48 40 39 47
83 96 84 88 59 81 70 59 103 89 102 101 93 98 106 111 77 87 80 71 68 83 47 53 43 68 80 78 83 38 45 28 46 36 31 92 94 85 94 89
70 108 72 67 75 63 67 70 71 71 78 73 60 53 41 61 49 68 49 60 49 44 48 52 39 56 25 26 31 46 44 50 48 44 56 37 61 44 51 42
20 27 24 17 34 22 25 31 78 89 74 49 72 81 66 68 57 64 62 65 68 57 64 69 59 50 85 70 64 59 49 45 43 46 46 58 49 48 60 57
29 24 32 26 25 16 23 21 57 47 47 32 56 33 34 56 55 56 50 56 57 64 24 21 18 22 28 29 27 34 37 35 43 37 45 48 49 58 55 42
27 20 20 20 27 24 19 25 69 81 86 60 71 69 65 77 65 58 51 55 77 64 53 55 67 58 59 67 69 66 70 90 73 77 86 56 58 49 52 68
87 81 82 68 73 81 70 73 70 56 60 47 72 53 64 69 59 62 54 56 53 64 78 59 50 49 22 33 27 23 16 18 11 21 20 45 53 56 55 39
63 73 80 87 61 61 65 67 76 55 53 49 67 58 53 66 53 55 51 51 50 63 52 69 56 60 59 69 64 33 39 40 46 31 36 70 72 84 78 69
65 64 72 60 72 60 68 54 76 75 68 83 70 72 68 73 85 83 75 79 92 90 92 89 86 99 65 64 57 78 91 77 72 73 73 35 64 57 53 50
93 88 78 78 75 88 74 83 47 41 38 47 45 46 34 46 47 38 44 37 54 40 91 98 102 106 61 76 76 53 59 62 58 53 55 49 52 39 55 43
27 17 26 25 19 17 23 24 13 12 13 12 13 9 14 14 18 12 16 12 15 14 49 49 40 48 66 73 81 37 43 30 28 41 38 79 84 74 89 74
86 73 77 76 65 73 71 73 80 67 82 83 102 85 75 86 102 123 116 107 106 90 25 18 19 24 32 29 40 13 10 19 16 13 14 44 45 34 40 33
93 100 68 89 77 66 77 91 47 39 29 34 37 46 41 52 57 29 53 53 50 30 45 55 61 51 73 79 72 82 48 74 68 62 66 88 81 72 68 71
23 26 21 12 27 24 28 20 65 73 77 58 81 87 61 95 54 55 47 74 66 64 24 25 20 10 24 30 30 67 59 74 62 66 68 50 64 48 54 71
31 33 20 27 26 28 27 23 26 30 44 44 29 34 43 38 15 18 12 22 18 22 86 82 80 82 81 80 72 47 60 44 52 39 53 45 41 46 57 48
53 71 66 75 64 60 75 80 53 61 54 48 59 73 64 50 44 52 65 48 48 61 24 31 19 22 31 35 34 59 68 73 61 58 62 50 59 52 54 52
75 71 90 96 96 96 76 84 65 54 61 50 75 47 76 68 100 97 99 103 109 102 44 64 51 48 63 74 63 49 53 42 46 47 47 74 78 80 66 83
23 24 36 26 21 28 23 22 11 11 9 7 17 8 6 16 15 14 17 11 15 15 30 25 17 35 27 31 34 71 84 50 68 62 58 28 50 40 53 50
66 71 61 73 96 93 82 84 46 39 33 34 40 49 38 43 54 46 58 61 58 59 59 42 38 44 31 37 26 41 44 40 43 45 38 59 62 41 53 54
94 203 295 392 489 586 669 761 865 955 1058 1168 1271 1376 1483 1595 1704 1828 1945 2053 2163 2278 2371 2470 2573 2680 2766 2847 2931 3014 3106 3197 3271 3349 3436 3529 3624 3710 3805 3895
60 40 31 49 58 72 50 51 39 31 36 89 39 29 48 59 41 22 106 50
