20 40 60 66497
140 149 153 140 75 63 67 54 72 72 78 85 82 88 93 127 132 138 49 47 59 71 60 70 64 71 66 50 35 41 32 38 56 26 30 33 33 25 23 32
49 58 44 50 79 79 57 75 66 71 73 60 63 54 69 75 69 59 101 113 87 118 98 53 54 61 63 41 45 35 35 40 44 22 27 22 30 31 41 35
22 21 18 26 43 34 35 46 39 41 42 18 25 26 26 21 28 26 17 12 22 19 14 25 17 16 29 42 46 50 43 45 50 41 38 51 41 50 38 53
108 113 107 101 87 91 86 101 94 106 96 159 135 139 147 128 143 156 72 93 86 76 83 74 62 60 61 39 34 45 47 47 54 34 42 34 33 43 31 42
106 119 114 104 65 54 51 56 45 43 54 38 49 48 52 87 74 63 63 67 90 59 60 71 80 75 89 102 101 103 108 87 98 81 69 85 68 78 69 76
16 30 23 24 16 9 8 13 16 10 13 15 22 22 18 32 39 21 61 64 76 69 61 97 93 77 93 63 46 54 55 56 60 40 42 46 36 39 45 48
69 85 69 109 96 110 77 103 93 88 93 112 111 101 92 140 117 123 82 72 97 86 86 46 63 46 60 34 32 39 52 46 48 30 32 31 24 33 32 34
50 41 42 44 50 48 53 47 49 39 59 59 66 53 60 62 63 54 63 64 69 72 64 80 83 75 95 86 90 83 73 92 89 67 66 65 62 64 64 56
26 19 17 18 33 56 35 48 41 42 31 19 18 20 16 28 26 35 13 15 17 20 18 25 25 21 18 18 16 9 14 20 22 13 15 14 14 16 14 10
22 23 32 24 13 9 13 10 9 16 13 19 21 31 23 36 32 30 14 14 16 17 15 25 24 18 25 66 66 66 50 63 56 48 40 46 51 51 50 44
110 110 116 94 34 29 23 22 30 23 39 39 44 51 65 86 81 77 47 55 55 57 63 85 96 87 72 97 84 95 88 88 90 60 65 47 65 77 69 65
83 81 88 84 55 60 73 52 55 60 45 162 160 180 171 144 99 150 59 47 51 49 57 52 66 65 54 60 72 69 54 72 80 75 78 75 73 66 86 68
97 88 74 96 88 83 77 83 88 69 94 126 152 147 133 99 112 102 163 155 138 148 165 113 136 139 138 82 86 83 87 82 81 75 62 74 61 52 57 67
59 65 45 60 72 65 69 66 58 50 48 66 52 74 63 77 96 98 67 88 86 81 81 64 75 61 81 95 75 100 82 73 83 64 55 68 59 68 64 51
45 44 45 54 69 41 57 43 62 46 55 102 106 114 128 75 84 85 64 63 52 60 55 82 90 86 88 49 51 37 51 44 36 54 55 34 34 47 36 34
109 95 95 110 79 74 71 69 67 58 70 86 80 81 88 108 103 114 90 93 89 85 94 130 136 133 137 111 97 109 100 122 117 87 102 109 98 99 105 82
81 76 82 67 56 55 72 60 63 62 65 147 165 152 184 104 99 116 96 96 113 99 91 143 125 127 140 85 76 58 79 68 90 61 69 65 60 76 55 72
86 107 100 99 58 51 56 59 47 68 64 108 98 108 113 135 127 141 94 72 79 65 74 45 47 63 61 75 70 90 87 95 84 76 68 68 52 75 75 71
30 24 15 18 40 47 40 43 52 31 32 14 20 18 34 28 24 31 59 73 52 58 55 65 63 70 72 41 50 56 58 54 65 39 45 48 40 36 35 44
53 63 61 52 74 71 65 57 48 65 58 61 63 51 67 89 77 81 44 44 42 45 36 64 67 45 38 55 86 87 88 79 81 76 81 77 71 74 74 97
155 320 489 644 751 873 969 1083 1187 1305 1412 1591 1774 1973 2176 2335 2493 2666 2846 3018 3171 3335 3518 3676 3827 3981 4136 4259 4371 4492 4612 4747 4877 4974 5087 5208 5317 5427 5544 5652
25 51 103 28 25 79 27 29 160 119 37 30 18 39 44 25 23 25 69 44
