20 40 60 60721
8 7 17 9 19 14 59 49 63 63 53 54 53 45 33 55 50 29 23 31 35 33 29 32 35 32 31 38 13 18 13 12 16 38 29 31 27 39 34 27
29 25 28 44 21 27 21 20 18 27 14 24 40 45 42 40 34 67 72 52 74 56 56 66 64 29 24 15 11 13 15 15 16 16 30 20 20 34 23 33
88 85 93 63 68 86 72 70 74 73 63 64 111 110 100 99 111 80 80 91 75 106 81 96 95 146 139 126 51 51 49 56 58 111 100 114 107 75 65 84
34 37 39 46 37 41 38 36 49 50 49 41 74 85 94 73 79 103 115 113 103 86 104 118 72 42 31 45 60 47 50 46 66 78 72 67 65 16 25 26
109 83 100 101 97 99 93 66 90 78 93 92 110 107 109 107 129 81 81 89 86 95 94 90 83 104 114 108 38 48 49 44 59 141 147 129 118 145 135 139
104 84 93 83 89 95 128 110 108 126 124 113 93 91 90 96 97 74 83 73 74 81 77 83 81 125 148 142 70 94 115 100 117 103 91 97 114 117 110 120
65 79 73 57 73 58 66 70 65 81 60 71 115 102 98 106 115 45 29 34 29 41 40 33 40 40 45 44 45 49 46 46 53 52 44 55 62 31 40 36
72 73 84 88 73 85 137 134 130 123 136 134 104 89 83 80 99 61 51 57 63 46 57 57 55 109 110 116 66 78 69 71 74 79 89 88 90 105 120 122
83 81 83 77 82 75 98 70 68 87 99 78 149 111 126 125 122 85 72 81 68 80 80 84 67 95 94 97 79 79 65 84 80 152 150 144 171 102 141 127
54 55 57 53 60 66 44 53 57 49 68 60 81 60 72 83 76 82 77 81 97 70 92 78 76 43 29 41 70 69 74 85 60 27 24 25 27 25 43 30
18 22 23 20 26 14 58 65 61 40 49 57 26 26 23 19 20 16 31 34 24 29 20 27 27 21 28 16 81 73 69 58 72 23 31 11 27 34 39 47
66 70 74 69 72 58 93 73 85 100 91 80 103 87 112 94 89 75 55 69 58 67 54 73 59 86 74 71 109 69 96 70 67 83 84 82 117 123 113 110
92 86 86 91 73 93 59 50 49 45 54 40 73 76 64 91 80 20 39 40 33 49 27 29 32 67 76 76 83 89 81 69 88 106 121 119 125 102 97 108
71 78 81 76 84 82 63 58 57 53 66 72 47 69 67 75 71 44 52 52 56 58 42 40 52 36 35 38 45 49 44 40 50 30 25 35 33 44 40 40
53 64 60 61 51 59 67 63 46 53 52 36 82 81 97 66 70 33 25 38 32 34 36 29 30 25 30 23 24 23 27 21 30 62 63 48 57 32 32 47
66 65 75 85 63 72 117 118 106 111 123 100 48 42 45 46 41 50 52 53 42 44 46 43 57 94 85 93 82 64 63 74 72 60 57 64 68 93 99 105
50 58 47 55 58 55 20 29 25 15 14 22 22 24 18 14 19 42 48 36 41 55 37 43 50 46 34 38 62 56 49 46 32 67 72 77 68 34 21 22
46 61 75 62 48 52 46 55 43 47 55 45 112 124 102 111 113 53 76 59 61 53 65 50 51 91 140 116 50 49 60 29 47 80 69 70 79 82 73 72
19 27 16 10 15 17 14 18 17 18 18 19 10 14 11 15 20 55 53 48 39 55 33 43 50 41 38 45 17 16 14 15 25 32 22 25 27 31 23 29
48 71 48 61 95 29 29 97 49 87 105 70 85 82 94 34 30 79 56 46 30 75 88 37 88 36 68 140 79 85 111 69 79 87 105 114 84 115 138 115
110 197 298 400 498 598 736 871 1002 1129 1266 1401 1551 1676 1803 1929 2059 2163 2279 2393 2497 2604 2709 2828 2924 3071 3220 3363 3473 3568 3684 3785 3903 4056 4207 4352 4524 4670 4812 4952
123 91 12 46 20 22 40 23 35 57 83 23 23 40 58 34 90 29 150 1
