40 80 60 68417
31 41 30 44 33 27 24 31 21 20 26 28 24 13 13 11 9 12 12 11 36 35 31 28 31 49 50 41 46 47 45 55 25 27 29 21 25 26 23 25 24 17 20 24 32 48 36 40 23 18 24 21 16 18 21 17 16 28 26 28 20 21 17 15 23 45 53 53 50 57 19 29 20 11 21 18 24 14 23 21
80 81 93 67 92 96 97 87 105 92 100 84 108 88 61 80 76 86 67 85 36 38 31 32 35 41 60 52 56 52 60 66 77 70 74 64 75 58 60 68 69 68 52 65 50 64 75 47 105 102 96 110 43 46 36 38 59 42 74 92 81 96 81 73 83 47 62 55 63 61 75 56 69 68 62 74 58 57 50 66
27 32 33 27 32 33 27 19 29 26 21 26 25 11 12 10 15 15 11 9 10 14 25 16 12 18 27 10 13 24 8 8 28 22 25 34 11 20 26 23 33 26 27 24 24 25 21 19 22 18 24 18 11 13 12 10 11 10 29 23 27 32 22 35 19 53 49 44 55 39 12 20 14 20 19 13 31 29 23 17
15 22 21 14 19 22 38 35 28 12 23 20 30 67 62 70 64 69 69 41 13 13 9 10 12 8 14 24 19 20 13 16 78 67 66 80 68 63 75 70 27 24 17 23 28 22 21 19 23 29 24 24 19 11 10 22 10 14 59 64 73 66 58 59 69 22 23 23 27 24 18 20 13 16 17 10 23 19 23 19
27 23 23 31 22 28 31 22 26 23 22 24 21 59 71 65 57 77 70 65 115 86 99 85 104 91 99 100 108 88 109 92 45 31 23 23 15 21 16 17 21 23 22 21 33 19 26 32 23 25 17 25 54 76 58 58 62 60 29 34 29 30 18 46 20 35 38 34 36 33 10 16 7 19 15 11 12 22 22 22
16 14 12 14 14 24 28 23 29 15 16 16 19 55 50 59 57 40 70 57 52 51 56 54 46 66 94 77 82 82 97 87 24 21 22 24 23 10 20 22 42 35 49 46 57 47 58 60 48 53 50 64 46 63 48 66 52 57 43 47 49 48 53 41 49 70 61 70 61 76 75 96 75 88 92 94 69 72 70 72
42 47 53 46 35 27 40 21 37 37 14 26 18 19 13 14 24 20 12 14 8 11 8 8 21 11 45 44 48 57 35 65 62 72 61 69 66 53 78 60 17 19 18 17 63 65 67 57 21 27 24 26 55 52 44 68 50 50 44 40 50 24 29 44 44 20 20 17 13 22 72 62 60 54 59 68 34 21 15 20
73 65 60 51 60 59 53 59 44 60 72 53 69 82 78 64 89 78 80 72 83 59 78 90 84 84 15 17 15 11 18 17 80 70 79 76 67 77 57 68 53 49 46 59 67 59 60 64 41 37 43 41 30 33 23 30 40 29 66 56 55 51 45 56 63 115 125 120 119 113 71 79 70 71 84 71 93 97 101 109
65 59 48 59 62 73 108 84 94 53 52 74 56 43 38 35 45 46 52 61 37 42 43 50 41 35 124 124 126 118 117 135 108 107 97 91 79 89 76 92 82 98 87 84 110 110 117 118 82 94 102 90 126 118 88 110 94 110 38 39 31 51 36 44 58 71 66 79 82 72 116 115 128 135 124 150 58 54 77 71
18 21 25 28 25 21 25 24 28 14 16 13 23 49 58 63 61 66 55 54 60 65 76 79 55 68 14 18 13 20 16 15 17 29 23 32 25 19 20 26 64 69 50 61 64 63 63 62 77 65 59 78 60 55 51 55 57 40 94 85 85 67 88 88 110 78 87 100 70 88 119 128 113 129 129 125 70 60 73 73
54 73 85 65 68 79 112 82 71 35 40 64 51 108 102 88 84 116 95 85 16 10 20 25 20 15 76 67 49 79 68 66 82 73 75 74 47 52 46 62 62 74 55 59 35 40 46 45 56 51 61 49 99 91 114 96 95 90 28 28 14 24 16 22 20 32 39 44 33 36 39 38 33 31 36 28 66 59 59 62
35 41 47 39 39 59 53 48 42 69 66 74 77 41 44 47 50 46 43 40 80 60 64 75 79 67 17 19 21 24 19 28 25 18 21 13 17 27 17 13 64 52 48 65 96 103 101 115 59 51 55 64 72 69 66 68 62 66 42 38 28 38 33 34 31 48 47 50 52 57 90 91 87 96 104 92 50 51 53 45
58 48 48 47 49 75 54 61 73 82 78 79 76 30 37 27 29 26 23 28 66 65 68 80 72 72 15 16 20 17 19 12 38 27 22 27 21 34 33 25 45 49 54 50 30 33 29 47 47 55 62 44 91 69 63 74 83 74 79 87 97 83 78 81 89 72 73 73 61 71 69 79 78 81 76 78 31 39 53 40
18 11 13 16 11 32 28 21 33 22 25 22 17 36 29 28 46 43 37 38 13 14 12 12 10 12 16 13 11 16 14 13 44 44 66 31 48 50 41 59 43 42 42 41 73 65 65 72 50 51 38 44 80 69 73 61 55 75 45 55 51 45 36 45 45 91 87 96 93 87 51 49 54 49 47 44 56 59 58 60
63 70 70 48 56 66 59 68 64 88 94 104 91 42 52 56 47 45 40 47 104 84 87 114 116 97 46 36 35 42 50 46 74 73 91 81 99 95 89 94 97 90 88 87 92 99 103 92 92 67 71 71 78 85 66 62 60 67 36 42 46 48 59 46 49 77 87 79 90 73 135 107 135 116 109 102 92 112 95 71
16 13 12 15 15 23 32 20 26 23 21 24 21 15 18 16 20 12 21 15 38 41 43 42 51 35 46 49 55 39 42 43 23 33 33 31 27 26 26 25 101 115 118 101 93 63 98 87 71 91 72 79 102 111 114 121 116 115 63 58 67 57 52 61 66 43 59 41 41 37 66 78 97 78 77 77 53 56 53 53
98 98 95 85 80 72 80 78 70 63 58 58 67 30 39 34 32 26 35 36 104 121 94 86 99 109 119 113 110 113 112 101 159 150 167 136 133 127 107 113 89 104 99 84 73 93 57 87 98 86 90 68 40 39 40 47 49 38 58 51 48 47 51 53 53 46 51 47 48 35 123 100 107 98 96 92 77 70 68 86
12 13 11 16 14 30 23 30 17 32 33 31 24 53 56 54 54 50 53 43 98 90 77 97 102 99 47 31 40 33 46 41 19 11 16 22 21 21 30 21 12 16 23 19 20 22 12 20 33 29 34 31 10 17 10 8 11 12 30 35 40 36 39 28 38 32 31 48 44 56 15 13 21 16 11 17 19 17 18 13
70 79 47 59 61 55 71 86 74 47 41 50 49 62 60 64 55 72 56 52 18 15 17 14 17 21 46 68 65 58 65 67 13 12 23 18 27 19 29 29 39 26 24 32 71 59 70 66 18 17 14 16 59 67 42 50 49 55 40 27 36 38 40 54 49 29 35 42 34 50 20 27 23 12 25 21 15 19 32 18
49 35 49 60 47 25 31 25 30 18 17 25 23 67 71 64 75 61 69 74 12 7 9 12 13 12 16 13 17 23 14 13 77 57 70 67 55 54 68 67 31 36 29 27 27 23 19 28 27 32 36 30 18 20 18 23 26 19 19 12 21 32 17 30 24 41 28 35 41 39 77 84 58 71 72 75 67 65 73 73
68 65 58 79 60 65 67 78 58 79 71 73 78 43 43 37 50 45 32 47 25 10 12 22 14 23 17 12 13 15 19 13 24 24 20 23 24 25 25 23 67 70 65 68 50 65 71 62 41 36 45 54 100 86 89 90 90 102 8 13 11 9 10 13 11 17 14 17 15 10 11 12 21 13 10 8 31 31 26 31
57 54 59 47 53 84 61 87 89 68 63 75 66 78 62 75 77 75 65 77 69 80 82 74 82 76 14 12 17 8 9 16 30 42 27 29 17 22 15 17 30 29 25 29 21 18 20 22 21 19 32 14 14 10 13 15 18 21 37 42 33 41 32 37 37 29 26 28 34 31 20 24 23 19 23 15 24 31 28 20
44 35 28 43 47 73 91 76 69 57 51 48 50 28 21 35 31 28 30 28 59 63 54 48 60 68 128 126 125 128 117 136 18 23 25 17 22 17 25 23 53 39 33 44 86 80 64 67 67 70 63 61 69 70 66 90 49 79 8 10 9 17 13 13 9 10 11 15 17 12 13 15 15 25 16 14 20 21 18 12
19 32 27 29 21 17 23 24 19 24 21 18 20 86 66 66 68 69 74 58 18 15 8 21 11 14 79 81 87 60 75 66 69 57 60 71 80 86 77 91 19 18 20 15 23 28 24 21 26 23 18 24 40 39 48 50 43 52 11 9 12 11 10 15 13 15 13 16 16 12 26 21 23 21 15 20 21 17 19 9
38 54 44 50 45 12 17 18 20 32 29 24 31 19 16 15 18 17 12 13 143 106 124 117 125 125 45 58 65 56 55 60 58 62 55 52 76 71 81 78 32 19 22 26 22 17 20 19 16 16 20 16 48 88 79 60 67 68 29 27 17 21 22 25 13 47 54 45 44 63 14 12 16 16 15 16 21 13 18 18
71 61 72 62 71 50 49 59 64 86 92 66 76 42 44 49 47 38 47 54 59 58 54 51 63 53 56 51 48 42 44 40 17 16 15 25 27 35 33 24 65 80 55 65 117 102 112 115 99 83 116 105 69 69 68 74 51 54 26 30 23 46 36 39 34 32 56 50 44 44 84 113 106 77 99 105 34 40 47 55
110 95 106 112 109 100 125 85 79 138 159 142 130 99 72 100 86 86 87 69 88 86 105 71 85 91 91 88 105 81 81 66 88 105 98 104 105 87 82 82 81 64 62 73 86 80 75 97 65 51 59 66 50 53 48 40 35 47 66 93 65 68 80 81 53 71 100 86 90 81 43 44 57 48 44 44 69 69 81 77
15 15 17 18 10 20 22 20 18 19 24 27 19 61 61 39 47 43 45 40 18 7 13 8 12 12 14 13 16 18 18 14 23 32 28 27 34 35 29 20 65 56 51 52 68 65 73 54 83 83 76 68 41 33 34 25 28 41 66 60 48 70 73 58 77 51 49 50 38 54 75 60 86 94 76 75 41 38 48 55
60 64 60 58 56 53 47 61 60 55 54 68 46 41 47 50 40 34 35 36 23 18 13 12 18 19 19 21 16 17 20 22 21 37 28 37 28 23 25 29 59 35 38 47 63 55 67 59 72 51 55 62 45 44 53 39 50 49 51 41 43 50 54 42 46 23 18 30 25 28 16 17 20 33 17 19 24 20 29 24
23 23 20 24 16 19 21 21 20 26 34 31 36 75 62 57 64 81 65 65 68 79 67 64 62 55 47 53 42 50 35 46 76 81 74 64 84 79 87 78 50 53 54 57 39 52 35 42 79 68 72 61 28 30 21 27 30 41 17 14 16 14 22 19 21 23 22 24 19 21 82 65 64 60 61 71 23 21 13 11
61 53 64 72 63 57 50 69 62 48 60 58 58 52 43 53 54 53 59 37 81 84 85 118 105 88 35 46 37 28 29 39 66 54 65 68 103 103 96 85 106 113 100 104 153 152 167 144 89 101 66 93 65 66 86 75 76 78 98 106 89 103 103 103 99 81 82 82 79 86 134 121 132 121 142 114 121 146 133 124
36 32 22 37 53 30 29 37 24 19 22 18 19 62 80 58 66 74 59 55 49 27 49 30 39 40 61 62 56 64 61 63 12 17 16 21 32 28 32 27 26 23 30 26 42 64 48 64 28 32 30 35 64 54 75 65 59 71 43 43 31 30 36 35 43 80 77 82 74 73 49 30 43 43 40 37 58 49 59 56
76 70 59 69 64 41 54 40 55 61 68 57 49 23 34 25 25 30 36 37 19 26 15 16 22 23 17 14 18 14 13 14 26 17 25 30 19 14 16 17 41 31 35 42 48 25 43 32 63 66 66 66 100 68 80 92 94 79 71 74 84 85 81 77 80 49 42 46 39 43 91 91 89 97 84 77 33 33 42 55
64 62 44 59 52 64 75 73 76 87 117 99 96 50 42 44 53 47 53 41 90 75 89 85 85 77 101 84 90 77 103 89 65 76 54 41 117 87 99 111 102 109 95 75 109 87 73 77 110 83 116 95 83 87 86 65 80 80 96 77 94 81 98 110 98 74 75 79 83 59 86 108 74 88 85 85 52 57 57 66
56 47 52 47 58 60 55 59 70 72 66 71 68 71 82 59 61 72 55 77 21 23 24 20 14 13 13 14 13 15 14 8 22 21 22 30 25 22 16 22 64 44 45 57 40 38 36 49 45 45 36 36 30 34 36 47 35 33 47 49 41 38 39 47 57 56 58 46 42 45 24 40 23 35 22 36 32 43 43 30
79 76 71 73 76 55 63 80 75 102 95 96 106 41 37 44 28 35 39 32 90 104 102 80 96 100 105 111 121 119 107 109 128 139 171 121 102 122 133 114 121 126 135 105 129 149 121 118 156 151 130 132 83 105 106 101 102 103 43 53 49 58 57 63 55 59 60 71 61 64 80 78 70 57 59 74 65 65 67 60
46 47 44 65 61 79 80 55 80 90 71 91 94 92 105 78 86 77 111 87 14 12 18 18 18 19 17 11 16 21 22 18 16 20 18 16 28 33 20 34 24 15 14 18 23 24 17 27 23 28 17 25 18 19 13 15 8 8 36 37 46 40 38 45 56 75 74 54 81 66 74 75 62 83 67 70 41 41 46 48
15 21 17 22 12 25 12 17 11 16 13 19 17 15 10 15 3 10 14 14 92 81 81 74 78 79 39 37 47 49 42 44 20 23 19 20 19 23 27 18 50 55 52 50 62 52 67 77 50 45 61 47 69 69 77 69 69 75 38 26 33 36 33 38 31 60 56 54 58 59 96 84 95 91 124 88 71 69 54 56
62 75 73 62 76 65 61 40 56 87 79 97 81 34 16 27 42 32 46 29 96 107 84 95 100 100 167 149 168 149 137 153 91 97 91 89 132 144 137 139 88 95 81 107 61 81 68 68 79 94 68 97 125 110 130 123 110 119 81 87 64 74 75 66 65 66 71 68 73 68 40 49 49 40 39 28 69 82 64 71
88 95 75 81 94 60 70 73 95 72 69 56 61 32 24 27 41 33 27 33 11 12 21 7 13 17 18 20 19 19 17 21 68 69 56 69 47 56 35 40 24 28 33 29 34 37 36 49 30 33 32 28 59 51 73 42 50 56 6 11 14 7 13 8 12 16 22 15 19 18 54 63 43 54 53 56 23 33 35 30
111 210 317 430 540 641 767 855 961 1100 1260 1403 1534 1643 1749 1850 1940 2057 2169 2257 2401 2523 2648 2767 2893 3019 3187 3337 3506 3656 3794 3948 4108 4259 4431 4568 4702 4847 4985 5125 5247 5374 5510 5618 5772 5925 6093 6238 6395 6547 6678 6811 6938 7057 7188 7312 7429 7549 7648 7755 7853 7957 8061 8172 8283 8399 8525 8646 8766 8880 9016 9145 9281 9417 9560 9711 9833 9980 10114 10239
50 12 59 45 29 22 27 19 15 11 11 14 23 27 17 18 18 45 20 35 31 22 24 51 30 18 14 31 35 30 9 27 20 15 19 12 28 22 10 35
