40 80 60 73393
92 81 76 83 65 72 57 67 64 56 56 62 54 65 57 58 59 65 53 63 70 54 44 70 64 48 52 47 60 44 63 72 60 68 76 54 62 70 59 62 73 60 71 66 61 29 37 28 35 14 13 12 12 13 12 12 37 43 54 52 46 48 54 62 47 54 76 56 54 52 40 41 44 20 16 18 23 28 69 56
18 19 21 13 12 25 20 21 23 23 22 29 20 32 29 17 12 19 15 21 19 26 20 26 17 26 20 25 21 17 38 33 39 36 40 28 38 31 34 20 29 16 15 21 26 60 51 63 63 31 35 38 45 33 36 42 81 83 96 86 76 106 88 86 53 74 66 73 75 58 41 35 33 20 20 17 27 28 36 61
70 63 66 68 53 71 63 63 55 47 60 58 64 59 60 57 73 65 71 75 97 83 100 97 83 121 113 107 112 108 67 61 66 59 67 71 73 69 72 108 116 101 108 115 114 27 30 30 34 45 45 54 46 48 57 55 12 20 13 19 19 20 16 21 21 24 16 23 47 44 45 41 41 24 27 17 22 30 61 46
34 28 27 22 18 16 25 24 17 22 23 18 12 12 25 15 19 22 25 22 100 105 105 134 94 127 106 117 99 112 45 59 49 47 49 48 55 39 64 62 60 65 69 64 53 30 30 30 24 34 31 41 41 41 47 38 14 13 12 11 8 19 16 16 17 19 17 23 31 45 101 92 104 19 19 22 22 27 47 44
64 70 53 51 50 57 52 56 44 51 52 57 47 45 57 48 48 38 36 51 112 97 95 123 89 84 81 75 80 92 26 29 24 26 26 35 25 26 19 46 57 57 73 68 62 35 29 34 28 64 57 64 61 60 53 62 18 20 9 13 16 16 9 21 22 25 25 26 57 43 30 33 36 74 78 64 65 61 48 40
69 60 70 67 50 56 53 65 44 54 41 39 32 34 44 46 49 46 58 52 101 65 83 82 86 66 54 49 59 66 107 81 71 61 68 82 86 75 70 130 83 114 86 104 114 19 22 17 26 14 13 14 13 13 12 15 64 75 66 67 75 72 60 60 46 53 43 50 56 65 45 35 35 62 54 66 59 49 34 37
37 28 25 40 57 54 57 52 40 45 30 41 41 33 35 35 43 37 36 31 54 44 46 48 60 46 53 58 61 49 8 7 8 11 13 12 6 8 9 11 18 12 13 15 12 27 28 24 26 18 15 12 9 7 12 15 46 46 49 50 48 35 59 20 14 18 24 19 41 36 34 30 24 80 78 86 106 76 62 63
53 44 64 44 71 73 74 71 92 66 69 53 63 64 44 49 42 65 52 47 74 62 70 53 57 51 52 54 57 46 48 31 49 41 42 44 44 36 47 43 37 40 36 54 34 11 27 18 22 15 13 17 16 19 9 14 62 69 65 67 56 66 68 70 62 63 61 73 76 60 22 27 24 16 12 17 18 14 42 60
87 96 98 105 102 96 87 99 76 101 74 74 65 88 74 111 94 107 108 116 100 108 105 91 82 72 76 71 70 69 33 33 34 35 26 36 35 35 38 70 65 75 64 58 74 19 18 27 16 72 44 61 72 65 65 65 52 79 64 62 77 74 75 36 39 33 38 42 53 56 29 34 34 26 26 20 33 29 31 44
43 51 56 61 57 59 61 74 78 69 55 45 57 44 43 50 37 36 49 33 63 70 56 68 70 67 74 68 78 64 29 39 31 34 32 33 32 29 34 76 72 71 63 74 63 39 38 24 37 41 29 46 41 29 40 44 31 20 23 37 40 24 26 55 57 60 57 57 44 47 101 99 77 23 31 34 19 28 51 52
59 72 71 71 34 35 40 31 41 42 73 64 67 75 74 42 56 65 55 56 32 42 40 35 32 47 48 58 41 57 118 103 122 103 104 115 121 120 100 79 89 86 72 66 80 32 27 27 29 18 14 18 14 11 10 14 66 65 57 55 63 60 69 67 73 60 71 76 62 47 35 38 38 13 23 15 25 21 57 52
21 27 18 26 59 71 56 53 68 56 14 25 21 18 19 24 22 24 20 26 39 38 33 44 32 36 47 42 39 40 10 10 8 11 11 10 11 12 9 5 14 15 8 18 13 99 76 94 88 44 47 34 40 43 45 41 41 48 46 52 38 44 46 50 48 62 57 59 31 50 31 32 29 24 29 18 20 23 62 59
85 80 90 95 77 75 83 87 76 85 72 65 62 53 62 106 88 79 75 87 121 132 122 115 115 88 90 79 91 88 45 49 54 55 36 44 53 56 56 84 87 78 90 87 75 14 26 18 20 39 35 39 37 55 40 37 56 77 70 73 70 65 65 58 69 74 53 75 55 61 31 29 39 86 89 93 90 81 51 46
25 28 33 36 13 17 25 14 20 14 18 24 24 35 22 30 26 26 23 29 22 26 24 24 25 17 16 11 18 16 34 34 44 35 38 41 35 45 43 26 14 20 19 23 16 11 26 25 17 51 79 46 63 66 54 63 50 51 67 57 72 50 53 33 37 50 39 49 56 39 50 52 31 64 72 74 63 75 31 51
44 56 58 59 106 89 95 100 106 110 62 60 62 45 49 38 64 62 61 42 16 18 18 23 23 25 26 16 22 31 64 59 55 51 53 59 56 38 54 11 19 12 6 16 17 32 37 26 27 53 49 34 41 51 48 44 27 37 47 43 42 36 36 40 49 44 38 50 48 32 41 45 43 61 66 71 57 68 57 68
49 31 52 42 103 81 101 95 90 95 48 45 38 66 53 48 39 34 40 52 88 97 101 84 74 90 99 93 95 94 43 48 38 45 42 46 48 50 40 57 56 55 52 55 50 37 28 31 32 19 18 11 19 15 14 19 36 44 40 39 46 45 40 29 29 23 24 27 38 35 33 35 29 56 59 60 46 66 55 70
24 25 31 24 66 73 67 63 66 56 11 16 19 9 18 21 9 13 12 18 24 25 26 30 27 22 29 22 20 20 71 44 46 51 51 56 43 58 48 22 15 17 16 20 24 21 26 22 26 21 11 26 13 22 23 18 70 49 49 48 35 50 57 69 64 86 61 75 58 60 39 32 45 70 71 80 69 69 54 52
91 90 83 105 32 38 28 38 44 43 53 70 67 63 59 42 37 44 47 47 57 53 61 64 51 76 74 64 68 81 38 37 36 33 34 49 26 28 35 42 42 37 44 43 40 83 72 73 60 69 58 56 78 62 86 59 51 54 47 56 52 56 45 44 44 51 54 57 47 41 147 134 170 88 85 89 87 100 54 58
18 11 28 17 21 11 14 12 14 14 21 22 30 24 15 13 16 26 12 15 17 13 18 12 13 13 18 14 12 14 110 84 79 76 86 116 90 85 74 55 56 55 39 43 49 73 69 83 70 64 62 64 53 57 60 51 15 11 12 11 12 7 18 19 20 17 24 24 70 69 24 32 36 63 64 77 65 54 57 77
22 21 24 23 40 44 34 28 37 47 37 24 26 27 22 35 29 20 26 26 21 10 23 26 27 22 12 22 25 18 78 90 91 75 85 80 88 81 76 45 77 55 54 68 57 30 20 22 24 61 82 75 69 78 67 57 24 34 32 28 24 21 26 35 22 23 22 33 59 64 33 41 40 26 28 25 21 20 34 37
32 29 20 20 55 62 58 47 61 55 32 31 20 26 25 19 19 17 13 13 58 52 54 59 54 33 33 35 38 31 17 11 18 7 20 16 19 14 14 15 24 21 22 25 21 92 120 117 116 78 75 77 77 87 62 79 44 52 46 48 54 46 41 51 45 40 48 41 36 50 36 30 31 30 23 21 23 28 56 54
75 74 102 101 57 70 76 75 79 68 84 83 91 73 87 87 84 99 91 72 91 68 84 95 96 63 66 68 75 70 45 41 31 51 40 49 51 43 41 91 89 76 83 102 77 82 79 75 74 59 65 72 52 60 59 77 123 117 110 133 89 124 109 84 109 95 87 90 54 47 50 40 43 23 25 31 23 29 33 48
74 70 72 80 51 35 32 48 38 39 47 45 47 49 42 64 51 69 63 75 27 20 19 21 19 13 15 14 21 13 5 15 4 8 9 9 10 11 12 19 13 16 19 5 12 35 36 27 31 67 67 74 76 75 68 64 51 50 54 49 45 42 51 62 67 63 72 53 53 70 37 51 46 84 91 85 95 97 44 52
31 33 33 33 19 25 22 24 23 22 39 47 43 38 27 61 41 47 59 57 37 24 26 31 20 22 29 26 25 25 30 18 30 21 19 28 23 32 20 76 67 63 71 54 76 25 16 23 24 52 40 46 41 44 39 42 44 59 38 46 52 47 38 59 48 55 55 55 64 74 30 28 32 48 59 57 43 59 51 42
37 30 23 29 58 70 55 42 44 37 16 15 17 15 10 12 12 27 17 15 50 48 54 53 39 70 53 46 58 78 67 78 85 64 70 73 70 71 66 64 59 68 67 48 60 74 66 72 65 35 29 46 37 33 36 37 43 45 42 26 35 35 37 97 77 95 86 80 67 61 73 85 91 24 21 26 20 30 53 49
56 57 55 63 105 85 97 118 96 113 38 51 41 46 37 60 62 47 45 46 41 57 59 53 55 42 29 31 32 25 24 15 15 12 15 17 11 12 10 13 21 18 18 13 15 30 20 16 27 57 59 77 60 67 66 74 65 50 56 57 46 52 62 58 65 67 57 74 34 47 32 33 32 30 28 16 25 34 54 54
21 27 27 33 40 37 49 63 55 35 16 6 19 18 16 29 16 19 16 30 16 24 21 20 22 25 25 24 26 23 9 11 7 16 15 6 10 13 14 18 13 16 16 14 11 121 116 103 106 53 52 56 36 55 62 48 40 39 36 35 28 40 38 82 59 66 69 72 61 63 29 19 22 28 15 22 22 12 61 74
27 29 19 43 17 12 15 13 5 11 32 21 20 16 20 20 19 17 20 19 27 29 22 20 24 19 19 19 14 15 57 60 71 44 54 70 51 56 46 8 10 17 13 13 12 118 131 114 107 152 184 144 176 141 173 151 35 31 41 32 31 33 38 73 71 77 77 73 62 68 25 43 35 27 22 27 12 26 56 46
25 22 15 21 24 23 23 19 12 30 21 16 22 21 19 23 16 17 24 21 15 17 18 17 16 26 25 20 29 22 12 5 6 8 11 5 11 13 6 22 19 26 23 20 25 90 94 90 85 45 38 58 50 45 60 46 25 32 30 29 30 27 25 23 24 30 21 27 47 43 24 40 37 76 82 87 75 70 58 51
28 31 29 22 11 20 15 23 25 20 13 22 18 21 24 15 20 6 15 20 26 22 26 18 16 25 25 18 14 24 10 14 10 12 11 12 11 12 11 65 59 71 78 76 79 28 20 12 15 12 19 11 15 15 9 12 16 24 29 27 27 33 32 35 45 45 38 39 70 52 43 45 34 66 83 82 70 87 49 51
84 78 81 75 52 52 67 52 62 47 73 53 73 78 71 68 90 65 61 73 28 9 16 30 21 20 15 16 20 20 39 30 38 43 32 39 39 33 34 11 23 12 13 18 20 27 24 34 35 46 39 52 42 48 54 47 36 44 37 35 49 48 39 22 33 33 21 23 58 62 43 44 46 30 28 28 22 30 47 41
27 24 22 25 59 31 34 47 41 44 17 28 21 24 32 18 19 19 20 19 97 88 117 98 99 64 70 61 60 63 64 61 59 52 68 49 45 63 60 125 140 114 102 115 112 39 31 29 30 13 13 11 11 10 17 12 22 19 16 18 19 14 12 26 24 21 22 20 57 55 140 137 134 14 10 17 21 14 67 70
19 36 24 32 46 68 47 45 42 44 31 26 22 19 26 18 14 16 14 15 56 61 52 59 58 45 43 46 44 39 89 89 80 84 101 80 80 80 86 64 48 52 61 46 60 36 27 23 27 19 21 15 12 24 19 15 47 46 39 45 36 44 37 19 27 21 15 15 43 50 39 47 35 24 12 17 18 13 39 32
22 26 14 23 11 12 10 10 19 15 48 62 63 50 53 34 28 32 43 40 44 46 35 39 32 31 32 34 29 32 54 57 49 54 55 58 50 51 55 18 18 13 18 18 17 86 50 75 72 34 54 36 35 42 36 44 34 32 38 39 34 37 42 36 39 40 35 41 64 64 33 33 27 14 29 22 23 27 68 60
24 28 15 33 59 54 49 56 61 59 48 34 39 46 52 60 57 58 51 51 23 25 18 19 21 29 24 31 20 25 40 34 39 51 56 48 39 51 53 50 51 55 43 46 65 20 25 20 22 62 54 46 67 61 48 51 33 24 25 24 37 33 42 20 18 23 16 24 67 58 34 25 24 28 29 17 21 25 53 61
33 30 24 27 20 16 18 21 17 16 27 23 26 35 28 15 14 15 18 16 54 49 46 42 43 83 67 88 69 89 84 75 68 81 66 71 75 73 61 54 51 51 46 40 57 31 24 37 30 46 44 39 59 46 62 35 57 50 60 55 48 51 60 76 65 74 72 59 51 43 105 85 105 11 8 16 20 16 55 65
59 52 71 77 58 52 44 46 49 32 89 83 88 101 115 56 51 46 46 51 86 89 84 78 79 125 107 118 122 107 89 84 81 63 70 85 84 87 59 54 47 58 64 68 58 94 99 118 116 31 43 43 43 49 32 53 50 48 57 46 60 52 49 65 51 50 50 53 57 57 157 123 136 31 24 19 20 23 42 49
71 73 80 81 77 74 80 50 65 89 124 152 131 123 145 110 106 120 122 138 93 96 84 65 84 109 104 91 87 91 65 61 70 70 67 66 58 72 78 70 70 83 77 76 79 19 19 21 24 30 32 42 39 41 34 43 40 44 42 41 43 48 52 26 28 27 27 22 56 53 26 32 27 26 32 28 13 26 28 52
93 84 81 83 64 73 63 69 83 65 61 64 51 55 76 58 52 57 53 54 87 84 71 76 67 65 66 69 68 68 62 65 56 53 50 63 54 54 48 33 31 45 46 41 44 25 17 25 22 67 73 65 67 56 64 66 42 46 46 53 42 51 39 19 19 18 31 24 56 64 86 83 87 27 29 33 25 22 39 39
70 84 89 113 93 74 74 90 106 60 66 81 79 119 120 57 97 112 41 106 62 75 92 100 99 87 111 62 52 114 44 29 61 104 36 71 110 17 67 44 35 45 116 101 56 133 86 67 91 64 90 98 143 127 111 119 38 43 64 101 36 109 42 76 55 104 39 56 76 74 142 107 98 57 94 92 66 97 73 63
103 210 323 440 558 665 777 908 1026 1151 1288 1456 1601 1737 1898 2021 2139 2272 2407 2560 2694 2840 2975 3123 3251 3392 3517 3648 3783 3907 4038 4152 4287 4401 4516 4645 4779 4912 5023 5167 5322 5448 5568 5696 5822 5956 6101 6232 6361 6529 6732 6891 7086 7242 7433 7600 7736 7866 7988 8135 8234 8371 8492 8600 8721 8827 8924 9024 9109 9191 9365 9517 9705 9803 9904 10007 10125 10236 10313 10399
27 25 9 21 28 24 25 22 25 12 21 38 10 32 33 21 27 16 28 29 25 19 34 38 15 31 25 28 34 42 26 27 33 28 42 30 16 16 17 1
