20 40 60 68856
53 55 40 39 29 22 23 20 17 19 40 37 49 49 29 38 21 23 31 23 37 92 67 82 76 70 48 52 51 41 33 39 40 39 25 42 20 23 25 22
66 81 63 74 96 94 103 117 110 105 67 43 41 45 46 67 67 59 68 79 68 46 42 44 50 65 88 83 77 46 42 42 44 42 40 54 38 41 45 45
33 42 36 33 81 76 73 98 87 88 120 109 112 102 100 107 92 94 106 96 83 48 55 51 41 66 58 64 60 48 45 41 46 38 43 56 20 27 25 18
40 44 53 34 26 32 31 29 29 40 61 59 62 66 72 65 78 73 75 80 70 77 86 99 79 62 46 73 78 85 95 92 101 106 96 106 68 77 53 50
81 89 85 73 131 122 142 126 121 128 168 149 138 151 135 130 145 126 135 135 124 78 78 83 80 101 105 108 109 103 116 95 96 101 101 94 150 147 138 167
29 25 39 28 53 44 47 42 46 53 21 22 24 21 22 17 19 23 14 19 19 19 18 23 18 14 18 19 12 8 13 9 8 8 11 9 14 16 20 17
45 64 63 46 96 98 97 98 82 99 49 39 48 39 51 43 34 33 52 52 37 27 38 25 19 21 25 22 15 95 87 105 97 114 117 98 124 121 112 101
48 48 41 50 52 49 48 57 49 57 41 44 41 40 32 51 50 44 61 55 49 96 122 95 103 86 78 89 77 91 76 82 95 75 78 81 50 54 43 54
96 90 75 94 56 53 62 62 65 52 103 103 116 100 84 112 97 117 120 128 104 64 63 60 79 87 105 95 88 83 85 82 91 86 70 91 124 123 126 131
53 72 74 60 25 38 40 24 40 35 30 40 37 38 40 31 33 27 30 20 29 59 66 56 58 67 54 62 69 102 80 86 93 84 107 92 68 94 81 73
75 87 57 82 97 100 77 76 78 87 62 71 67 90 66 49 59 55 60 55 54 78 85 96 76 105 117 98 123 127 139 120 136 125 146 136 129 124 116 119
30 27 35 25 15 13 21 31 15 19 14 18 13 10 16 17 11 12 14 14 14 25 18 18 19 23 17 27 24 10 12 15 14 10 17 8 25 28 32 33
18 27 13 10 11 25 19 8 16 16 90 84 81 79 82 81 69 84 86 90 78 44 57 47 46 33 43 32 34 32 42 32 49 32 50 40 18 26 17 22
55 56 54 68 88 89 87 65 86 77 104 106 108 99 125 56 66 64 62 79 69 13 18 20 24 25 31 34 30 57 48 51 55 59 61 51 101 131 96 105
62 83 75 88 35 35 30 44 46 40 146 136 140 130 132 109 92 108 117 103 109 79 83 81 69 46 63 55 48 104 101 97 88 90 80 97 154 146 164 173
89 79 88 93 47 34 53 38 50 49 77 88 74 72 72 38 51 58 65 44 47 69 78 71 80 100 114 107 97 73 78 76 71 73 74 73 41 60 51 54
29 40 36 40 44 42 30 42 35 39 95 78 104 112 101 111 98 86 90 106 93 32 27 29 33 28 17 26 35 29 32 47 35 38 36 29 69 74 58 82
88 89 72 74 70 70 63 73 65 50 73 87 77 75 70 49 48 45 63 29 43 54 62 66 50 82 63 82 82 123 136 130 130 111 124 139 171 144 130 182
68 61 70 65 38 39 44 37 42 36 94 107 89 99 92 123 102 118 110 101 106 40 45 43 47 84 95 93 85 44 52 66 63 67 48 73 71 55 63 73
22 25 20 21 15 15 17 17 17 15 14 18 14 16 15 10 19 19 27 25 19 23 26 29 23 45 50 56 40 71 57 53 50 80 48 65 31 24 33 25
107 207 305 409 554 689 846 986 1120 1262 1448 1613 1768 1935 2085 2229 2390 2530 2680 2830 2967 3074 3209 3319 3433 3550 3680 3800 3936 4077 4231 4375 4526 4665 4827 4981 5170 5333 5514 5715
50 27 28 32 15 136 27 38 30 35 23 212 56 36 20 32 34 21 27 121
