20 40 60 63280
71 69 79 70 81 69 65 62 63 59 54 67 74 67 77 68 74 157 115 112 72 73 64 60 63 60 62 80 85 86 81 82 78 90 72 62 74 77 62 79
91 77 76 83 69 63 43 61 48 51 49 34 55 46 44 35 42 31 29 23 27 31 35 39 36 38 27 52 43 40 50 38 38 50 53 47 61 50 52 70
13 9 9 13 10 15 20 16 10 17 14 31 41 49 51 45 37 36 28 19 68 59 62 59 64 48 48 62 50 52 47 60 22 14 19 12 19 18 20 23
67 67 77 77 72 70 43 57 62 45 54 43 46 48 45 56 44 24 13 32 52 56 54 74 55 62 50 53 41 60 52 48 21 14 16 26 18 18 17 28
33 50 56 47 50 55 52 50 61 68 64 54 40 47 45 33 38 20 34 19 51 57 56 70 55 55 56 48 49 48 48 56 62 59 50 55 59 37 50 59
76 66 81 71 68 71 55 58 67 64 47 43 51 38 45 45 45 148 135 141 76 85 90 84 67 75 98 97 107 100 91 91 79 65 67 66 62 53 70 68
81 81 74 83 94 82 94 115 95 97 90 34 49 52 49 48 41 84 87 90 83 95 81 88 82 78 87 96 100 94 81 97 59 72 75 59 70 62 57 67
82 66 79 62 95 76 58 60 53 55 64 82 78 82 83 79 78 136 123 139 78 92 86 85 88 76 72 88 94 75 76 86 105 109 106 115 97 102 93 95
73 86 70 77 88 75 42 53 55 53 58 43 47 47 34 47 35 21 17 32 60 51 46 58 58 72 48 42 42 50 52 40 53 52 49 38 41 53 49 45
56 57 44 42 36 39 61 63 42 55 59 34 43 56 59 49 52 22 22 27 15 12 12 10 9 13 10 10 12 15 12 19 51 54 50 53 46 54 61 66
76 88 85 71 70 76 57 67 44 62 62 74 73 80 71 66 77 90 81 94 44 36 34 39 38 39 33 47 55 62 47 53 108 93 89 116 110 118 108 111
100 106 99 95 122 110 112 107 107 89 96 72 85 80 84 71 73 150 120 142 65 80 76 73 66 66 64 74 81 94 90 90 92 111 91 84 113 87 102 98
79 67 82 82 78 66 49 70 64 56 49 78 77 90 87 70 60 105 97 110 107 82 98 89 83 108 103 77 92 94 106 101 95 106 91 109 97 91 90 97
11 12 18 11 9 11 9 12 15 18 13 49 40 52 47 58 42 23 19 32 46 41 30 25 37 39 24 46 51 52 52 60 52 54 46 54 53 53 47 48
52 50 56 42 42 40 60 45 50 57 48 82 96 88 91 71 85 135 126 140 68 65 70 62 56 69 79 95 85 97 77 104 109 87 81 103 107 109 91 110
37 35 39 41 43 45 15 17 20 14 15 38 48 47 56 47 53 20 30 17 54 66 73 58 63 57 68 47 46 36 54 39 42 53 45 47 47 38 50 65
43 43 53 38 42 48 46 48 61 57 61 76 86 102 83 84 86 132 156 128 47 41 39 42 39 41 54 58 45 57 68 55 72 76 73 81 73 86 76 74
38 49 39 67 58 47 68 61 47 49 61 75 83 89 78 79 77 89 74 100 70 73 61 78 78 64 69 98 82 83 88 92 107 108 93 108 97 123 111 130
79 77 83 76 70 95 109 77 89 105 83 40 43 39 46 43 48 134 134 123 37 51 45 43 40 41 43 69 68 57 58 56 79 59 85 63 65 70 71 77
88 79 53 105 115 114 119 83 114 61 103 79 96 93 50 91 55 113 160 67 45 53 103 66 66 105 108 100 61 61 107 55 69 70 101 98 123 68 66 66
111 229 339 445 580 702 826 954 1073 1190 1297 1388 1495 1608 1709 1802 1898 2072 2245 2402 2521 2627 2736 2835 2933 3053 3167 3276 3395 3506 3624 3739 3860 3983 4101 4230 4355 4491 4614 4758
25 66 122 85 72 33 44 17 56 100 31 21 21 101 31 62 36 35 41 1
