20 40 60 61830
28 38 18 29 21 25 22 25 38 22 59 60 61 59 51 68 49 65 54 56 65 47 51 49 58 42 51 37 32 32 47 38 40 55 43 74 73 66 73 75
25 15 32 15 27 67 83 81 69 82 54 55 64 56 69 70 58 65 38 21 34 31 27 31 28 33 27 25 32 24 53 32 37 45 51 10 11 24 17 14
60 86 64 80 70 115 110 107 109 91 70 65 58 62 59 73 55 69 63 72 65 50 64 66 55 64 78 132 142 139 132 123 121 52 71 20 23 11 20 32
22 25 22 19 24 22 24 23 20 21 32 35 31 25 27 32 46 37 50 63 38 52 54 44 58 50 46 34 48 29 46 30 36 49 59 99 93 106 107 85
40 30 26 39 27 43 54 41 44 42 69 67 71 73 89 86 95 75 89 99 86 103 89 94 88 78 98 31 24 40 31 37 36 34 52 17 28 15 26 22
18 18 22 14 15 54 71 66 69 52 89 82 76 75 82 75 71 72 22 36 31 37 30 22 25 27 25 36 40 41 34 25 42 65 69 74 85 93 77 88
82 99 79 79 86 111 105 100 119 127 72 78 80 85 92 99 80 82 39 36 42 37 34 35 40 30 40 107 124 134 106 127 124 64 71 83 75 86 48 84
55 47 50 37 43 26 25 24 28 23 70 69 70 69 72 82 65 68 54 35 50 47 63 44 42 31 54 127 145 152 92 113 97 35 34 13 11 18 26 18
79 84 68 95 87 151 143 152 156 139 34 43 30 39 44 34 27 39 35 40 40 37 40 34 45 36 37 116 102 101 98 89 98 43 38 52 58 51 45 52
126 95 105 108 107 98 108 102 118 97 74 75 72 60 57 65 70 54 56 60 64 55 57 58 56 54 52 25 56 49 49 42 38 46 50 17 20 17 20 20
47 44 32 49 31 23 22 20 23 22 56 55 59 49 42 65 75 56 70 50 66 63 61 62 64 54 58 44 44 28 28 31 24 55 68 18 21 19 18 17
64 60 66 61 51 56 37 54 42 44 29 24 23 26 31 31 28 27 11 8 7 16 7 10 14 17 9 41 40 47 38 51 34 37 42 56 66 58 62 60
36 30 16 20 23 19 10 21 14 20 34 26 27 41 24 28 32 29 51 39 45 35 41 43 33 39 42 51 38 47 43 39 39 36 39 20 27 17 25 34
116 100 102 117 125 111 99 108 109 97 80 76 100 69 70 73 93 83 39 41 37 42 43 47 42 41 47 81 95 96 91 107 109 55 58 24 21 19 17 20
22 18 20 32 22 24 21 17 12 22 16 12 16 22 20 17 15 18 66 56 63 53 42 53 43 59 49 21 27 29 11 33 24 48 71 80 65 64 83 76
65 72 54 64 57 125 136 131 138 153 29 38 38 44 32 38 36 34 32 32 28 29 30 37 39 27 32 81 98 87 114 145 133 57 64 16 31 32 22 14
27 26 26 33 23 19 19 18 17 22 10 5 19 19 15 11 11 10 54 45 53 50 51 48 46 51 37 28 34 27 28 24 30 44 47 14 17 19 15 8
28 22 30 27 23 53 62 42 47 63 28 30 21 30 21 29 25 24 33 31 33 32 22 38 32 29 35 133 126 131 92 97 81 41 40 18 18 14 20 15
60 42 46 61 52 14 18 18 14 9 34 38 28 32 30 23 41 36 10 2 10 8 14 9 9 11 7 34 46 35 19 24 28 78 57 18 19 20 18 23
59 51 75 72 66 136 153 128 132 146 63 52 66 63 59 61 51 72 30 59 43 37 49 49 55 50 46 112 146 149 111 96 98 55 68 19 17 21 16 11
140 251 368 498 637 804 973 1141 1314 1483 1582 1673 1784 1879 1981 2091 2197 2289 2388 2498 2594 2708 2807 2911 3009 3096 3205 3352 3514 3682 3828 3989 4136 4223 4302 4412 4515 4633 4752 4850
36 51 24 65 47 39 28 45 30 25 51 57 78 22 79 30 121 45 105 22
