40 80 60 68236
65 56 73 65 63 86 63 80 64 77 79 92 92 110 85 100 85 106 74 58 68 64 57 77 83 71 85 92 101 35 44 38 60 40 35 33 35 52 63 65 65 71 72 75 85 79 74 90 91 64 90 70 82 66 84 97 83 88 60 81 61 58 77 86 81 85 70 97 78 99 102 77 79 81 83 95 84 92 96 98
20 16 21 19 18 72 59 51 71 57 26 20 23 22 34 18 15 19 23 20 24 18 18 15 17 11 20 17 19 42 41 48 51 41 45 61 49 17 20 15 15 10 20 20 8 18 7 20 12 15 22 16 16 21 28 25 26 25 27 18 19 19 20 19 14 26 29 16 22 12 23 19 21 31 25 20 21 24 31 23
47 55 48 42 40 40 50 33 48 38 52 64 63 58 54 65 55 66 39 48 40 40 38 37 45 45 41 28 36 72 57 69 73 53 66 55 60 46 33 30 41 30 39 43 55 34 35 40 44 55 61 54 66 61 62 66 68 64 61 56 68 57 48 28 24 27 21 39 46 35 44 38 25 22 20 18 26 26 23 17
75 54 74 69 67 82 79 79 69 75 89 80 88 97 102 96 73 104 97 130 124 113 123 99 81 102 104 121 95 111 100 110 108 107 100 100 123 93 103 91 103 109 96 62 56 54 50 58 57 70 70 68 62 74 64 96 83 87 118 112 97 91 124 147 128 96 121 99 104 99 101 117 138 134 114 116 137 139 116 139
67 79 67 75 72 75 66 64 69 47 116 139 120 109 124 127 120 125 134 123 147 134 133 98 121 117 106 97 98 87 83 83 70 90 80 71 98 82 70 81 97 76 87 79 82 90 94 91 87 73 75 61 68 61 90 92 83 80 88 94 99 86 93 85 70 69 98 64 52 84 66 69 90 91 103 94 67 91 81 101
91 81 80 61 68 62 81 70 85 73 100 124 121 128 105 136 121 117 66 77 57 76 77 54 46 49 61 68 52 88 76 73 67 61 69 71 62 109 90 111 102 108 112 81 77 80 86 88 85 70 80 63 70 56 79 83 92 77 67 90 70 62 77 80 97 66 98 94 100 89 106 105 100 111 88 82 83 84 86 91
98 81 107 94 69 48 57 29 40 44 86 79 93 99 76 81 84 57 78 61 74 68 73 69 60 49 53 43 67 47 45 37 38 39 34 28 42 54 43 56 73 45 52 12 15 9 19 19 15 46 42 38 42 44 20 24 24 32 21 17 19 16 19 27 20 24 24 21 24 21 20 15 24 33 20 27 22 20 22 22
82 60 74 61 74 47 46 68 62 75 28 29 17 15 29 24 21 29 43 42 33 27 51 29 37 25 39 31 27 21 27 25 19 32 20 25 29 30 38 49 34 32 38 37 40 38 48 42 46 40 55 44 34 46 24 20 25 23 25 19 17 21 19 18 25 22 25 17 19 16 15 17 20 26 30 24 23 19 25 19
80 72 81 70 62 104 115 126 111 132 80 82 88 66 82 93 76 72 113 138 104 119 124 113 136 113 97 122 98 62 63 71 79 54 50 63 62 76 84 82 80 63 85 75 94 95 80 65 80 74 90 73 75 79 93 99 90 93 79 65 64 63 61 81 80 86 86 63 73 75 65 58 90 100 81 93 77 94 78 93
12 13 33 26 17 16 21 19 20 12 27 26 23 24 25 26 20 16 44 42 41 36 30 60 59 82 56 70 50 23 32 30 24 25 19 22 14 22 23 36 40 35 34 48 35 34 44 43 43 26 22 17 16 16 20 18 22 30 16 20 19 16 16 70 78 82 65 60 71 77 87 71 73 95 64 66 74 84 79 74
148 123 114 132 120 66 52 77 81 84 72 88 91 91 85 111 80 109 80 84 92 99 77 78 58 85 86 81 80 91 109 90 72 99 93 97 96 64 74 68 89 80 66 61 55 54 60 55 48 91 94 81 82 95 76 97 97 98 91 102 109 111 104 141 126 134 139 129 102 92 98 110 135 140 148 165 122 128 109 138
59 100 71 64 70 84 48 60 83 65 94 73 85 87 68 85 93 86 68 61 60 76 72 112 86 100 100 102 108 89 90 90 76 77 81 84 87 68 56 69 74 54 69 136 121 115 132 133 130 109 100 116 95 108 125 116 123 124 115 94 117 95 106 66 78 86 95 67 70 54 63 74 93 89 82 82 72 75 96 73
134 127 108 117 153 76 54 64 61 66 120 149 122 116 119 130 123 137 124 100 96 88 105 117 107 94 103 99 98 42 42 41 42 30 42 50 37 71 68 59 69 63 50 68 65 66 59 62 72 81 68 64 81 70 103 87 82 85 67 68 70 78 60 121 116 133 137 99 105 105 97 84 139 115 127 133 141 135 156 143
77 76 65 70 82 72 61 65 71 63 125 119 128 112 103 109 116 127 104 92 113 99 84 76 70 83 81 79 87 60 44 55 51 57 46 39 59 64 71 69 79 81 99 55 63 58 47 57 58 65 78 69 72 60 101 88 91 83 63 60 75 70 72 87 89 73 102 86 104 98 86 99 89 83 77 81 100 79 79 91
111 98 100 110 85 140 124 151 138 157 89 131 117 113 103 118 127 120 146 134 136 143 145 108 94 110 98 128 98 93 107 84 98 104 90 93 116 145 137 136 137 132 125 70 45 52 63 60 70 71 69 66 90 79 87 80 108 107 74 73 80 68 82 82 86 108 112 89 75 61 91 71 83 76 71 86 82 96 90 91
94 99 92 100 95 56 45 40 50 52 61 48 53 48 45 51 50 59 54 73 84 54 63 61 68 62 69 49 50 83 78 81 64 74 65 76 80 39 51 49 56 59 45 10 18 11 16 13 17 51 46 48 45 52 24 27 18 22 14 17 22 21 20 77 74 78 73 61 57 58 56 69 79 70 77 70 87 88 68 70
46 45 46 39 33 69 85 75 78 76 98 90 78 94 85 84 93 105 72 70 71 67 56 64 53 68 68 47 60 40 46 37 47 49 51 42 43 67 56 55 36 45 47 42 37 37 57 41 46 53 56 50 81 48 59 66 63 72 45 42 56 57 46 24 22 17 26 14 24 22 19 20 23 25 18 21 18 22 26 22
61 74 57 68 68 16 22 25 20 17 22 24 27 25 25 19 22 23 24 11 18 20 18 12 19 20 12 18 11 7 16 11 16 15 10 11 14 13 13 23 8 17 15 43 48 39 49 53 45 93 74 70 72 65 63 69 54 69 51 46 64 52 54 21 27 18 31 20 12 20 17 18 21 21 26 23 21 19 19 27
115 94 91 88 123 92 96 82 90 88 118 138 130 118 116 125 124 123 99 113 120 101 112 84 102 88 89 103 94 76 69 56 78 68 66 67 81 93 107 104 106 106 100 105 83 105 91 93 87 88 81 103 115 107 114 116 125 119 95 72 106 125 107 111 135 115 129 100 127 123 98 102 144 132 121 123 105 116 131 137
80 68 55 65 68 115 94 115 112 85 112 131 112 109 116 113 121 96 72 72 81 76 66 73 62 58 55 66 77 53 50 35 50 42 41 39 55 70 60 64 54 47 58 51 75 50 48 58 53 53 79 60 59 70 81 84 82 85 87 66 77 61 90 90 86 94 89 79 87 99 88 85 88 78 92 99 100 90 95 97
75 99 92 107 108 83 92 89 91 101 151 135 151 143 161 141 176 155 140 128 146 161 131 98 117 119 122 101 132 62 48 66 57 58 59 69 67 65 97 73 87 68 69 82 85 89 86 93 65 106 99 104 97 120 127 131 131 109 107 119 119 116 124 117 112 135 145 111 116 114 119 126 135 135 126 145 131 124 147 136
72 75 68 72 64 90 74 77 59 91 92 80 101 86 99 98 80 89 72 98 90 78 74 63 71 80 68 71 71 105 100 87 103 86 102 98 87 69 69 65 67 64 81 55 46 58 64 46 47 65 64 69 59 73 98 97 99 95 96 80 99 110 71 141 170 148 145 127 94 89 96 92 154 142 129 124 141 147 135 123
13 22 16 17 19 62 52 42 53 61 18 14 25 28 25 29 24 23 40 33 44 43 39 38 31 18 33 41 37 66 69 58 63 60 60 49 54 37 35 37 33 28 40 45 41 53 38 45 41 14 17 15 17 26 25 28 22 24 26 17 22 28 10 85 72 65 86 46 45 63 50 60 64 66 63 66 66 63 68 58
42 46 39 48 37 48 48 60 45 41 43 40 51 64 56 52 47 45 44 43 36 43 44 75 73 87 72 71 73 50 61 59 63 54 53 69 47 43 41 27 48 31 39 50 46 55 39 51 43 17 20 21 20 25 24 20 29 16 26 21 22 21 14 15 26 24 28 18 22 21 15 23 19 21 25 19 22 21 27 26
23 13 18 25 16 55 55 55 57 55 27 20 24 20 26 22 19 24 12 22 23 19 19 16 16 16 18 18 14 51 54 42 41 53 47 45 40 60 63 68 65 61 50 71 79 63 66 73 62 51 50 50 44 56 66 68 84 64 61 58 51 54 57 26 25 23 27 26 18 16 18 11 30 23 16 21 30 21 23 19
18 22 18 22 22 43 60 72 61 50 27 26 16 22 16 19 23 29 15 18 13 12 26 19 13 17 16 15 19 78 75 74 84 65 80 74 83 63 58 63 68 53 59 53 45 42 49 43 44 24 17 18 18 27 25 19 18 22 24 13 20 20 23 19 13 30 27 22 15 27 17 19 20 23 23 27 18 23 20 23
50 52 39 49 44 36 51 36 54 49 47 56 70 57 71 58 53 61 44 53 49 43 43 77 73 74 75 84 72 106 78 105 76 93 85 87 99 92 84 67 80 69 81 15 22 20 14 14 16 29 23 15 20 13 16 26 27 28 13 23 13 23 22 22 24 26 24 52 57 36 42 38 35 23 20 19 20 27 21 24
138 156 154 154 162 108 111 113 91 109 110 112 108 140 151 129 133 119 130 120 130 125 120 116 114 110 118 123 119 59 61 51 63 55 55 64 59 89 86 67 80 81 75 67 94 81 75 88 86 156 147 135 149 142 122 136 118 108 115 125 90 95 118 91 84 101 100 112 108 110 93 89 90 96 98 98 87 98 83 85
79 65 59 80 83 66 74 81 57 73 96 116 89 86 79 93 95 82 118 121 123 132 121 95 97 93 102 123 101 73 83 67 65 72 90 84 77 57 51 49 69 56 51 83 78 85 82 74 69 66 64 63 52 80 93 81 90 76 103 104 99 103 110 94 75 91 90 68 85 82 55 72 84 88 89 100 83 99 84 74
63 70 57 57 76 83 72 72 81 75 82 77 84 74 78 87 99 79 137 151 139 142 126 173 158 151 148 149 183 90 103 84 90 84 99 87 98 88 77 84 88 84 80 56 60 49 67 71 58 59 54 56 70 75 79 72 89 78 95 93 90 110 117 153 118 139 138 103 112 121 96 98 132 121 138 105 144 134 134 131
78 55 63 59 80 81 74 84 71 61 119 121 101 103 127 130 127 127 73 61 53 54 74 95 91 84 82 88 109 54 49 44 57 55 46 46 41 55 61 66 60 59 54 115 82 77 114 95 81 103 95 94 97 96 130 123 158 141 105 88 109 115 97 72 87 80 90 84 71 62 61 73 94 94 93 76 91 79 96 77
70 62 56 69 72 68 70 53 69 71 99 101 104 85 77 86 79 98 74 65 86 72 84 63 41 56 58 52 58 68 89 82 95 93 75 83 81 104 105 83 98 100 86 60 86 93 73 87 77 73 58 69 68 59 85 90 89 76 61 74 67 82 64 128 143 126 109 141 157 153 128 145 140 132 120 109 120 128 115 132
23 22 13 29 15 45 64 61 47 38 29 21 20 14 20 26 25 21 43 40 33 45 45 33 32 40 38 34 40 61 55 69 60 55 60 58 80 78 64 76 76 70 78 43 48 42 48 38 35 57 52 51 66 56 68 73 75 73 61 63 59 53 58 21 18 19 29 44 40 46 54 40 27 19 24 21 24 21 23 25
22 16 15 20 17 14 17 20 20 18 24 31 25 22 21 30 21 24 20 20 28 15 17 44 58 44 52 41 40 34 44 62 49 49 39 57 46 15 17 16 15 15 15 48 45 63 40 33 54 56 58 60 57 60 65 68 71 73 81 89 84 86 75 23 21 16 27 32 38 39 58 44 30 24 24 22 27 30 18 25
100 116 122 126 129 74 70 69 69 61 85 77 72 89 97 78 72 69 142 113 116 120 104 100 105 80 89 108 117 82 73 97 78 83 82 79 67 65 75 54 46 56 70 47 65 50 61 50 66 102 87 81 83 89 93 85 99 103 99 93 100 92 86 119 131 138 143 121 119 119 129 107 165 143 158 137 126 160 128 152
42 46 50 53 52 43 51 44 50 48 77 88 73 88 93 70 82 88 48 53 40 47 50 39 51 32 35 31 33 65 69 74 61 74 62 57 65 32 39 38 39 32 39 47 37 48 42 38 41 16 15 17 17 19 23 24 20 22 14 30 13 16 25 82 75 65 86 65 60 66 40 71 69 83 69 59 65 58 71 63
51 59 82 67 58 110 115 86 107 111 114 129 129 113 96 128 101 97 64 62 56 69 73 98 95 97 89 76 93 60 69 72 79 64 75 70 83 52 65 59 60 59 66 70 65 72 63 58 62 62 67 60 68 64 94 95 99 93 103 93 106 92 85 82 85 75 97 59 71 66 80 77 81 100 100 81 90 87 89 90
83 65 67 72 80 75 85 78 55 88 122 110 101 110 127 117 129 111 105 91 127 101 87 92 100 101 111 105 107 40 41 51 41 55 44 45 50 60 43 52 54 72 52 94 97 94 82 93 102 110 91 88 99 125 111 125 131 130 107 110 114 110 123 81 101 81 92 92 77 83 91 84 87 80 90 105 89 100 80 85
66 61 72 62 59 66 64 67 58 71 127 122 92 93 107 119 117 113 109 101 112 113 117 140 145 129 131 140 145 42 39 38 41 43 42 40 34 56 56 69 52 59 64 94 88 88 100 71 105 104 98 103 94 87 126 135 136 120 110 111 90 97 118 70 86 81 79 66 75 62 73 65 89 92 90 71 101 101 83 90
70 68 65 72 58 65 80 51 63 72 89 82 87 103 83 111 87 83 65 89 81 81 76 48 49 59 60 44 59 87 70 87 79 67 67 87 75 90 119 92 92 95 100 98 103 100 122 101 104 102 109 108 105 105 121 132 133 114 104 99 94 101 105 112 84 110 79 98 92 108 98 100 90 96 93 98 94 69 126 86
164 337 507 677 856 1011 1148 1315 1468 1642 1809 1974 2141 2299 2477 2633 2828 3000 3162 3329 3492 3670 3831 4022 4197 4364 4528 4693 4895 5018 5139 5261 5381 5500 5613 5724 5860 6021 6173 6324 6476 6622 6761 6912 7046 7174 7320 7467 7611 7784 7947 8097 8262 8419 8563 8714 8889 9045 9176 9315 9447 9586 9723 9892 10080 10244 10405 10561 10735 10904 11047 11208 11391 11549 11724 11907 12066 12243 12416 12584
18 82 48 10 13 18 40 43 7 52 11 16 8 12 16 24 23 59 7 14 8 6 40 57 46 55 39 11 17 11 11 13 32 41 13 27 11 21 13 7
