20 40 60 62691
70 90 75 91 85 78 49 59 62 51 50 47 54 55 42 29 33 31 40 49 57 45 58 61 61 65 61 56 28 29 34 63 86 61 53 65 27 29 32 30
88 84 83 92 86 103 46 41 42 35 31 31 45 36 47 52 57 58 50 48 40 31 32 38 26 36 43 38 81 72 91 40 52 37 52 39 100 120 107 117
98 86 101 93 65 82 106 91 91 96 113 109 105 108 136 158 150 128 145 138 30 29 33 28 39 39 31 25 95 96 79 61 64 48 55 51 42 55 67 61
43 27 34 32 24 34 87 92 73 77 75 74 92 73 64 78 67 62 66 56 54 52 67 68 62 58 40 64 49 46 24 28 19 24 22 26 22 30 36 21
36 38 32 34 41 36 34 39 36 40 26 53 32 40 27 19 23 15 27 14 16 15 14 17 14 11 15 13 38 42 41 19 24 22 26 19 21 34 22 20
119 122 126 168 152 170 103 115 108 94 115 93 103 114 123 127 124 139 118 127 72 59 57 60 55 57 62 61 99 95 87 93 110 102 114 100 107 109 92 94
99 101 92 101 85 118 62 65 61 71 73 67 59 46 93 91 80 91 82 89 43 34 45 50 50 31 42 50 37 35 45 62 79 61 69 87 26 35 29 30
87 84 83 109 112 85 88 92 78 104 106 97 105 92 91 109 104 80 120 107 75 73 68 78 86 75 83 79 75 76 96 49 43 56 62 42 61 71 67 63
40 36 36 34 41 29 17 15 14 12 17 18 14 13 14 28 22 22 18 17 55 43 61 50 49 45 39 38 37 46 40 75 60 67 65 74 20 14 34 23
98 112 91 95 84 111 54 44 42 48 45 40 48 60 91 108 79 88 102 86 38 36 43 42 31 36 38 31 95 89 87 63 54 47 65 64 125 132 133 127
109 147 112 135 127 156 66 68 60 72 56 63 80 63 83 81 81 75 82 89 44 59 56 45 68 65 66 74 84 77 94 128 105 114 126 107 90 84 106 85
25 33 32 31 36 33 44 39 45 35 38 41 42 25 57 60 72 58 56 61 39 35 51 54 38 46 47 41 36 38 26 74 49 56 68 69 82 80 78 86
43 29 38 41 33 30 70 57 71 55 69 73 63 65 115 127 123 135 110 137 45 38 45 52 47 38 35 39 35 32 37 12 19 26 28 29 26 18 25 22
89 97 85 81 85 99 96 109 85 96 96 88 85 85 131 154 109 138 168 142 58 65 78 67 47 69 69 75 102 93 76 116 93 124 98 106 114 123 102 101
40 33 28 28 37 25 96 84 84 88 92 95 96 96 78 67 76 70 73 79 62 45 62 63 53 50 63 53 40 22 32 83 67 71 67 72 49 78 61 66
104 102 102 79 79 83 52 57 47 68 64 45 54 56 49 47 37 46 60 43 46 39 33 35 31 47 37 35 72 98 89 57 40 46 32 46 92 95 84 102
38 36 40 37 43 37 68 56 64 83 59 58 63 74 77 79 73 72 69 76 73 55 51 49 57 63 43 72 27 32 37 77 78 77 67 89 24 31 37 30
36 30 26 39 34 39 15 11 11 9 18 19 12 15 16 17 26 20 9 21 41 54 41 54 42 41 48 49 26 36 29 18 17 17 27 19 18 25 24 24
29 45 44 37 51 29 35 43 39 25 50 39 35 35 24 16 15 17 22 23 73 42 55 59 63 54 64 52 33 35 46 17 23 21 15 18 56 59 59 70
99 95 99 102 88 75 47 54 49 46 53 43 64 52 33 41 42 42 46 41 91 63 67 78 90 83 77 81 92 85 90 60 61 57 54 52 110 109 118 132
120 268 395 564 717 888 995 1111 1220 1325 1441 1551 1657 1772 1909 2068 2219 2359 2528 2671 2763 2837 2916 2995 3086 3170 3254 3336 3439 3538 3635 3764 3875 4000 4127 4235 4361 4494 4628 4761
60 48 25 52 123 12 28 25 85 35 23 53 52 22 41 41 38 115 84 38
