40 80 60 66888
143 139 146 62 62 80 64 59 110 125 120 116 100 117 102 80 96 101 113 126 95 110 111 104 46 48 45 47 47 50 52 42 32 50 33 35 49 44 56 38 130 121 126 130 129 117 123 123 103 117 125 70 59 68 67 67 64 105 104 108 61 64 56 70 66 68 87 68 78 50 62 68 68 70 43 60 90 89 83 81
121 99 132 55 70 73 68 71 111 124 113 144 136 136 87 94 78 80 100 110 99 105 76 90 56 41 40 44 54 41 35 34 43 47 45 45 41 38 58 32 70 71 72 68 51 74 86 92 81 82 85 73 86 58 69 78 60 153 121 129 102 137 129 131 120 93 90 103 87 103 84 83 111 83 101 87 73 94 100 87
36 31 51 81 76 64 82 88 38 42 41 34 32 35 13 18 23 20 23 19 11 18 27 16 54 51 49 50 45 48 43 33 49 47 46 61 47 36 46 57 93 97 87 96 98 110 55 60 52 59 53 53 68 59 62 55 61 34 36 38 20 30 22 26 19 28 22 24 24 14 15 9 21 14 24 15 26 21 43 24
125 131 134 66 55 66 72 76 112 111 125 138 143 134 97 87 105 105 104 97 108 102 117 119 40 49 54 40 54 46 44 42 55 52 52 53 54 57 57 46 98 111 112 85 118 111 70 62 50 67 61 90 108 90 97 84 87 118 103 124 144 135 134 133 147 91 100 119 115 53 61 51 64 62 64 63 89 61 87 76
47 31 33 17 19 20 15 19 38 37 36 30 42 45 50 53 65 59 64 46 42 36 43 48 25 37 35 26 31 42 33 42 44 44 53 48 62 60 47 62 17 21 14 25 15 19 28 24 18 13 18 17 18 21 16 15 21 36 36 36 15 13 22 14 27 17 26 25 22 20 15 12 15 12 13 13 23 32 26 19
71 87 80 37 42 39 44 34 62 68 77 74 52 60 47 53 60 45 38 50 40 46 48 43 51 70 59 61 74 56 37 63 52 60 74 78 65 71 62 78 111 129 86 112 108 106 55 58 62 68 63 18 18 20 11 14 22 23 38 34 57 74 67 64 67 29 31 31 28 12 16 13 11 12 15 14 22 26 37 28
40 37 27 19 25 25 19 24 29 42 40 42 47 29 20 18 16 18 23 17 18 22 13 19 59 57 59 57 81 67 59 67 51 45 43 48 46 38 55 44 14 12 14 16 13 19 17 28 17 14 27 54 48 55 55 55 45 39 26 38 24 8 12 22 24 27 29 28 30 17 13 15 14 14 11 8 19 30 29 25
38 33 27 16 29 22 20 16 38 24 32 48 41 32 16 28 20 26 25 19 18 21 29 22 54 57 65 56 51 71 48 39 50 46 42 32 44 48 35 58 67 68 55 59 62 50 15 19 19 22 21 16 23 18 22 23 17 35 29 39 83 65 70 87 73 27 26 21 21 79 67 85 85 74 84 73 63 63 62 64
113 131 136 83 93 86 82 78 128 125 127 126 141 128 78 60 69 73 59 57 70 71 71 63 43 41 44 40 48 37 41 44 47 46 38 42 50 53 32 43 69 70 58 57 67 75 89 90 82 78 81 102 80 74 101 98 90 114 85 114 138 138 137 161 150 88 85 93 81 67 92 92 79 78 81 88 99 102 109 105
150 135 141 75 69 62 74 61 142 146 128 146 135 118 83 89 84 95 78 71 71 61 83 68 81 72 71 92 85 82 80 85 94 97 92 66 96 84 85 88 160 151 166 161 154 149 104 99 99 94 112 67 64 64 94 70 66 105 131 125 57 62 57 68 62 91 91 94 93 62 79 80 74 78 74 74 158 122 138 137
87 73 80 102 104 85 78 82 76 79 98 75 84 68 38 35 43 40 47 47 61 43 43 60 38 46 43 77 37 43 54 62 24 31 35 22 21 21 20 28 59 56 63 55 61 45 66 78 79 73 74 60 56 75 65 53 57 106 95 101 61 70 64 60 68 24 27 21 22 23 12 18 14 12 22 11 19 21 26 35
127 129 137 66 67 63 46 67 109 119 127 134 146 133 94 85 96 102 79 107 116 131 103 120 48 59 55 55 36 62 52 45 89 80 89 79 106 92 97 94 165 130 146 168 172 135 117 127 112 127 127 56 44 52 53 59 49 131 103 117 66 74 55 82 81 62 89 75 91 46 42 48 58 49 43 55 81 78 90 76
32 25 33 16 15 18 20 19 29 24 37 40 26 34 22 25 16 19 22 23 28 23 17 19 68 60 72 65 73 77 64 61 53 47 52 44 64 42 57 51 13 16 16 16 17 14 21 22 27 13 28 57 67 58 58 58 66 34 25 32 55 74 59 74 54 27 24 26 31 41 37 53 35 56 47 31 28 19 30 30
115 117 119 126 102 110 107 110 138 123 149 128 107 117 81 75 75 71 83 85 84 103 80 59 74 68 76 72 73 80 88 79 66 78 50 62 59 73 76 80 118 117 99 107 113 85 135 132 115 123 136 149 159 153 155 202 163 191 170 160 73 77 56 66 79 87 85 97 82 55 60 44 51 53 61 52 88 69 65 79
160 149 169 99 110 102 98 97 158 148 153 144 152 137 92 94 109 116 108 121 113 111 127 94 74 57 73 81 64 83 63 69 69 62 58 68 57 52 60 51 55 55 55 54 49 53 56 78 57 63 63 73 58 71 71 71 62 133 123 154 125 123 128 120 128 86 86 74 82 90 79 83 97 79 97 85 67 80 78 84
151 150 125 62 69 84 83 85 114 113 93 152 104 136 99 106 95 89 101 112 86 127 120 115 75 113 81 81 81 82 107 92 71 63 70 69 75 79 76 65 103 103 113 109 108 122 117 131 142 138 134 106 102 102 105 112 94 170 171 163 68 65 54 71 64 104 112 84 108 73 75 105 92 97 96 83 147 152 169 177
110 109 96 85 70 72 65 70 124 141 136 114 117 98 80 84 100 88 97 104 88 82 88 104 77 46 68 75 67 61 51 63 86 98 100 87 78 86 84 88 55 59 65 61 68 71 86 76 89 92 82 54 52 44 66 52 50 122 129 108 68 90 76 75 75 85 86 66 75 59 67 67 69 76 62 68 127 126 137 130
150 152 127 87 66 72 92 74 110 118 104 147 113 124 66 66 79 76 65 63 56 64 73 57 74 44 90 86 71 76 63 78 98 107 100 115 97 97 131 100 90 101 107 115 103 138 72 83 86 78 91 51 65 57 62 50 58 125 153 145 66 56 58 59 74 86 83 101 70 55 58 54 61 68 54 57 100 114 109 87
120 122 114 81 67 69 64 73 120 112 121 117 100 95 116 106 98 113 108 120 113 106 109 110 58 49 39 44 52 41 55 51 36 38 46 40 41 57 50 39 62 55 63 49 49 56 81 88 59 57 73 90 79 87 82 77 78 146 139 132 135 144 143 145 114 92 95 80 101 68 57 77 68 82 60 82 153 146 180 159
67 60 68 55 39 58 42 54 92 86 74 72 73 72 52 53 44 67 38 49 35 35 53 33 28 31 26 41 32 31 26 30 35 40 24 19 33 28 30 24 63 52 68 40 64 63 70 77 65 77 84 65 84 93 72 77 92 133 124 127 90 94 83 89 88 101 97 93 85 55 59 56 50 41 66 48 33 14 19 29
42 32 33 17 18 18 18 22 36 28 40 28 37 28 20 30 16 28 20 17 23 22 16 15 10 12 8 14 10 13 18 14 16 7 8 18 12 16 16 14 47 48 47 67 50 44 65 79 69 73 66 42 49 58 54 54 55 38 44 34 72 71 89 77 84 110 107 102 92 52 52 66 74 52 70 74 73 73 59 66
43 38 38 17 25 19 25 18 31 29 28 29 18 41 65 73 84 79 92 90 95 94 81 78 106 104 117 101 94 108 110 94 68 87 90 90 57 88 79 75 12 22 11 14 13 14 21 20 21 17 11 17 26 15 16 18 10 33 36 25 70 87 82 58 77 28 19 19 24 9 10 22 15 17 9 10 17 26 29 20
33 29 24 97 68 71 69 81 46 44 30 31 37 40 24 21 24 24 22 16 23 18 20 28 30 29 35 31 34 24 27 36 11 14 6 17 7 9 15 11 55 61 41 54 63 54 51 49 63 67 69 17 19 15 19 16 18 27 35 31 16 23 18 22 31 16 26 29 24 82 78 76 55 73 87 96 63 73 77 82
44 36 29 14 22 19 16 17 39 41 31 35 41 30 64 47 56 56 55 59 57 64 58 65 16 10 13 6 20 14 19 11 44 45 39 53 54 48 56 51 58 60 68 55 49 46 58 66 49 64 62 16 10 21 23 16 16 34 35 40 15 18 28 22 21 30 32 23 33 87 88 77 82 74 95 73 62 63 58 59
115 122 135 61 67 57 62 60 127 138 131 113 113 106 99 99 97 89 93 113 113 112 106 119 64 85 89 80 77 65 52 75 74 69 80 67 80 64 62 52 95 100 105 120 102 96 121 133 128 112 107 108 123 119 94 98 125 168 193 181 55 59 73 81 71 87 73 78 71 48 54 40 38 60 45 57 90 108 93 91
95 103 112 70 62 56 63 72 98 107 102 113 138 128 67 77 66 72 81 78 69 69 62 62 39 44 51 43 40 48 45 45 51 58 42 56 41 39 40 35 124 140 117 130 145 106 149 134 118 146 133 129 148 148 143 139 158 230 238 203 58 94 88 78 91 175 176 150 156 86 92 96 105 83 86 95 150 161 142 144
38 27 29 14 17 19 16 20 38 42 41 35 31 32 44 58 58 37 54 37 44 55 52 54 9 13 13 16 12 7 12 10 6 14 17 12 15 12 5 11 46 48 53 43 52 44 72 67 67 59 86 51 57 48 61 50 66 42 33 41 95 70 96 61 77 25 23 28 29 10 21 14 7 16 13 10 27 26 28 25
72 92 70 37 41 42 48 29 66 71 71 102 78 80 78 95 101 112 104 117 104 128 118 113 67 73 69 68 70 76 68 86 76 64 92 65 61 79 90 74 16 17 19 7 15 13 22 21 23 24 22 53 42 32 55 48 47 30 44 34 54 55 79 78 64 94 99 97 93 15 21 14 20 19 10 9 21 26 30 25
83 51 69 39 33 42 43 42 73 72 80 78 79 81 46 44 47 48 59 58 52 52 46 43 57 53 65 46 61 59 43 47 93 85 74 97 90 107 101 123 22 17 21 18 15 21 23 23 23 20 15 50 61 59 59 62 54 26 39 32 22 23 23 26 24 107 91 105 111 39 39 25 38 33 40 32 79 58 61 67
36 38 42 19 11 18 22 22 39 32 32 44 31 43 41 40 39 49 46 40 44 54 43 44 21 24 34 28 26 23 26 35 19 13 14 17 14 8 14 14 19 11 20 22 14 23 16 15 17 20 21 63 62 48 62 60 60 30 29 32 80 81 49 72 83 31 23 27 33 48 54 57 38 52 61 43 26 20 28 18
42 31 43 82 64 73 76 80 35 36 42 36 39 42 22 25 18 18 24 18 30 20 16 19 49 63 55 52 47 51 55 53 43 40 37 41 45 36 40 56 51 36 48 54 43 58 83 88 61 69 80 47 61 67 55 80 64 100 84 103 16 11 20 17 22 17 30 29 26 72 67 69 68 67 66 70 86 76 78 76
108 109 127 139 132 150 156 147 118 103 118 114 113 120 69 69 55 50 73 77 56 65 80 69 59 57 49 50 48 45 65 48 82 84 94 108 100 83 87 69 97 122 102 124 109 119 86 83 83 90 85 70 71 54 63 68 63 113 109 109 84 91 70 90 85 93 98 79 109 99 79 85 117 78 86 80 100 92 72 69
31 33 27 78 74 71 69 61 29 34 27 25 32 36 11 25 18 22 17 17 21 10 18 21 67 61 54 56 55 67 54 51 75 103 80 76 72 66 91 94 11 21 22 11 12 19 21 27 23 25 18 21 20 20 16 13 15 32 33 29 18 20 15 23 18 19 24 34 33 43 43 53 50 52 38 52 67 66 73 71
29 36 28 22 23 15 25 23 35 38 36 36 40 31 58 87 77 59 65 75 73 75 78 77 68 89 67 78 62 62 65 67 60 46 42 63 44 49 44 51 21 17 12 13 16 14 15 24 19 15 23 58 50 60 56 57 61 31 43 35 26 17 17 23 32 30 15 27 22 49 52 47 43 54 54 38 21 19 33 22
31 29 36 19 26 21 27 24 39 39 36 25 31 31 80 84 81 76 81 86 72 96 81 87 37 53 37 44 57 55 42 40 87 86 107 88 89 88 102 91 64 63 74 73 72 73 21 17 22 21 19 16 21 15 19 21 21 34 27 34 18 21 22 15 14 25 39 33 23 66 70 74 72 76 69 61 64 65 77 61
35 39 43 68 85 78 67 81 38 37 31 30 40 44 69 77 61 74 62 80 71 94 90 64 65 61 69 81 67 79 84 74 66 50 63 60 48 49 65 60 47 57 39 50 43 39 52 62 64 65 75 53 48 57 63 45 65 34 30 23 23 25 23 20 18 83 91 88 98 10 6 22 9 17 18 17 26 16 24 21
36 31 42 89 72 83 77 80 44 39 34 25 35 28 71 50 43 58 52 57 47 44 42 44 29 30 33 41 46 36 33 38 9 14 18 13 13 14 14 15 23 16 17 21 11 17 22 21 21 24 10 45 53 67 58 56 60 24 34 30 26 14 23 20 11 104 99 121 105 36 29 28 40 44 30 35 79 73 64 77
51 38 31 22 28 19 12 25 41 44 26 37 25 30 18 17 25 12 18 25 24 26 19 22 32 37 36 48 32 41 40 32 45 49 47 43 55 54 44 46 68 60 67 72 61 62 27 26 19 18 25 56 57 63 62 49 64 31 31 28 28 8 18 16 22 99 106 87 98 56 57 45 39 59 57 51 33 26 27 29
74 69 82 42 45 43 28 41 88 85 75 61 70 62 76 75 69 82 72 73 72 71 89 64 39 28 21 35 33 32 22 20 51 63 57 55 53 54 48 57 11 13 15 18 16 15 16 18 23 19 17 56 66 60 62 57 58 26 34 32 21 25 25 23 24 24 25 24 27 15 12 13 13 13 9 12 18 27 22 19
37 37 41 76 60 71 53 73 37 43 34 43 32 44 57 50 78 58 43 41 53 55 69 58 11 15 16 16 15 13 11 11 14 10 14 7 13 10 11 8 50 58 46 49 53 60 15 16 18 15 22 18 18 25 17 20 15 29 48 25 83 100 89 72 79 16 30 19 23 46 42 48 40 52 50 56 86 88 75 69
177 345 532 686 832 998 1171 1334 1509 1673 1842 2010 2178 2330 2459 2577 2698 2827 2952 3092 3221 3366 3507 3640 3758 3883 4013 4125 4229 4349 4471 4575 4684 4803 4922 5050 5168 5287 5432 5568 5751 5918 6102 6288 6478 6643 6808 6956 7113 7275 7426 7591 7767 7936 8108 8331 8511 8765 9028 9252 9411 9570 9728 9906 10072 10266 10461 10627 10800 10914 11016 11133 11263 11371 11483 11590 11765 11943 12142 12338
12 10 29 19 60 28 55 36 10 8 18 12 46 10 8 11 13 13 12 20 27 32 35 41 12 9 31 19 26 44 25 6 34 34 31 20 38 38 34 34
