20 40 60 66836
13 18 16 10 14 32 22 26 28 26 24 30 21 22 23 24 28 30 30 37 42 37 36 44 24 36 30 24 21 26 26 25 28 27 28 50 48 41 53 53
138 154 173 149 142 85 103 126 114 120 104 79 108 83 80 89 91 87 99 111 109 116 148 149 148 163 142 107 99 87 107 109 93 86 82 144 155 141 151 142
59 64 48 54 52 63 68 48 44 52 72 150 138 143 139 120 117 141 129 137 138 136 124 134 124 119 109 84 90 116 109 108 103 89 104 118 100 95 110 101
22 26 10 14 12 24 22 33 27 22 34 76 71 73 66 52 56 58 69 51 57 52 54 41 44 40 49 37 29 35 36 33 39 44 43 41 38 39 29 37
113 120 129 107 117 85 83 75 78 71 88 86 75 75 93 105 86 82 94 142 125 154 162 94 80 95 68 78 77 79 98 63 73 88 71 106 122 122 131 92
119 119 102 102 116 133 106 105 114 103 95 95 102 123 103 76 61 64 55 80 84 71 92 64 74 62 74 93 95 85 75 73 78 83 75 70 60 82 82 71
94 95 95 99 108 94 93 101 102 101 92 81 58 53 67 95 102 92 85 95 97 90 89 84 98 97 81 61 47 40 46 44 60 48 37 71 44 45 62 60
123 123 110 119 115 67 69 66 65 71 65 115 85 127 101 82 67 96 90 124 146 114 159 134 115 131 125 37 63 55 50 52 56 54 50 87 76 75 95 67
81 91 88 89 89 107 88 108 92 80 95 33 28 30 32 25 31 18 20 34 28 22 38 11 19 14 23 9 7 17 14 9 13 13 11 26 22 16 20 14
20 8 9 14 14 18 14 15 26 23 27 12 22 13 20 30 28 29 32 37 33 38 34 47 47 50 61 47 45 55 56 62 55 50 56 49 66 37 47 48
55 50 66 67 61 50 49 69 60 46 50 38 48 50 49 28 26 29 20 26 29 28 20 19 26 23 17 46 53 45 59 56 47 56 63 62 70 62 70 65
47 46 46 66 60 67 71 72 73 60 81 85 87 97 88 100 109 95 98 141 119 129 144 129 118 124 116 93 98 81 91 87 92 94 95 97 99 95 101 86
141 129 126 134 136 100 142 106 109 128 120 142 168 184 157 56 56 82 61 137 162 152 152 114 111 128 135 58 68 64 57 56 48 61 59 108 91 110 89 76
106 80 78 91 79 108 105 113 98 117 112 91 73 83 88 81 82 78 73 118 111 97 98 109 121 115 106 63 70 74 77 74 60 66 67 50 46 57 52 49
21 17 21 18 20 37 49 42 40 47 45 62 55 45 69 24 21 26 25 26 26 10 19 17 16 19 17 81 91 74 78 64 84 79 78 85 81 71 85 98
70 90 73 80 82 51 49 56 49 38 44 17 33 22 27 13 17 19 16 56 49 51 42 42 54 46 56 55 58 50 61 50 53 50 54 57 39 38 51 56
24 29 27 22 17 20 13 17 23 22 16 23 12 19 22 25 31 29 18 30 30 20 22 27 31 32 25 19 13 10 16 20 8 15 16 15 19 17 19 24
22 21 20 18 16 13 11 9 13 9 16 65 52 64 58 22 28 19 16 52 36 48 63 44 43 45 49 92 90 85 96 88 95 101 99 81 85 83 89 101
25 22 30 19 20 29 22 26 25 25 43 51 73 60 59 21 26 22 17 36 52 35 40 54 47 44 49 30 47 38 40 49 42 45 50 56 61 48 49 47
96 113 98 109 62 84 95 66 90 129 92 46 175 101 61 77 90 151 92 55 153 163 159 86 163 155 125 107 96 127 107 99 79 66 113 140 155 43 72 56
156 326 517 682 839 986 1143 1283 1409 1551 1684 1850 2036 2239 2413 2546 2676 2832 2975 3132 3311 3481 3660 3825 3989 4169 4326 4445 4555 4684 4805 4926 5040 5152 5267 5426 5598 5754 5921 6078
87 18 14 62 14 18 21 22 97 77 37 22 23 20 74 52 211 55 75 1
