40 80 60 76455
74 50 75 54 59 58 61 26 20 18 17 19 14 16 9 15 11 14 11 21 15 14 29 18 108 98 98 90 76 103 78 87 85 103 70 61 59 60 72 57 69 66 75 69 25 23 21 22 19 24 20 28 34 23 28 22 24 22 28 16 65 65 57 55 40 77 71 71 66 70 68 61 61 56 67 55 63 77 72 51
89 92 81 70 82 92 87 84 69 64 74 63 55 81 68 61 60 75 58 94 98 87 90 74 74 64 74 81 81 100 103 76 83 79 131 121 112 105 101 86 100 95 100 103 29 20 27 35 24 26 27 24 19 24 25 25 32 37 25 22 56 67 58 65 64 18 24 20 18 16 89 70 84 70 65 67 64 68 79 65
18 17 12 6 18 13 16 32 20 23 27 24 57 65 52 69 60 57 64 49 47 48 58 46 77 77 80 68 77 80 94 75 84 91 23 22 25 22 17 21 14 15 21 17 73 70 79 69 88 63 83 68 68 60 70 63 75 63 62 59 45 49 48 53 46 78 90 87 79 76 40 49 43 53 62 42 43 36 53 51
63 63 66 66 70 74 59 57 62 53 59 52 66 59 61 57 59 52 67 83 71 68 82 73 23 19 25 28 26 21 19 24 21 20 22 26 19 22 42 65 47 65 54 65 68 54 74 79 62 58 51 62 63 67 50 53 52 62 60 56 27 21 11 23 19 47 64 60 42 51 56 53 47 73 52 60 70 63 57 65
55 50 49 50 55 48 51 94 87 87 77 92 71 63 68 80 68 71 78 80 81 74 82 69 94 90 83 93 100 60 75 65 69 70 90 83 104 107 61 73 73 76 78 68 77 60 58 59 70 81 59 60 65 73 87 88 67 60 64 63 90 101 85 96 105 125 127 127 154 130 112 89 108 116 112 88 95 92 108 94
66 41 43 48 45 45 49 24 15 20 22 25 32 42 37 36 32 36 33 54 60 54 59 46 26 18 23 19 19 22 22 23 18 14 72 55 60 75 78 83 59 80 67 75 28 20 23 28 23 24 38 36 20 29 29 25 25 25 32 42 21 11 22 22 18 50 39 42 52 49 18 21 22 22 29 24 23 22 26 23
131 117 123 120 129 129 144 121 121 124 135 127 101 92 90 102 81 98 103 119 121 119 117 122 72 64 87 58 65 80 96 99 85 81 120 97 126 121 67 64 69 68 65 59 72 61 77 74 70 82 70 73 59 63 56 46 61 53 52 59 50 56 55 85 64 47 49 48 47 51 60 62 62 49 67 59 65 72 76 54
61 51 46 62 60 52 52 29 30 28 13 21 26 34 30 29 33 32 28 44 56 58 56 50 72 81 81 76 93 91 79 74 81 87 26 28 27 35 71 78 82 64 73 80 73 65 68 75 62 56 57 47 50 62 56 65 52 61 53 49 18 22 18 22 13 18 18 19 22 21 15 24 23 26 18 22 20 19 25 21
14 17 15 19 15 20 24 15 22 15 17 21 29 35 30 26 32 33 28 21 30 19 17 22 29 22 20 22 18 13 22 20 20 18 30 30 26 33 75 58 65 82 72 67 77 60 75 60 58 60 61 75 55 65 66 61 86 90 69 69 61 50 55 60 53 70 63 80 69 79 52 58 57 64 60 52 55 42 48 46
46 44 42 46 40 40 49 47 48 57 69 42 62 78 53 55 60 72 73 66 56 41 46 54 22 14 14 19 23 25 23 26 24 23 24 24 15 32 12 14 15 26 17 10 101 109 81 91 109 130 120 119 107 119 96 112 113 102 113 132 116 125 118 120 128 90 108 87 85 91 80 96 94 98 83 121 119 88 107 106
79 76 94 87 88 81 98 80 87 98 91 86 60 60 65 74 77 60 67 92 79 83 80 82 72 88 99 99 89 63 67 78 75 78 109 113 109 106 83 70 69 85 80 75 25 27 22 27 30 34 21 21 23 38 24 28 30 35 29 29 78 91 87 90 94 77 73 83 84 81 61 73 53 66 65 78 77 60 75 59
50 49 40 47 56 46 43 28 25 28 15 22 78 59 58 59 55 57 50 44 50 60 62 59 18 21 16 14 28 20 16 21 24 18 20 35 24 24 59 51 47 63 48 52 34 29 21 37 30 33 22 24 29 38 31 25 23 20 29 25 29 19 16 25 20 26 27 26 20 16 55 39 51 71 53 23 19 12 25 20
53 55 38 37 50 46 60 25 28 20 19 24 39 35 28 34 31 31 35 40 51 57 48 55 19 18 23 14 26 21 22 23 13 20 70 95 63 69 50 53 64 60 49 62 25 32 31 34 27 29 33 25 21 19 20 32 32 34 26 33 67 49 63 55 40 44 28 40 41 49 67 73 68 74 65 74 60 75 64 58
17 16 23 14 18 17 20 23 15 19 22 22 32 41 45 33 29 42 33 46 43 43 44 39 26 20 19 22 31 19 28 17 17 28 21 29 31 25 21 17 16 17 20 11 28 25 24 21 39 32 28 24 36 26 29 34 30 26 27 36 126 102 121 102 112 109 90 92 91 92 53 44 55 54 70 65 70 70 57 64
91 95 94 88 91 82 83 88 107 84 90 90 61 72 65 71 62 78 63 79 74 77 89 88 121 140 119 107 105 131 118 135 108 134 85 80 81 84 66 77 68 81 71 84 59 66 60 60 59 69 51 55 54 56 68 47 67 63 63 66 48 62 58 59 61 46 48 59 33 47 96 70 95 86 72 57 52 41 37 53
62 69 72 57 67 62 64 137 138 121 114 123 71 101 85 64 68 74 101 91 71 103 108 81 67 65 60 68 75 81 72 58 78 81 104 117 112 106 73 73 51 51 71 71 57 56 54 59 64 65 77 60 47 62 59 62 55 74 74 68 30 17 23 18 24 20 26 16 26 25 22 19 16 22 20 19 18 22 22 16
69 72 75 66 73 62 72 190 214 202 222 193 103 116 105 108 95 101 118 140 139 135 150 144 74 76 72 65 91 83 77 71 88 87 150 158 128 129 74 71 72 73 71 62 66 64 66 68 50 60 60 53 49 63 75 68 71 62 62 81 27 21 26 18 23 54 44 44 42 44 26 20 25 19 15 12 27 21 25 22
46 55 64 51 48 46 40 21 34 20 23 24 54 58 62 71 64 57 71 50 59 49 47 50 20 18 20 16 20 15 22 24 30 22 23 31 30 23 73 76 80 70 71 75 28 29 29 33 31 20 19 20 27 26 27 33 25 29 31 30 26 23 22 20 18 49 61 49 60 44 74 77 62 74 65 57 61 56 46 59
20 14 14 13 18 14 15 89 67 53 82 76 24 29 36 30 30 42 30 60 43 50 63 61 11 19 19 23 18 22 16 25 27 27 32 29 17 19 49 60 53 50 68 54 32 30 32 24 32 32 35 27 31 22 16 22 24 22 19 24 17 19 22 16 22 25 21 25 27 22 24 24 22 22 23 20 23 20 32 28
57 55 57 56 43 39 63 20 21 17 20 31 44 35 37 45 26 30 42 50 34 44 40 49 21 20 19 23 38 28 25 16 19 23 66 61 71 73 18 14 11 22 19 14 59 59 66 56 64 56 62 56 70 63 55 71 73 55 52 50 23 18 26 25 24 61 38 45 46 63 58 67 66 57 51 21 29 24 22 30
43 57 55 56 56 53 71 22 19 24 12 16 16 14 22 14 14 14 15 21 19 24 23 30 21 24 23 25 27 24 22 23 24 24 67 85 65 78 23 20 17 24 22 10 116 106 116 100 96 122 118 115 98 95 89 91 120 127 101 123 47 49 37 58 56 68 63 68 73 69 62 52 66 52 56 51 63 52 46 45
48 45 51 40 42 41 42 57 69 49 56 55 42 39 35 42 42 31 44 69 59 64 70 65 87 96 79 82 72 80 72 70 89 75 29 25 28 30 61 75 69 56 51 57 73 70 58 63 69 73 49 81 52 68 72 57 61 63 68 55 50 50 55 54 59 56 75 67 53 77 55 73 57 68 71 58 61 48 56 67
87 93 81 89 99 100 90 84 97 82 96 92 45 71 49 58 54 60 53 75 88 71 92 67 167 153 147 163 172 144 133 152 137 166 135 149 144 153 68 63 69 71 66 79 32 22 29 23 30 22 17 22 37 19 17 26 27 24 27 27 70 62 59 73 75 48 42 49 58 58 61 65 74 70 74 61 52 65 56 62
55 61 58 42 62 50 48 25 29 24 27 16 34 42 38 27 40 45 39 47 44 47 39 45 21 28 17 28 26 25 25 23 23 20 20 31 30 23 17 15 19 22 20 18 65 56 72 71 75 62 55 57 83 72 60 69 55 64 65 77 15 21 15 20 20 19 28 15 16 20 53 66 55 59 50 21 21 27 26 12
30 32 26 23 35 42 42 114 100 107 105 103 61 57 66 76 63 77 68 74 98 75 77 62 97 102 73 85 83 95 84 88 84 72 24 20 20 28 27 17 17 15 11 12 60 62 59 55 76 69 78 61 63 79 70 67 63 54 80 65 24 12 16 24 18 15 18 17 23 18 20 22 12 24 24 28 16 21 15 23
68 58 73 67 66 52 54 19 27 21 24 19 40 37 42 36 40 43 35 56 44 58 67 55 19 28 24 21 17 19 25 13 20 26 75 68 67 65 9 18 19 30 23 16 61 56 71 74 61 51 52 61 70 51 90 70 57 64 66 48 67 57 59 62 57 73 89 81 60 73 48 48 48 54 56 65 80 61 46 54
55 58 48 63 59 51 58 12 19 25 15 33 40 38 37 42 35 35 30 20 19 24 18 17 16 27 30 21 22 17 28 23 26 21 64 91 65 51 13 21 16 20 11 13 24 19 27 26 28 32 20 29 22 26 24 27 35 26 23 24 46 49 59 65 44 36 39 34 47 36 54 78 53 57 46 62 55 69 66 84
60 63 74 63 65 66 67 71 68 73 79 66 68 75 82 68 60 69 70 114 114 126 117 136 121 147 110 116 145 160 166 143 158 161 95 104 104 105 59 59 66 53 62 49 25 20 22 25 23 27 25 21 24 20 28 25 35 28 29 21 79 62 69 60 64 46 44 40 35 32 24 18 18 16 19 19 13 29 20 16
18 13 14 17 10 12 7 28 27 20 21 27 52 64 78 63 59 72 47 56 42 55 54 42 71 65 75 79 64 77 83 94 83 90 19 20 23 35 14 15 10 12 20 20 27 24 27 25 27 28 33 25 24 28 23 24 35 20 26 27 102 108 107 86 111 48 48 53 52 65 75 58 61 71 74 66 76 64 65 69
54 83 67 63 58 63 67 129 116 127 120 102 66 78 78 71 63 72 70 83 88 71 83 72 132 149 140 157 144 125 141 113 114 96 105 107 91 127 108 121 126 124 125 149 28 25 25 32 22 24 15 29 26 17 21 30 25 25 20 35 24 18 16 24 23 16 20 26 20 22 19 27 16 24 8 15 23 28 30 19
46 51 60 48 47 53 41 29 26 24 25 22 29 31 33 29 25 24 44 44 51 59 43 42 22 23 24 18 25 19 24 22 18 27 26 26 19 29 9 19 12 17 14 19 59 53 65 60 79 90 67 69 80 67 75 81 49 75 64 50 86 100 92 100 88 111 81 99 113 92 122 115 95 130 105 151 143 142 146 149
33 33 36 39 45 42 27 37 51 50 46 57 28 33 38 37 43 45 29 61 64 59 51 58 24 21 22 29 29 23 24 20 22 19 73 63 68 69 79 59 81 71 64 70 117 103 112 102 108 97 110 87 95 99 90 106 103 107 115 116 43 52 40 41 55 73 83 91 102 77 39 47 59 39 56 40 51 53 52 50
102 81 96 99 107 93 102 107 80 84 84 89 56 51 66 40 57 59 55 96 99 91 86 89 101 87 81 94 96 66 76 76 75 80 84 71 84 104 109 103 118 110 110 105 71 76 61 71 72 66 55 46 59 82 79 61 73 64 77 69 78 83 68 70 82 88 75 74 85 72 89 78 72 79 77 96 98 77 84 96
108 99 115 113 88 90 99 114 145 122 116 115 68 68 50 63 51 58 50 91 83 81 68 69 134 144 140 139 128 126 128 123 131 104 98 94 106 98 81 69 89 57 65 71 26 31 27 27 22 24 20 22 22 15 31 21 31 19 21 19 61 38 71 46 46 20 13 34 17 19 25 16 26 19 25 21 22 27 22 15
53 45 49 51 44 49 50 80 82 103 70 83 34 33 32 35 32 24 26 20 19 21 16 27 17 21 24 17 17 12 19 25 12 24 71 73 76 70 19 26 13 17 20 20 73 63 74 64 62 71 88 72 49 67 60 49 76 65 55 63 25 14 16 14 24 38 47 55 45 48 21 28 26 21 26 20 22 21 20 18
65 59 59 68 69 74 64 66 74 80 80 83 90 91 95 103 103 75 68 116 123 113 112 124 94 90 87 97 96 82 84 100 87 94 90 87 86 95 48 67 51 54 57 57 50 60 68 55 72 65 57 78 72 69 55 67 63 88 69 68 54 55 62 54 58 17 19 24 21 12 24 17 32 18 16 14 25 16 18 16
93 87 91 85 103 98 78 52 58 52 63 63 59 50 58 54 47 51 66 63 56 46 43 62 22 25 27 21 26 20 19 11 11 30 25 24 25 23 15 22 17 15 25 20 67 60 69 75 74 47 61 75 61 56 53 58 54 55 64 76 52 40 57 52 48 88 66 80 87 69 63 58 66 66 56 62 64 72 68 68
73 54 77 57 68 60 77 86 73 88 71 86 81 74 77 63 84 65 76 97 109 118 98 105 162 135 144 132 171 115 141 148 141 153 92 82 91 77 111 93 109 110 118 122 75 61 71 66 85 69 77 63 64 72 66 68 71 67 70 81 48 57 43 56 50 58 58 60 71 53 54 69 70 45 52 73 45 43 41 55
93 91 90 71 90 90 93 149 140 136 156 134 55 59 48 55 49 49 42 81 84 95 82 87 80 61 84 91 81 71 98 85 88 83 145 160 163 141 85 95 115 108 118 113 28 25 28 25 24 20 17 34 28 29 27 41 35 26 30 30 22 20 16 22 21 53 46 48 49 37 24 28 18 18 22 24 23 16 19 22
65 55 65 72 63 60 52 78 96 84 88 84 16 15 12 12 12 17 20 29 14 25 23 22 20 19 17 29 26 16 17 23 26 18 75 74 62 56 9 22 18 28 15 18 60 48 53 51 71 54 62 67 64 62 68 70 48 63 60 65 56 52 56 66 64 85 82 72 73 75 108 122 109 137 112 95 82 84 94 88
145 275 411 544 687 830 989 1199 1435 1658 1903 2116 2230 2359 2476 2596 2710 2822 2953 3108 3262 3412 3578 3737 3922 4091 4254 4434 4624 4801 4985 5153 5328 5512 5678 5855 6035 6204 6327 6461 6601 6738 6877 7042 7172 7293 7422 7535 7656 7800 7933 8065 8184 8316 8423 8547 8680 8821 8949 9095 9235 9374 9508 9641 9783 9922 10063 10204 10374 10518 10653 10788 10909 11061 11185 11352 11510 11667 11829 11994
35 13 19 15 15 44 11 33 27 21 31 46 35 44 11 21 15 34 54 32 13 22 12 36 27 25 44 13 29 13 16 13 21 15 33 18 27 25 19 23
