40 80 60 68033
73 74 91 79 88 88 100 92 96 99 109 106 88 117 79 83 96 69 81 66 52 60 48 38 62 78 74 36 32 38 136 141 154 146 157 72 98 77 95 35 42 36 34 17 14 13 12 11 11 28 23 24 34 28 10 8 12 12 10 18 10 18 86 89 80 95 89 83 76 72 61 62 84 42 51 21 16 14 16 14
38 34 40 39 36 48 31 51 65 53 49 50 52 56 27 20 29 33 26 26 24 12 34 28 47 44 53 29 15 36 27 31 29 19 34 54 44 50 53 39 32 35 35 24 15 27 19 17 18 24 33 21 24 23 45 34 46 48 46 45 54 46 73 60 61 55 51 57 41 52 65 52 43 62 67 53 70 62 59 57
41 54 44 47 56 49 59 51 44 40 52 44 53 49 45 65 51 60 69 103 110 107 89 94 23 40 23 115 111 114 115 101 111 116 103 74 74 67 86 77 72 78 70 98 79 85 77 87 89 39 49 38 52 45 90 87 108 102 85 102 91 100 11 27 21 14 17 18 19 15 24 20 22 37 55 69 63 66 66 59
19 21 12 16 17 14 15 11 11 11 15 14 15 7 29 24 19 31 27 10 16 18 19 18 39 28 37 45 54 39 29 26 35 27 28 36 32 28 34 65 89 72 80 49 58 59 49 55 51 113 124 113 100 109 32 36 42 25 35 24 45 31 17 21 17 25 22 24 18 16 21 11 18 76 63 63 47 48 47 52
58 55 51 53 58 61 59 47 62 46 53 57 46 56 24 30 34 26 27 12 24 25 25 22 37 44 54 20 39 36 20 21 12 16 17 20 21 23 14 36 33 33 39 29 33 36 45 26 30 56 58 58 60 76 16 16 12 15 9 17 11 17 49 51 52 65 57 46 73 73 74 74 71 60 63 67 50 58 60 59
73 87 70 72 63 65 74 55 50 45 49 61 56 51 92 95 100 75 85 76 68 76 94 73 36 46 32 26 30 21 12 20 22 18 14 36 35 24 32 25 28 31 23 14 21 13 14 17 11 74 67 70 72 75 64 77 74 68 61 74 74 65 69 53 52 54 74 67 70 55 64 80 72 52 48 45 45 43 35 50
65 68 65 60 67 70 72 48 50 50 43 59 54 54 67 52 79 63 62 143 112 139 154 123 39 35 40 40 31 30 17 32 20 22 23 30 24 26 23 87 67 79 89 63 90 83 67 77 57 14 12 15 18 21 10 10 9 9 11 12 9 12 48 31 50 42 35 47 68 84 76 84 93 62 63 55 57 70 62 44
85 88 81 79 80 85 78 103 92 89 83 95 91 90 93 76 69 71 78 85 92 90 109 74 37 26 32 40 31 31 19 25 29 21 26 36 23 25 26 57 60 68 66 59 71 65 76 76 81 31 32 21 25 22 13 14 19 14 19 14 18 11 12 25 19 18 22 20 23 20 34 29 25 35 43 23 16 15 16 23
12 9 18 13 11 16 14 19 27 20 14 20 19 18 27 24 33 31 30 18 22 26 20 20 49 38 27 42 36 39 125 101 101 112 114 26 19 16 17 110 107 88 119 102 95 102 95 92 108 72 65 63 62 62 49 57 51 55 61 48 40 59 17 10 14 11 19 18 30 34 31 23 28 61 60 24 18 24 16 16
106 86 82 73 81 80 86 101 127 79 86 106 104 113 71 90 83 76 67 56 59 59 53 51 49 22 35 36 43 58 67 72 64 74 74 34 20 28 23 65 72 70 71 96 88 87 73 64 78 53 37 44 37 48 33 30 33 34 29 48 33 38 29 24 19 23 24 23 17 36 23 25 24 67 56 39 49 43 61 65
74 80 57 56 79 56 68 92 108 95 93 83 87 112 76 80 88 68 82 78 54 81 77 77 37 37 27 27 26 29 17 19 27 25 19 26 25 32 32 29 31 34 22 59 66 67 49 48 65 10 16 18 19 24 25 33 35 45 41 32 49 34 11 13 12 9 17 15 26 19 31 22 21 46 32 37 61 52 52 60
101 89 100 107 104 84 119 60 65 59 59 45 43 59 97 80 104 97 109 121 147 116 113 134 25 19 30 37 40 19 25 17 22 11 18 26 28 22 21 25 19 23 34 12 16 19 16 12 13 17 29 27 31 24 14 14 11 14 4 16 13 9 78 90 99 105 83 106 74 82 81 84 70 72 70 56 62 67 55 67
82 74 56 62 59 85 69 37 30 49 42 53 41 37 95 85 85 79 84 74 67 71 77 72 81 85 77 42 43 39 149 147 163 158 150 104 121 102 103 35 23 35 32 52 53 39 45 34 45 24 13 18 19 15 15 13 20 20 18 19 20 18 19 16 34 17 16 21 19 29 33 27 38 58 64 65 75 63 82 72
46 43 32 43 44 46 32 28 31 24 41 35 43 26 20 16 14 15 19 26 24 17 30 21 22 25 27 27 23 31 28 22 18 29 16 58 49 65 50 22 25 12 24 10 14 15 15 11 10 15 25 27 15 20 13 11 11 13 22 14 11 10 101 120 103 112 121 124 78 72 76 85 78 38 43 33 41 36 38 33
39 45 30 30 40 51 38 30 45 39 50 53 49 51 29 31 32 23 29 31 26 29 19 18 36 56 48 51 52 36 23 15 13 15 18 28 27 17 20 100 109 111 108 67 70 101 84 66 81 78 78 63 66 72 29 39 32 22 38 36 31 28 15 24 25 19 25 23 27 21 15 25 18 48 45 34 36 41 37 34
16 24 15 25 21 21 24 12 12 7 10 10 13 14 19 13 16 22 18 16 13 10 23 18 31 41 29 31 50 40 29 17 12 21 19 31 31 29 35 22 21 24 20 15 11 16 18 32 17 31 28 23 27 28 52 47 58 61 59 54 57 41 42 46 40 45 52 44 55 72 74 43 52 38 42 19 25 19 16 23
41 37 54 30 46 38 50 45 45 37 42 45 40 41 23 19 20 16 18 26 23 22 27 25 47 43 41 121 116 110 16 17 21 16 21 31 26 21 32 52 61 68 61 46 54 45 46 54 48 118 136 126 124 132 75 54 59 67 58 70 65 67 24 16 25 25 29 25 16 18 16 12 18 83 55 22 31 34 38 21
15 18 14 28 11 14 15 10 11 9 17 12 14 13 22 16 19 26 20 17 27 19 17 22 70 78 70 41 50 49 113 113 118 109 110 24 21 22 23 54 66 59 55 58 56 51 55 56 47 79 77 95 83 102 11 9 11 12 10 15 13 15 22 26 15 27 20 20 18 28 18 35 24 61 57 33 53 47 51 43
13 15 8 10 10 6 13 18 17 11 13 19 14 18 25 14 25 21 21 15 17 27 19 25 47 29 42 81 60 68 17 24 26 26 19 45 50 49 66 26 32 31 28 57 48 62 68 46 55 56 53 52 65 55 52 64 51 61 56 68 54 52 95 72 71 67 69 71 67 79 82 75 70 47 55 46 63 54 51 55
62 77 68 77 72 75 63 36 59 57 56 53 50 51 70 65 80 74 67 99 108 74 86 82 82 77 71 33 36 44 20 16 21 13 12 63 79 51 56 83 83 80 78 43 35 37 46 46 47 39 22 28 24 34 6 7 7 8 15 7 12 16 20 28 17 27 20 30 29 32 22 26 25 56 70 35 41 46 36 33
41 35 43 46 52 42 45 36 30 31 24 23 38 29 26 25 18 21 20 35 32 20 33 22 78 66 68 104 97 112 88 85 99 88 93 21 27 21 22 29 29 33 21 31 29 35 44 22 29 33 21 29 30 23 51 35 40 41 56 42 56 42 18 16 25 17 18 20 18 21 20 20 24 79 59 32 31 26 24 26
20 16 17 11 12 16 22 14 15 25 13 13 20 16 19 24 29 20 24 31 33 27 29 22 27 27 23 103 108 110 187 172 197 201 170 108 95 90 81 55 49 57 65 92 80 81 76 85 77 69 76 61 79 67 104 82 92 91 86 79 91 95 49 51 56 62 57 54 82 80 77 67 78 33 53 27 20 23 25 24
59 61 62 56 47 58 44 48 65 51 57 53 43 45 64 65 58 58 49 79 69 75 77 70 41 36 35 36 39 24 61 54 62 54 58 50 53 52 58 77 87 81 78 48 60 57 54 63 64 19 21 16 14 11 17 8 7 9 18 11 15 12 15 9 17 17 18 20 19 32 19 36 25 48 59 40 37 49 42 35
83 74 70 93 102 88 82 105 102 93 105 105 110 92 73 55 63 74 79 104 112 108 111 103 40 36 31 19 32 33 32 26 26 26 33 28 26 29 22 60 71 71 59 59 61 50 40 52 40 27 27 33 23 26 20 15 22 18 16 15 12 24 90 91 102 98 75 94 79 75 84 84 92 72 73 37 36 35 35 39
15 11 22 15 17 19 17 18 21 18 15 20 28 19 17 22 27 23 16 13 17 18 11 17 66 64 80 52 50 45 70 60 71 60 63 70 79 69 63 24 22 25 21 52 66 73 63 45 56 27 26 19 37 25 13 11 14 16 10 13 14 15 60 78 72 86 80 79 74 50 72 74 68 50 85 67 67 65 71 81
92 90 95 107 115 100 100 97 98 103 69 83 101 116 79 92 94 87 93 140 131 138 117 121 30 16 37 33 28 39 14 19 14 14 21 77 61 62 72 46 42 55 39 43 28 35 28 35 41 18 19 10 23 13 55 51 53 64 63 47 51 41 21 18 20 18 16 22 33 24 23 20 29 48 28 38 25 41 39 41
97 93 79 93 97 91 116 82 79 66 86 78 78 60 84 82 89 82 76 80 97 69 79 77 106 78 108 86 106 89 28 29 22 32 28 28 33 29 31 23 22 22 26 23 29 27 21 16 21 38 26 20 28 33 58 64 62 46 84 54 61 56 108 98 104 92 98 92 49 64 51 68 59 65 66 22 24 24 34 20
109 110 105 133 94 103 105 86 102 130 82 92 105 90 57 57 62 54 61 106 87 107 127 104 29 22 27 42 48 52 26 23 22 26 22 80 91 75 84 59 71 45 58 28 27 42 33 27 26 20 30 25 32 23 11 11 12 10 8 4 18 9 22 30 31 21 19 23 17 32 26 32 21 66 48 71 54 63 60 52
15 17 14 19 19 22 13 15 7 10 7 11 9 16 30 23 21 20 21 30 20 22 26 22 30 26 37 82 86 81 152 138 123 146 125 74 72 86 67 28 20 27 23 45 28 43 25 32 33 19 13 17 18 14 44 37 54 54 44 45 40 48 87 109 105 88 91 77 81 96 100 81 88 42 36 34 41 50 47 43
35 36 45 34 22 23 36 42 43 36 47 44 40 34 17 23 18 19 23 15 17 19 22 15 25 22 27 49 50 42 29 21 16 17 11 21 22 24 21 47 65 47 46 62 56 57 57 67 74 55 55 34 52 51 30 16 30 22 17 23 18 17 27 22 21 21 23 23 30 25 32 23 26 50 56 65 59 66 56 80
37 32 44 37 45 46 45 63 77 72 70 65 80 56 71 60 69 80 71 85 86 90 93 107 51 49 44 42 42 26 14 19 18 18 18 27 25 26 44 19 27 21 30 20 27 25 22 21 26 77 94 93 91 80 68 69 53 53 79 60 65 76 95 107 85 85 90 109 41 63 52 41 48 35 43 43 44 47 37 42
16 20 23 16 22 18 21 24 18 16 25 15 18 20 33 26 28 21 33 32 28 28 31 27 106 90 101 34 35 40 31 22 21 22 20 23 39 27 32 14 24 24 16 13 20 21 19 14 17 53 63 66 59 59 38 36 37 35 46 47 32 28 16 13 11 15 18 14 24 19 30 32 33 49 53 34 49 52 46 45
22 16 16 12 19 18 23 9 12 10 14 8 17 13 28 22 24 22 20 25 20 23 20 21 25 28 28 47 28 40 38 30 32 16 27 32 32 26 29 31 13 23 18 17 22 25 21 16 21 28 28 25 31 27 38 55 46 48 56 40 47 51 26 29 18 24 27 18 30 19 33 33 29 37 39 14 14 20 15 13
21 12 18 26 18 22 13 15 11 14 15 11 9 11 28 31 35 23 29 17 11 19 18 12 79 79 76 116 124 121 91 88 93 73 82 26 24 24 18 24 23 25 19 19 21 20 19 33 26 57 59 48 41 57 74 76 70 72 71 61 72 67 79 77 65 65 92 84 67 51 75 64 60 53 53 9 17 15 20 15
33 35 29 37 26 34 48 35 35 31 38 33 38 36 26 23 33 28 32 24 35 28 31 28 56 47 44 35 34 33 66 71 62 77 64 84 70 68 67 36 36 32 38 19 8 17 13 10 8 81 90 82 73 77 49 39 48 43 51 51 53 42 15 10 12 7 11 21 28 21 19 26 24 53 49 70 65 70 61 63
11 19 13 15 15 18 19 4 19 15 14 14 14 17 19 28 27 26 27 21 25 19 29 18 83 64 83 34 22 32 26 31 24 32 17 26 32 35 30 65 69 53 62 69 64 63 61 73 66 20 16 20 17 8 54 47 56 48 57 53 57 62 25 26 19 18 20 23 23 24 28 26 25 65 57 22 29 34 21 22
16 7 8 11 18 8 11 25 11 12 11 12 15 25 22 28 25 27 20 27 30 20 31 20 31 44 35 27 26 26 23 29 38 31 24 20 35 27 24 36 32 37 37 59 53 64 69 63 40 18 11 18 21 17 54 44 58 54 41 52 46 52 60 52 77 80 54 67 78 99 94 82 95 52 46 16 20 20 24 19
64 61 70 54 78 78 73 41 35 62 69 46 75 59 63 66 60 70 66 79 65 80 76 79 32 20 38 29 25 31 168 173 182 181 194 162 147 168 147 64 48 80 74 53 50 48 38 40 45 24 25 19 35 23 65 59 59 58 50 56 66 37 12 20 10 13 14 14 21 29 23 26 30 65 60 62 47 50 59 39
36 51 45 47 42 41 45 39 36 44 44 56 53 50 86 97 100 102 102 73 78 78 67 63 27 31 36 42 45 54 25 28 39 31 20 42 30 33 41 90 96 94 98 122 118 141 124 142 124 70 56 60 68 62 57 47 50 53 46 45 49 48 51 55 55 59 52 50 72 77 79 88 85 43 47 14 23 24 18 19
104 106 82 142 90 74 69 94 95 93 108 49 78 64 103 106 110 98 116 94 151 92 99 110 86 78 60 43 134 83 140 187 105 123 187 132 137 39 32 115 94 92 107 106 93 138 77 141 117 127 138 139 108 134 72 40 93 110 47 54 72 46 114 89 71 99 83 114 76 96 87 92 89 63 75 66 61 50 65 28
121 243 360 507 635 749 881 998 1139 1283 1404 1522 1644 1774 1882 1990 2105 2218 2339 2497 2660 2814 2984 3132 3250 3350 3470 3604 3741 3875 4082 4273 4491 4713 4927 5106 5269 5455 5618 5740 5861 5984 6116 6251 6382 6538 6675 6832 6969 7100 7251 7391 7528 7674 7789 7886 8006 8119 8215 8328 8429 8540 8660 8793 8910 9034 9168 9305 9396 9506 9617 9715 9821 9913 10008 10087 10171 10249 10340 10430
13 29 21 31 28 20 27 21 24 16 28 14 21 35 31 47 30 19 23 24 28 10 26 14 27 17 20 22 21 33 21 47 70 22 29 27 32 21 10 1
