40 80 60 68068
158 137 112 151 146 190 169 173 200 115 139 146 119 139 110 121 145 99 127 127 132 68 68 59 67 115 110 105 93 72 82 70 76 78 68 61 50 63 70 69 25 32 52 46 37 32 44 57 47 45 44 46 39 40 36 35 38 50 45 31 41 46 41 93 59 88 88 80 78 91 88 79 103 131 141 128 107 107 91 104
27 18 20 24 27 29 30 25 36 30 40 42 21 15 24 23 22 25 32 41 48 15 15 25 18 84 100 88 98 68 59 66 68 11 17 12 18 14 11 13 3 9 14 12 9 15 12 11 13 4 9 9 16 8 8 7 7 11 9 11 8 6 7 17 9 17 10 8 8 29 38 35 29 17 31 30 51 52 35 35
86 93 66 75 76 61 58 64 59 118 122 143 87 85 84 89 90 90 105 108 109 93 119 125 118 119 105 107 114 173 166 190 177 89 79 70 76 75 77 93 76 84 79 84 80 71 72 56 61 68 70 79 62 63 72 89 91 87 87 86 92 78 91 49 38 43 35 26 45 101 98 107 104 101 91 96 90 111 102 94
21 19 11 12 25 19 22 21 29 34 28 32 80 77 77 86 91 76 25 29 34 30 37 26 35 26 40 33 28 25 16 13 17 34 48 39 50 42 40 34 46 47 50 56 51 48 41 49 45 48 57 54 48 52 51 85 86 76 86 82 73 88 89 71 47 66 56 57 51 79 73 82 65 63 66 64 64 61 64 65
68 72 73 74 62 36 33 34 28 23 28 38 20 16 20 15 25 15 37 31 27 27 21 28 18 105 87 97 107 44 61 47 64 17 21 14 19 9 24 12 13 9 11 12 12 7 14 53 52 58 61 62 53 62 52 61 50 42 45 36 36 48 48 51 64 51 50 54 64 23 35 22 30 41 32 43 60 70 58 56
138 115 118 125 118 187 192 182 209 145 137 129 71 76 53 80 70 54 125 106 116 84 87 86 82 159 182 137 154 119 134 121 133 99 96 82 99 91 91 106 41 23 39 36 47 32 31 30 33 30 27 28 38 20 29 26 35 25 31 41 20 34 35 178 157 144 144 171 170 162 171 175 186 84 79 86 63 69 78 75
82 80 83 94 89 58 66 75 74 106 101 131 50 38 47 50 40 50 22 26 29 46 55 41 50 17 19 14 16 23 22 25 23 91 93 97 83 84 85 101 72 64 62 68 69 61 61 84 75 80 67 66 60 64 71 41 52 69 47 47 53 43 46 12 18 9 10 16 15 31 26 20 20 32 33 42 29 22 26 22
53 64 58 66 55 31 21 30 28 38 38 38 13 10 10 13 9 13 25 25 22 25 25 25 23 29 32 29 27 19 21 17 21 40 49 51 50 55 46 57 41 48 28 38 39 26 26 97 87 92 97 86 95 97 92 95 85 79 92 95 69 89 77 49 65 57 50 59 74 74 70 84 95 82 98 86 118 118 100 109
47 46 43 51 47 69 71 83 67 136 141 134 73 51 61 67 57 65 112 93 109 111 92 81 91 116 105 120 106 120 114 122 134 99 96 113 106 98 82 86 52 69 56 57 59 53 64 73 68 53 47 73 61 58 51 80 82 97 79 78 81 87 87 72 47 58 60 75 69 65 57 56 62 148 147 138 72 89 82 71
87 73 96 66 79 86 78 85 71 195 183 196 61 76 68 95 80 75 82 96 69 99 94 99 103 89 91 96 80 91 73 84 91 57 53 51 57 49 55 60 69 99 101 116 90 102 98 96 99 80 77 90 103 90 97 65 62 66 69 67 73 66 69 64 72 59 62 58 56 104 114 90 104 87 92 88 56 71 46 63
93 74 74 73 93 21 26 31 30 32 49 32 18 24 23 22 18 12 31 35 33 17 23 28 23 14 19 25 17 25 27 24 22 40 49 54 35 50 43 42 58 52 63 63 50 44 56 53 56 58 66 51 74 54 63 54 67 65 68 70 63 70 71 13 9 12 10 15 7 27 35 35 26 24 29 27 19 34 30 32
87 80 92 105 79 98 80 103 74 98 95 83 69 85 88 77 68 79 96 118 123 101 79 100 103 62 80 82 81 107 120 93 109 56 84 76 78 61 87 80 86 73 93 69 85 79 78 90 108 102 109 92 107 98 103 87 102 112 84 96 91 85 90 59 57 41 54 49 51 84 101 97 112 102 96 83 93 78 105 94
58 62 64 71 82 22 18 28 16 27 33 26 59 45 47 56 51 62 25 27 21 64 49 58 57 29 26 31 28 39 29 25 36 18 10 11 19 13 15 13 48 47 41 44 50 45 42 16 10 12 15 10 8 13 16 12 13 10 6 7 11 11 11 22 17 10 22 18 19 38 35 28 30 33 35 39 22 33 24 33
15 15 7 16 14 26 19 13 8 25 20 33 16 15 14 13 22 16 43 23 32 17 18 25 23 21 14 16 22 21 20 23 19 36 45 54 50 47 35 50 14 16 18 13 24 11 22 40 37 24 35 32 35 36 38 34 27 40 38 28 24 36 35 19 15 17 13 10 16 16 18 15 17 43 39 47 20 18 30 29
109 115 93 108 110 93 97 91 97 144 154 131 38 58 46 41 50 52 137 138 136 90 92 93 91 114 113 127 111 99 82 99 102 25 35 34 32 38 39 43 49 57 48 40 37 45 37 46 37 53 31 40 41 46 43 53 42 47 50 35 47 39 50 85 82 96 79 107 96 73 74 75 71 106 104 98 122 122 138 133
118 144 122 134 127 119 112 104 122 105 79 83 101 113 116 114 119 129 107 96 113 89 119 97 91 88 99 93 112 45 62 63 72 33 42 40 32 38 41 42 56 50 58 55 65 63 59 57 29 43 28 34 28 38 33 59 53 53 58 63 51 59 60 113 103 102 104 126 117 115 116 114 111 93 77 70 112 106 123 111
18 21 18 18 22 21 20 10 16 35 37 50 14 9 10 13 16 13 39 27 43 26 27 33 25 77 93 93 89 109 93 93 82 65 71 69 77 56 85 68 81 98 78 70 63 68 68 46 38 40 45 57 47 39 42 38 35 39 32 42 40 33 35 54 50 52 35 54 52 11 19 23 13 43 40 35 25 28 19 32
21 18 23 16 12 19 22 21 23 114 110 106 39 55 47 37 50 61 30 36 33 17 28 32 25 73 76 69 69 72 48 57 66 79 85 85 69 74 86 81 70 75 80 81 64 78 74 96 80 95 104 84 92 108 76 90 79 83 74 98 84 96 68 73 73 62 73 66 68 76 77 88 89 109 134 117 90 90 107 93
76 101 81 92 88 104 111 104 116 101 154 131 53 43 53 61 61 54 118 111 136 86 101 95 93 105 101 100 112 117 112 104 114 127 132 140 132 130 124 125 57 64 57 63 56 72 50 79 88 83 72 75 69 88 80 61 63 82 77 64 74 66 55 83 119 90 112 95 108 194 162 155 178 118 114 118 68 79 63 59
13 17 16 14 14 38 45 44 49 34 35 40 57 68 69 78 73 72 35 29 34 50 63 45 52 85 91 88 91 50 57 70 59 44 45 50 37 50 44 50 44 33 33 42 36 38 46 60 61 47 67 69 59 64 79 100 86 92 101 84 82 92 109 34 33 40 34 33 23 47 52 47 54 80 75 85 76 62 69 76
17 27 22 22 18 61 56 55 54 45 40 35 17 18 21 20 17 12 46 40 36 20 22 29 22 36 35 27 23 26 17 21 14 36 19 30 26 25 26 33 42 46 38 37 41 49 36 86 82 100 101 99 92 95 87 49 59 46 50 53 56 31 57 101 76 113 91 83 94 77 77 83 71 72 75 90 114 97 108 114
56 52 49 61 55 81 61 76 63 46 45 32 8 11 12 17 11 8 38 37 20 20 22 26 18 27 33 32 27 22 21 19 16 10 9 12 12 10 10 9 15 13 7 13 11 19 10 11 17 9 7 6 8 7 9 9 10 18 13 7 19 14 14 48 48 54 53 52 37 25 25 21 32 25 20 29 42 55 54 42
66 77 77 72 85 20 19 19 18 27 27 40 61 49 74 79 57 90 22 20 26 26 27 31 20 23 33 31 29 24 25 27 19 46 60 46 40 39 54 56 58 42 40 45 35 33 44 34 39 37 32 39 45 39 43 35 33 28 30 40 39 35 33 21 16 12 9 11 21 24 21 21 21 36 34 29 20 19 21 20
18 14 11 15 12 22 18 13 21 27 41 47 67 58 53 46 57 51 26 23 20 17 27 12 14 60 54 56 54 79 82 85 77 16 21 14 9 12 8 9 11 10 10 8 8 10 11 43 61 43 45 49 58 47 53 54 70 61 65 54 52 57 53 20 21 15 20 18 17 23 18 17 20 33 17 28 26 30 23 33
61 49 67 53 48 64 77 63 67 221 228 253 63 54 71 70 64 64 126 127 147 118 114 109 115 78 97 85 100 80 105 74 95 56 70 56 61 52 64 80 95 74 80 82 84 98 101 59 51 55 44 53 39 48 54 48 40 35 18 48 46 52 45 82 99 93 83 87 88 166 137 145 144 102 91 108 76 82 75 82
22 21 17 18 26 19 22 26 18 38 48 42 23 21 15 17 25 23 43 36 42 34 30 24 25 105 93 94 88 76 66 67 71 51 36 46 47 42 47 45 27 33 33 29 31 18 28 51 43 50 38 43 59 38 49 31 34 24 35 39 34 33 42 25 17 15 16 19 22 21 24 24 17 26 35 29 58 59 42 61
23 21 17 24 29 47 49 55 51 19 43 28 18 12 22 14 14 17 37 35 47 62 59 58 66 13 20 20 18 28 32 34 36 47 59 53 52 50 64 59 43 48 47 51 47 46 54 52 52 53 48 38 44 45 58 47 44 52 54 56 47 48 49 54 54 58 61 55 51 82 58 70 70 61 56 78 78 77 81 71
64 64 61 66 62 104 99 114 105 40 46 44 13 14 12 13 15 11 34 29 31 20 22 28 21 17 22 16 15 31 29 34 25 66 76 69 63 58 67 52 72 71 54 70 72 66 75 93 78 86 79 69 74 85 84 85 76 72 81 87 83 84 88 94 100 96 80 81 105 190 184 184 152 130 122 118 128 132 117 130
80 83 89 78 85 92 85 91 88 25 22 35 55 68 55 69 71 57 25 46 33 49 58 69 50 51 59 71 59 84 111 96 88 79 60 62 59 70 51 58 32 24 20 30 25 33 29 29 20 22 27 15 32 23 24 26 31 22 39 31 38 33 28 22 10 17 13 14 12 31 33 26 22 31 19 18 30 26 23 35
78 71 81 69 85 88 108 95 81 31 26 25 22 8 18 16 14 18 24 46 46 23 22 26 20 31 16 31 29 20 32 28 14 80 75 62 75 69 80 49 57 62 50 70 68 78 73 122 122 113 105 122 130 123 129 63 105 75 85 92 72 82 105 46 52 36 37 48 35 69 69 71 65 112 138 117 122 121 118 137
27 22 22 33 21 31 29 33 28 36 30 34 17 21 18 15 12 12 35 33 22 63 81 73 54 24 25 21 26 23 27 21 29 52 60 40 48 60 50 58 62 86 69 81 61 68 52 44 45 28 35 34 44 35 32 29 43 43 32 39 34 41 36 9 14 16 17 16 14 24 23 23 19 34 40 33 45 39 40 47
50 40 39 63 39 72 46 64 55 97 91 114 50 56 45 63 53 59 41 38 29 27 33 25 21 25 18 27 20 35 32 34 23 54 54 54 61 42 46 51 83 87 80 85 96 87 84 67 51 52 59 47 46 57 41 79 94 83 93 93 70 88 96 47 43 34 44 58 42 101 82 100 94 86 96 81 81 93 76 77
23 16 23 16 29 38 34 38 37 24 20 23 44 49 45 43 44 56 35 41 28 42 48 44 56 21 15 16 20 32 29 23 20 12 11 13 15 10 11 9 14 21 21 13 24 10 24 77 62 55 68 55 56 72 63 62 52 48 57 66 68 52 48 19 18 16 25 20 12 22 28 27 29 24 28 28 22 20 24 20
83 73 84 81 88 82 88 81 89 85 90 104 41 41 61 56 53 44 159 154 142 131 131 151 131 158 158 186 158 138 122 134 141 73 80 55 72 75 71 82 67 68 49 65 58 55 54 118 98 118 106 116 110 117 101 86 94 72 77 78 81 62 81 99 121 121 119 96 120 111 88 97 118 172 151 158 164 173 187 169
16 24 33 24 23 15 23 20 18 34 27 41 36 38 36 49 46 57 38 21 23 26 26 24 29 22 18 21 19 30 24 39 26 15 16 15 18 19 19 21 12 11 7 9 8 14 5 9 8 12 13 15 7 6 6 11 6 16 15 19 12 12 13 49 66 60 66 65 63 94 104 103 88 21 28 41 33 19 30 36
50 57 48 46 60 22 20 14 10 26 27 25 57 71 62 75 67 89 33 36 25 37 30 22 31 87 110 100 91 63 63 61 51 55 51 51 49 46 44 61 6 7 15 12 13 15 16 68 55 71 57 58 52 58 70 63 69 56 58 52 55 55 64 29 17 16 28 16 15 16 18 17 32 28 24 29 34 24 32 41
23 21 12 13 27 30 33 25 35 26 17 27 53 57 49 59 60 50 26 21 29 34 33 41 23 36 34 27 27 30 28 32 36 32 39 26 33 25 29 34 32 33 30 33 34 34 37 39 33 48 34 45 49 42 46 30 63 50 47 38 50 45 40 15 23 17 19 21 27 22 24 21 23 26 36 22 20 17 22 19
137 113 108 112 103 101 112 102 119 128 125 124 100 84 86 102 113 83 87 89 85 77 72 66 86 101 96 83 85 120 102 99 121 126 141 126 137 134 125 135 113 88 97 98 109 98 86 83 102 72 77 84 94 84 97 48 78 71 48 59 55 70 68 101 101 111 92 86 97 73 62 82 64 128 155 165 102 127 114 113
21 22 19 19 26 59 60 57 72 30 42 30 20 15 11 12 10 15 32 31 35 48 62 45 59 35 25 26 34 34 35 28 25 22 8 17 19 22 14 24 35 31 53 45 27 37 52 9 10 13 10 14 10 13 13 15 17 15 20 12 12 17 11 71 56 65 64 61 65 63 79 51 55 25 34 36 23 22 32 23
19 20 20 20 23 48 53 64 65 118 129 124 39 43 43 52 49 37 23 24 20 26 20 24 15 21 17 21 26 10 27 20 30 41 50 47 46 41 45 43 68 74 62 73 62 68 73 32 33 32 34 29 30 37 31 46 46 48 44 37 50 43 45 12 15 14 12 16 12 35 32 23 32 45 27 27 27 13 23 20
175 334 469 636 798 1008 1220 1421 1652 1896 2148 2427 2559 2713 2842 2976 3137 3280 3456 3626 3789 3934 4079 4246 4391 4567 4768 4974 5149 5340 5524 5734 5930 6071 6227 6382 6534 6682 6821 6971 7096 7206 7318 7447 7568 7681 7793 7928 8063 8194 8315 8450 8594 8730 8873 8984 9101 9225 9337 9446 9548 9655 9776 9973 10147 10306 10465 10654 10842 11056 11259 11462 11668 11858 12030 12213 12394 12585 12792 12979
11 59 4 14 38 9 20 16 8 13 31 9 36 62 10 10 22 16 9 19 21 58 36 25 8 46 19 13 27 16 26 20 47 13 42 32 40 9 43 43
