40 80 60 67120
54 68 40 36 42 36 31 34 28 23 23 19 25 25 13 21 25 25 36 19 58 55 33 28 26 36 46 38 29 53 60 43 55 42 38 43 48 58 59 52 61 70 61 69 76 61 67 59 77 24 29 21 21 32 21 17 19 23 23 18 86 88 88 77 95 89 79 141 140 135 115 137 114 95 108 94 104 95 92 106
211 189 143 141 143 98 113 99 102 64 65 72 68 69 69 82 66 73 59 79 228 184 93 108 91 97 132 135 143 95 117 101 104 99 101 82 100 86 107 116 110 106 116 118 99 118 118 103 117 107 134 111 129 123 120 127 111 121 120 108 53 46 63 60 51 69 66 77 89 87 99 78 105 104 116 98 101 107 116 95
200 171 122 112 132 185 185 192 155 114 109 97 98 108 111 154 135 122 134 139 185 199 106 104 93 85 172 170 169 86 97 98 101 107 91 101 94 92 78 81 80 86 94 80 81 74 79 106 77 137 120 112 125 123 100 93 107 109 104 95 103 118 75 96 93 120 88 144 141 142 151 129 180 168 165 201 191 190 213 173
56 56 40 29 37 29 44 20 27 19 21 26 9 22 28 81 77 74 84 93 57 65 31 28 32 22 35 43 29 10 10 15 10 8 11 14 16 10 28 35 31 36 31 34 36 36 36 24 46 27 27 26 25 10 17 19 18 21 20 14 17 20 15 18 22 14 12 64 54 46 50 52 24 23 44 32 24 27 33 30
59 59 35 39 40 24 33 19 36 52 49 46 47 55 49 26 20 22 29 22 57 47 89 79 112 102 31 37 38 40 47 36 55 47 40 42 48 39 52 67 60 85 66 61 58 61 68 53 69 65 72 85 86 75 72 67 69 83 65 69 70 77 79 86 66 81 84 42 44 53 60 55 27 34 24 28 29 28 40 31
60 61 42 43 42 34 15 35 26 16 15 27 21 24 19 21 17 18 21 28 54 59 33 39 30 27 93 78 90 106 81 103 94 114 80 105 111 120 93 82 72 85 74 75 83 75 86 70 97 80 76 69 72 93 71 73 57 63 90 77 18 15 20 14 16 18 17 21 29 26 26 24 39 29 30 28 24 39 33 24
63 63 89 88 79 109 110 101 104 64 68 69 71 76 56 84 78 57 69 76 57 69 99 94 100 104 109 105 84 43 37 35 29 39 36 42 39 25 16 10 20 11 6 7 11 10 13 10 8 20 27 25 24 24 19 15 16 15 15 27 13 17 10 19 25 9 22 30 22 31 22 25 35 29 34 31 30 32 34 29
59 70 74 93 67 25 33 25 32 14 20 24 22 13 20 72 63 78 80 75 59 54 29 28 26 27 30 43 36 49 41 44 49 44 36 46 49 41 71 62 58 62 68 68 56 63 91 81 82 29 25 21 16 23 15 26 17 20 20 22 9 18 13 16 17 19 13 41 48 47 48 39 31 26 21 29 37 36 27 28
61 46 76 84 83 29 34 32 29 24 24 19 23 15 22 80 67 84 73 84 61 44 36 33 32 27 41 35 43 41 32 59 32 42 49 32 42 38 46 40 44 46 42 45 47 36 32 33 31 25 19 26 23 27 66 57 62 75 58 65 15 8 13 19 15 18 17 22 23 28 18 19 25 34 27 34 28 28 24 34
54 66 90 72 68 40 24 32 27 19 28 24 17 17 21 24 20 21 25 29 57 60 107 109 83 87 44 40 37 49 42 38 42 42 47 53 32 45 74 72 79 65 65 70 65 79 68 57 65 75 79 82 70 83 120 123 117 93 141 135 73 59 78 47 67 52 54 26 19 20 17 31 33 29 30 28 37 29 21 37
76 46 46 36 38 114 83 109 106 71 58 75 67 69 62 69 88 71 78 69 71 49 37 27 39 25 45 40 37 111 116 116 107 111 106 94 100 112 46 63 40 68 57 45 67 64 63 59 62 72 75 88 73 82 58 54 72 56 75 74 50 57 49 76 63 47 55 22 27 30 29 20 32 37 20 36 31 27 33 24
197 191 138 133 104 186 169 197 190 151 130 160 143 163 160 143 134 123 146 145 182 192 99 99 100 108 135 129 120 93 102 102 92 82 91 84 90 95 73 49 47 71 57 58 53 58 65 57 39 79 75 76 69 71 63 60 71 63 66 78 108 82 83 78 101 93 106 73 72 64 87 98 97 93 113 96 113 101 100 106
51 54 33 42 31 29 26 35 25 54 47 50 59 38 51 22 23 31 25 27 65 64 92 103 108 83 36 31 38 56 34 50 62 46 50 34 38 42 79 73 69 69 68 59 66 60 68 74 62 74 92 81 71 87 71 63 58 52 59 79 53 51 68 72 43 60 60 20 26 22 29 24 30 28 32 24 29 22 36 26
58 64 35 41 40 27 37 33 29 47 62 68 62 65 56 25 25 30 22 24 57 49 29 39 25 23 45 48 36 38 43 42 39 43 39 58 40 52 41 47 32 40 47 34 37 35 29 28 39 85 65 79 63 79 68 67 67 68 95 73 90 103 96 108 114 112 103 78 71 81 80 80 108 114 126 122 125 132 113 104
56 61 43 43 42 105 86 97 111 62 75 77 65 80 79 77 91 78 78 78 55 53 40 33 30 21 44 41 34 93 100 92 79 96 102 104 106 101 54 61 54 51 58 56 58 49 55 45 72 77 76 69 71 79 62 56 55 65 65 50 65 61 65 67 73 73 69 77 90 87 99 71 111 98 110 92 116 105 112 110
58 51 31 38 44 112 112 102 112 112 119 112 106 94 101 65 69 74 61 84 66 49 34 28 32 31 104 100 102 42 39 33 46 35 30 37 37 45 30 26 40 37 26 37 24 38 40 33 30 17 27 34 24 23 64 65 49 76 62 67 23 20 10 19 9 15 23 28 23 23 30 23 24 31 36 34 25 34 34 23
69 56 46 37 42 117 125 96 106 104 126 128 114 92 104 75 67 64 72 63 64 55 33 24 26 28 34 41 29 12 11 10 17 11 15 18 13 18 31 36 46 26 29 32 26 36 40 25 38 24 21 20 27 21 21 17 25 20 25 19 27 16 22 17 18 11 16 29 26 24 16 25 34 31 28 27 30 33 29 35
207 205 133 110 120 165 154 154 139 111 115 106 122 106 115 119 134 155 144 125 220 181 108 99 86 95 123 129 118 106 92 74 89 92 77 93 76 120 66 51 67 58 55 55 58 67 64 61 51 79 77 80 99 64 66 51 67 49 68 60 145 137 134 136 133 126 121 128 138 125 125 135 176 165 173 170 176 195 210 207
210 211 135 123 119 177 190 161 179 96 99 96 118 95 106 142 137 143 156 139 181 170 95 103 109 102 187 178 170 88 103 87 90 106 109 98 84 101 75 73 101 94 84 90 90 86 77 71 77 69 92 85 88 77 47 63 62 54 72 59 55 58 60 51 60 60 42 80 69 73 78 85 81 97 93 128 85 77 88 100
66 55 31 38 36 28 25 24 31 19 17 17 24 19 21 24 21 30 17 28 62 64 93 79 80 72 37 38 32 58 68 78 76 72 79 67 82 76 65 67 55 67 68 50 61 56 62 66 55 79 80 81 84 77 76 55 65 62 66 75 53 63 59 57 59 56 50 74 89 83 72 76 115 125 100 120 105 129 117 117
177 204 116 118 147 190 186 172 193 112 140 132 133 130 145 114 126 116 108 121 208 173 126 100 105 102 105 132 121 118 96 89 107 111 85 99 101 102 113 121 119 121 121 91 115 117 115 114 89 133 118 121 117 127 143 187 168 189 168 181 67 54 44 60 50 62 56 77 68 82 60 78 88 94 115 109 103 110 97 105
66 64 40 37 32 34 28 34 26 18 20 21 16 23 16 65 77 74 78 64 58 66 92 104 109 90 32 37 35 36 49 38 44 41 40 43 42 54 36 29 36 52 38 30 32 28 40 25 40 24 24 22 31 26 29 15 17 20 14 15 63 64 45 66 73 64 67 30 22 17 19 28 27 34 25 20 26 28 28 30
63 44 82 72 85 27 31 34 36 23 16 17 16 21 19 25 25 26 19 18 57 70 30 31 35 33 32 43 30 10 14 18 19 12 7 18 8 6 39 33 45 47 35 45 46 36 28 39 27 27 25 24 30 20 18 26 16 21 20 21 65 56 56 68 64 55 64 78 77 92 92 81 107 129 115 92 103 132 108 128
59 64 71 87 91 31 24 35 34 43 55 58 61 42 59 72 84 88 83 76 53 56 29 25 31 35 41 40 37 41 54 55 38 32 35 35 47 47 46 36 41 33 40 34 35 40 33 37 32 23 23 20 26 18 16 16 24 10 21 22 17 17 22 18 12 25 18 23 22 26 32 26 31 20 31 23 27 21 30 28
186 197 115 124 109 166 179 158 178 122 97 104 97 95 113 118 140 113 114 104 172 178 108 96 105 107 122 123 137 127 131 119 130 139 143 120 131 126 101 78 99 95 88 82 85 82 100 104 87 147 101 102 124 132 118 124 110 105 137 134 105 115 104 88 81 98 99 151 134 133 138 134 173 146 155 189 158 168 190 184
61 43 42 38 30 34 21 32 22 22 22 23 17 13 14 68 77 91 71 85 61 54 106 101 100 73 42 36 35 44 45 49 40 46 48 47 42 46 39 47 36 36 28 45 39 34 46 43 42 26 21 28 25 11 23 17 14 29 18 13 81 68 52 69 55 51 71 22 28 20 27 31 36 36 28 28 35 36 25 30
57 66 39 36 48 25 27 27 32 43 56 47 49 57 56 73 73 81 67 63 51 74 37 24 35 25 37 40 42 84 83 69 84 85 78 82 92 78 74 80 76 84 83 102 90 92 67 90 78 85 71 93 93 88 75 63 54 62 71 61 15 19 19 7 19 17 16 20 25 23 27 22 39 27 29 28 21 38 29 27
58 67 39 53 31 109 102 108 94 99 88 93 100 97 95 65 75 63 73 70 54 53 30 25 27 36 36 42 35 50 51 43 46 52 50 42 53 44 72 51 57 54 66 61 64 56 64 55 70 22 25 19 23 19 21 19 15 22 20 22 81 72 63 58 78 77 72 47 49 54 34 42 33 28 25 30 23 26 35 28
60 46 43 31 47 31 21 37 25 58 65 34 61 55 54 24 17 28 17 23 65 60 80 67 91 83 83 112 98 41 41 33 40 29 35 39 42 41 34 29 47 31 37 34 38 38 33 28 36 24 30 16 23 23 19 27 23 14 24 17 11 13 14 15 21 17 16 30 21 22 21 19 21 24 33 32 31 31 26 33
68 61 41 41 37 31 27 21 32 19 32 19 17 21 20 19 28 31 21 19 49 57 91 94 106 92 94 98 95 48 56 43 38 44 44 48 51 38 35 36 33 31 44 32 43 39 35 24 37 85 73 81 81 61 73 54 80 69 68 78 21 14 16 14 14 14 13 56 44 44 58 57 19 29 38 27 28 21 27 33
69 46 91 93 71 29 26 39 32 13 21 26 18 32 17 26 20 19 19 20 57 72 25 36 31 32 41 32 40 93 78 96 86 83 81 74 85 83 60 54 68 61 56 69 60 62 59 57 51 80 69 77 86 75 68 75 73 75 59 77 92 112 125 115 107 96 100 78 77 81 81 92 112 112 114 127 96 93 105 97
50 61 35 49 34 30 35 24 30 21 18 16 17 13 19 73 75 70 74 82 59 45 34 23 35 20 100 92 81 39 48 55 39 41 55 48 45 62 62 67 51 57 68 58 56 42 67 55 59 72 84 74 96 72 60 65 52 64 59 71 35 31 28 33 39 34 32 71 81 73 78 65 31 29 31 32 31 31 26 27
62 51 32 43 40 25 25 41 37 45 49 53 49 44 51 27 21 21 21 19 53 62 30 32 36 29 101 101 104 12 4 20 13 15 10 12 11 11 36 34 36 35 44 21 30 45 37 38 17 22 18 28 26 28 19 18 16 28 25 21 35 27 39 38 44 28 34 54 71 70 63 80 35 37 28 26 23 27 36 22
192 177 137 146 126 100 94 79 98 93 120 94 115 92 96 86 71 99 79 81 184 202 88 97 105 74 195 188 192 97 101 110 102 106 98 105 89 108 85 102 91 78 95 93 83 82 110 84 105 139 125 141 148 133 123 110 98 112 96 97 114 98 120 107 108 91 105 125 129 132 142 164 181 194 179 200 160 142 174 195
40 72 35 46 39 29 27 24 31 47 53 57 64 53 61 26 19 22 25 30 72 55 29 29 29 41 40 44 45 47 33 53 42 52 39 53 38 53 72 67 69 57 78 49 75 72 65 72 72 81 85 94 77 81 75 58 50 69 67 53 66 82 72 85 81 76 72 65 67 60 87 68 28 23 31 29 30 32 31 26
53 58 36 35 36 94 105 87 106 104 92 83 98 79 115 81 60 82 69 59 61 58 22 30 35 30 105 87 97 45 52 49 33 45 39 47 49 39 40 33 27 31 38 37 37 38 36 26 37 70 85 85 64 97 63 71 77 70 80 57 66 63 59 59 67 53 73 100 86 81 89 98 103 114 100 97 118 123 95 101
217 195 185 185 173 92 100 90 98 73 69 63 65 69 59 91 85 80 82 69 196 212 114 113 92 105 130 158 143 131 118 122 122 111 113 120 122 148 122 110 131 127 117 116 131 114 111 127 138 164 131 149 151 150 163 169 184 165 183 190 51 66 48 71 49 51 57 87 88 71 96 74 113 129 95 98 99 106 109 100
62 65 30 51 38 29 25 18 32 18 21 16 22 25 20 22 18 24 21 30 54 72 32 29 26 34 44 41 34 71 92 69 68 66 64 83 64 83 90 105 101 94 81 90 111 100 103 100 96 92 89 77 81 81 51 63 58 63 58 62 110 107 126 110 102 123 119 116 106 124 116 122 132 113 129 99 113 121 99 113
57 67 36 37 41 26 32 28 27 13 28 27 14 23 22 26 26 29 14 25 52 57 32 28 29 29 51 24 30 63 65 70 61 67 77 71 85 74 74 62 69 60 58 74 61 68 76 72 83 21 20 21 23 22 17 17 17 20 22 21 58 67 53 60 53 68 60 74 81 84 78 74 99 79 108 104 86 107 112 92
71 56 87 80 86 33 17 40 31 20 15 28 16 27 15 21 32 20 26 27 60 65 28 22 24 35 33 51 40 70 66 68 70 69 93 67 68 72 48 35 32 42 27 43 38 34 46 29 40 91 70 83 77 71 69 64 67 78 60 71 58 58 68 72 60 55 69 53 46 55 47 40 34 25 26 24 26 33 22 33
240 473 678 883 1074 1284 1494 1712 1925 2092 2247 2424 2582 2762 2939 3109 3264 3436 3609 3770 4022 4256 4396 4521 4645 4765 4981 5189 5401 5546 5691 5826 5970 6124 6282 6415 6560 6724 6859 6993 7138 7279 7413 7544 7689 7820 7951 8092 8245 8426 8574 8739 8906 9072 9252 9459 9662 9871 10073 10283 10444 10596 10744 10895 11042 11182 11316 11483 11639 11796 11963 12144 12344 12558 12756 12978 13189 13405 13640 13869
33 9 5 45 22 32 32 39 44 29 15 9 21 26 21 26 29 6 8 13 11 38 36 47 13 42 24 24 44 35 24 28 42 13 26 15 9 16 22 27
