20 40 60 69368
61 59 46 54 44 39 64 72 61 68 75 71 46 58 49 55 64 75 36 44 35 33 32 47 34 42 60 61 57 56 65 63 73 80 72 67 85 79 90 87
69 84 87 80 87 93 90 88 97 107 101 48 47 44 43 50 51 63 42 49 33 32 38 78 63 65 70 59 53 72 58 26 26 25 34 33 30 104 83 89
51 43 37 59 50 58 44 90 109 92 109 45 64 56 70 75 76 74 105 139 113 116 111 67 64 82 70 64 55 60 60 28 34 29 35 29 42 79 93 81
73 88 67 88 72 74 73 85 101 104 89 80 84 85 92 84 87 74 97 98 90 98 98 78 98 81 71 76 97 118 107 124 141 117 143 132 138 98 89 79
44 43 44 49 44 39 43 75 52 57 38 101 97 99 83 99 107 104 80 67 77 67 75 111 96 101 88 83 108 110 110 59 76 69 67 55 69 131 143 145
70 51 53 59 65 50 52 105 95 104 108 51 40 50 38 39 40 43 37 28 27 34 31 61 59 74 56 55 71 71 66 66 73 71 72 64 72 64 67 63
23 42 26 30 23 30 34 26 22 26 32 69 73 77 65 76 71 88 79 72 81 76 91 44 43 33 47 50 61 60 50 55 73 53 66 57 63 77 102 95
67 56 64 54 64 52 43 60 54 60 65 15 15 5 8 9 6 16 18 16 20 8 12 17 25 26 29 18 10 20 20 18 15 14 14 14 13 34 28 29
34 32 26 33 31 25 31 36 27 25 33 9 14 15 9 15 10 11 10 12 20 17 19 26 29 33 30 22 32 26 35 8 5 10 13 14 10 35 37 29
58 43 50 57 53 47 61 86 87 99 81 97 92 82 79 81 91 87 125 111 128 110 129 87 96 78 85 69 64 61 62 88 97 94 99 74 84 54 61 46
20 26 25 30 28 34 31 59 50 45 43 60 84 73 90 73 85 76 64 47 68 66 50 83 68 66 68 53 40 52 47 33 31 30 34 25 39 84 79 84
38 40 51 46 41 40 55 30 26 30 30 57 40 48 52 31 48 67 86 89 99 83 60 16 19 29 20 29 24 21 20 65 50 51 52 50 49 47 38 28
41 37 43 27 33 43 28 77 72 58 82 70 61 73 66 59 59 60 48 42 43 55 47 61 73 70 66 47 54 50 43 104 100 109 106 89 105 52 66 48
38 34 34 30 21 35 45 111 90 112 106 107 128 121 116 111 115 124 74 64 66 58 61 117 91 97 114 143 143 142 144 76 63 64 79 77 78 151 132 165
54 54 58 53 56 56 51 31 38 31 31 32 18 30 38 34 37 31 65 74 65 79 88 27 23 20 29 26 25 27 27 17 6 12 16 11 14 20 25 25
51 53 53 51 56 55 50 65 51 64 55 65 60 33 60 53 62 54 40 50 36 32 36 52 46 52 31 67 66 63 61 109 102 107 107 89 86 53 40 67
23 15 19 15 18 10 9 21 27 29 31 73 66 69 44 59 47 56 70 52 77 71 67 54 58 59 58 69 49 65 63 74 61 47 82 65 70 68 84 91
49 41 41 27 49 38 49 64 66 66 59 115 128 108 129 122 111 120 88 70 68 77 80 54 29 48 30 45 45 31 43 40 47 48 44 48 47 90 86 105
28 31 22 30 32 27 28 34 25 27 24 15 14 11 17 14 16 21 7 20 16 18 26 19 24 22 23 21 34 26 33 13 19 16 16 9 11 31 29 22
31 39 34 22 31 28 36 51 47 53 38 106 108 106 109 110 100 100 84 83 88 100 86 68 65 69 72 42 49 52 55 92 114 88 98 88 105 64 65 50
74 163 251 340 428 522 613 725 835 948 1058 1174 1303 1425 1555 1678 1794 1919 2045 2185 2314 2431 2561 2679 2778 2880 2995 3139 3283 3426 3571 3696 3838 3956 4100 4233 4372 4524 4668 4834
42 26 22 20 18 33 37 92 160 26 48 45 43 25 68 29 57 34 142 33
