20 40 60 68093
69 75 56 71 74 78 58 85 62 44 60 49 57 49 94 81 80 70 88 78 86 85 88 97 87 86 42 44 34 33 26 20 30 27 43 43 46 42 44 42
78 76 72 71 65 75 94 62 64 61 88 83 83 57 66 71 71 91 89 42 27 47 37 47 42 38 46 39 45 98 96 114 92 94 46 49 42 48 39 48
128 130 133 109 137 125 113 118 123 154 135 136 143 156 147 123 131 122 126 86 120 96 96 93 83 98 111 108 98 124 138 137 147 136 112 118 104 99 101 116
51 55 57 49 41 47 49 57 50 31 21 33 23 25 24 24 22 21 28 19 17 21 20 16 15 19 32 40 42 29 31 23 22 26 47 38 36 45 44 53
95 97 97 104 103 94 92 93 84 68 89 94 98 110 57 51 36 48 43 56 70 57 73 60 69 62 49 37 46 87 86 83 91 93 43 54 38 42 47 41
125 104 121 113 113 107 115 124 122 150 153 131 126 142 123 122 125 116 99 104 102 115 76 78 87 88 108 110 104 62 86 68 99 59 120 119 115 108 120 108
23 34 19 38 26 32 23 28 23 53 64 49 62 44 66 53 59 61 52 68 60 78 71 69 71 64 46 46 37 26 27 22 25 22 52 35 38 53 41 42
80 85 66 97 87 81 82 85 92 102 74 103 97 101 43 44 48 60 42 37 29 48 39 31 35 37 45 40 47 18 30 16 30 26 34 38 55 38 47 33
98 94 81 95 86 82 99 83 100 106 108 110 104 119 73 75 98 87 74 68 50 58 39 62 61 69 42 45 47 95 106 86 88 92 51 38 36 40 38 53
106 124 138 119 120 133 143 133 96 137 154 155 139 123 94 96 95 76 90 125 91 105 110 94 99 105 116 96 112 59 79 64 83 82 129 135 107 133 131 110
82 56 95 77 83 55 55 71 54 49 41 52 61 45 50 51 49 44 50 73 69 80 65 63 73 67 35 48 36 85 81 86 79 95 37 44 54 39 44 44
103 98 95 95 93 85 97 86 90 114 118 103 104 113 67 90 79 71 69 85 69 80 81 82 72 79 130 128 111 65 79 66 67 67 118 131 135 116 123 116
18 8 13 19 19 16 17 9 11 22 26 34 31 24 22 32 18 25 26 25 22 18 21 18 13 17 47 39 40 29 34 29 24 26 48 39 46 42 53 44
116 95 87 115 107 110 78 108 89 94 102 91 98 95 115 110 96 114 98 80 86 80 78 98 102 103 48 44 39 91 103 81 100 110 41 43 43 51 43 42
22 18 8 16 12 17 12 14 16 32 18 39 31 20 45 51 53 43 60 58 74 72 67 65 66 69 39 44 38 27 32 23 25 27 36 57 45 41 49 50
38 28 15 26 33 19 36 41 21 56 53 45 53 51 78 60 72 77 86 86 87 93 98 86 95 81 37 37 51 30 20 23 22 32 47 38 33 45 47 45
132 91 91 111 112 112 109 81 103 119 119 133 105 105 81 69 73 75 68 82 83 80 88 68 67 83 114 105 117 124 123 149 158 117 119 117 121 117 114 111
110 98 97 88 107 115 111 101 98 106 127 114 115 102 80 71 77 81 73 53 60 49 47 48 56 64 141 122 111 131 122 112 136 139 103 115 98 107 110 98
26 36 30 30 30 23 31 28 31 60 60 52 46 47 62 53 52 59 51 79 54 61 54 56 64 62 34 45 36 105 89 105 93 103 48 50 41 41 49 48
119 136 108 125 142 116 112 104 123 77 164 169 108 111 133 108 137 134 93 119 52 78 81 51 80 45 150 53 51 102 149 130 168 139 99 82 112 112 104 72
146 290 443 575 727 874 1032 1179 1315 1485 1655 1827 1985 2158 2321 2457 2602 2737 2877 3016 3149 3277 3399 3508 3621 3738 3894 4036 4166 4311 4464 4629 4804 4958 5101 5251 5401 5548 5693 5822
61 52 17 127 26 20 74 46 42 20 43 24 175 29 97 59 25 17 45 1
