40 80 60 72899
81 86 71 79 110 99 108 94 92 106 94 114 94 98 90 90 76 86 94 102 116 135 114 134 129 99 84 91 89 98 88 88 86 66 99 82 80 82 104 116 109 129 137 122 87 85 77 99 89 83 87 52 48 73 55 62 114 127 107 108 91 65 66 70 73 67 82 66 60 61 55 56 91 64 87 71 98 80 90 74
68 65 92 83 124 84 101 100 117 122 115 113 105 117 91 79 88 94 87 95 81 66 52 62 67 36 45 51 47 53 40 42 41 48 54 42 43 45 51 129 144 117 125 117 86 88 105 85 67 90 106 126 111 100 108 114 130 152 161 147 134 136 118 112 103 122 111 132 122 105 103 106 76 77 76 68 53 77 91 70
18 38 30 20 34 39 32 40 34 41 28 37 30 14 15 14 16 11 18 12 22 22 19 19 21 65 57 58 70 49 60 66 29 30 33 30 35 40 45 93 78 75 79 86 59 57 57 40 56 57 52 115 137 138 146 148 74 64 70 71 73 49 57 52 52 69 53 63 72 58 60 85 23 28 29 28 29 30 26 20
94 106 103 79 155 129 134 113 128 139 154 160 136 56 56 50 47 41 52 46 69 78 60 70 87 94 107 117 82 89 104 116 62 38 65 35 50 38 60 17 21 17 26 26 22 13 18 10 6 12 13 58 68 66 67 74 23 22 16 25 23 74 72 74 91 79 72 87 70 62 71 68 21 21 32 29 28 24 29 22
25 23 23 28 35 28 33 32 31 31 32 32 35 106 93 82 94 95 93 71 96 80 70 76 84 48 56 44 51 55 59 65 92 77 82 90 73 67 84 25 23 19 18 22 50 48 49 41 49 28 45 23 18 22 16 21 70 50 51 78 50 17 17 22 23 13 17 22 25 18 16 26 28 25 30 24 28 26 28 28
27 23 27 22 38 30 26 38 39 39 26 33 38 12 16 18 15 12 11 11 22 19 25 23 26 18 15 15 17 16 10 20 29 43 34 29 33 41 38 129 137 118 124 123 88 98 88 85 103 89 78 83 86 81 76 68 83 90 81 76 73 71 56 64 49 72 71 66 70 74 62 80 122 104 92 96 102 115 100 94
25 34 18 16 29 31 33 43 33 36 30 30 40 18 15 8 10 20 9 13 19 24 27 25 20 63 67 58 68 48 59 58 14 18 18 17 12 11 17 73 73 57 73 78 55 66 66 55 55 49 60 74 75 57 76 64 19 18 26 18 22 105 84 89 75 104 87 78 81 88 89 71 102 109 96 90 97 103 73 94
63 62 75 60 45 36 32 43 36 36 26 35 48 12 20 16 14 16 15 10 24 17 23 23 23 68 59 69 66 54 51 53 28 42 27 32 44 34 35 25 26 21 20 21 37 49 41 40 50 45 52 25 18 20 26 20 21 28 14 18 26 42 37 29 39 41 37 20 27 20 23 25 29 20 25 23 27 22 29 36
87 90 78 88 114 104 93 96 107 103 86 94 95 112 108 115 126 117 113 115 97 121 131 101 95 94 77 86 88 65 82 73 76 82 89 87 79 82 80 62 53 50 60 54 61 49 55 36 40 47 38 56 55 72 57 61 90 121 107 118 91 104 132 140 120 126 137 130 99 125 121 105 163 153 164 164 138 143 130 161
69 75 78 64 100 106 99 118 115 103 104 98 92 49 52 43 50 55 47 39 81 64 62 75 62 50 43 26 48 40 34 39 64 60 78 66 73 63 68 62 76 65 61 75 52 42 44 42 59 52 48 102 123 120 101 85 100 112 97 103 100 90 101 114 114 97 125 114 95 109 85 103 82 82 86 84 80 74 72 84
133 134 151 119 150 142 120 132 124 140 123 127 136 96 98 100 86 96 96 97 68 81 88 61 86 102 101 97 101 83 83 100 57 61 53 46 43 54 47 73 59 74 74 69 77 101 102 80 82 94 97 15 16 19 28 15 18 27 19 23 27 66 64 57 59 50 47 63 55 54 62 74 32 31 21 28 20 22 33 26
32 30 24 29 45 37 32 31 41 33 75 77 66 67 51 52 45 48 61 50 24 15 24 12 20 60 67 52 71 51 68 45 13 18 16 13 11 13 15 72 72 60 76 68 49 67 49 53 51 46 36 14 26 18 16 23 22 27 24 19 24 35 44 30 34 41 42 19 23 24 27 21 23 21 28 23 30 33 24 26
29 23 33 30 36 36 23 38 39 35 35 41 34 63 63 56 58 63 56 46 75 71 81 76 85 119 92 99 105 98 91 95 52 54 43 42 49 51 48 75 81 86 74 72 72 72 86 70 88 73 83 63 67 80 73 66 75 75 84 84 67 57 72 70 68 64 75 76 84 77 69 90 88 104 98 95 91 98 88 93
32 29 20 28 35 38 28 30 34 37 30 36 40 83 104 94 86 85 77 79 85 90 78 68 86 84 76 97 88 89 73 94 52 48 47 53 42 50 60 19 24 17 26 22 14 16 13 22 18 10 18 17 25 25 25 23 26 17 18 20 20 84 75 81 61 84 83 72 77 76 69 72 23 20 26 33 29 24 17 26
26 20 24 30 34 32 48 23 46 47 42 37 23 61 64 53 44 56 47 60 60 68 64 74 64 44 53 45 57 61 57 51 43 62 51 66 57 52 55 94 70 87 79 82 45 52 54 54 49 60 55 71 69 73 56 94 68 70 54 77 66 50 51 65 68 53 57 58 79 73 56 72 21 25 25 26 22 28 27 21
103 93 83 61 124 148 145 132 116 147 123 151 140 104 98 99 93 104 120 85 81 58 56 80 67 56 59 59 57 67 62 47 34 52 57 47 52 50 46 83 87 76 76 73 56 47 60 42 48 68 57 144 128 153 139 123 63 64 79 73 58 82 70 69 83 92 79 60 63 69 58 64 26 26 30 25 29 29 19 29
26 27 34 22 34 43 39 31 44 34 33 46 22 45 46 55 54 35 47 51 66 74 83 86 55 63 64 58 50 60 61 40 78 78 74 75 81 84 80 24 23 16 29 18 54 50 43 44 46 49 41 17 23 27 18 21 63 50 62 69 54 55 59 68 60 67 62 84 93 77 73 85 114 93 109 98 83 87 95 93
86 94 82 90 117 151 110 135 118 131 164 123 151 78 93 102 108 104 95 115 58 82 75 69 62 54 68 75 63 63 52 39 52 33 53 54 49 58 43 68 83 64 76 75 41 53 45 56 63 63 50 23 22 19 26 26 18 19 20 20 17 54 43 46 44 60 50 71 75 68 74 55 24 35 25 26 32 24 26 32
86 90 100 102 116 125 125 146 110 112 115 111 116 47 50 41 43 64 48 45 69 77 88 79 61 52 48 56 58 50 57 43 52 52 53 49 50 36 48 23 28 14 13 24 48 52 54 54 53 41 51 20 15 28 22 14 65 61 48 68 59 125 152 124 112 143 119 132 135 128 112 141 84 78 108 106 89 74 92 93
73 81 81 77 112 109 102 95 90 100 97 117 102 44 36 38 42 45 38 42 60 57 63 42 53 46 35 50 61 42 41 57 44 47 47 49 48 54 46 135 100 139 107 109 75 71 86 93 85 72 89 116 103 119 118 113 105 98 112 101 110 99 93 107 113 104 104 97 95 86 108 115 84 88 80 88 79 77 69 86
89 120 85 107 137 119 125 148 133 134 145 142 127 102 80 102 84 97 88 87 144 127 133 115 131 87 79 92 76 85 81 90 103 100 86 99 103 95 100 74 74 75 89 84 43 53 57 47 52 48 51 97 66 77 78 78 106 108 102 95 98 64 60 81 73 84 89 75 82 69 58 71 29 23 17 38 27 20 22 30
21 24 32 24 27 40 32 39 31 41 37 31 36 59 53 54 53 61 49 53 88 82 71 86 79 48 63 47 50 50 50 65 54 48 48 51 39 47 48 114 120 95 119 115 104 98 103 106 95 85 107 64 93 79 75 77 69 68 78 53 80 57 60 44 62 50 54 66 54 60 55 64 14 31 28 31 32 26 31 23
107 99 100 82 137 158 112 135 131 134 145 152 143 62 61 43 48 59 66 57 83 78 79 66 82 60 60 45 37 53 48 47 48 65 45 40 52 49 47 20 22 21 20 23 51 46 42 42 52 42 49 69 63 91 82 85 58 56 63 49 56 51 58 57 53 51 62 64 73 70 69 71 26 24 30 33 22 25 28 23
97 101 106 93 105 115 131 111 104 129 105 126 117 90 83 69 84 75 86 90 125 152 136 124 128 100 100 86 79 80 91 87 103 98 94 99 107 118 105 31 15 25 29 10 13 15 12 17 8 20 18 21 19 20 26 20 74 61 57 52 82 60 47 56 56 56 64 72 67 85 70 62 28 19 22 25 28 37 23 23
55 59 43 63 30 33 31 31 29 37 62 69 72 15 23 10 13 8 17 19 19 15 20 19 21 23 13 15 18 12 12 14 20 12 11 16 20 20 9 147 140 144 140 125 115 128 122 100 133 105 94 78 84 93 86 67 107 118 128 109 105 16 13 19 16 20 19 16 22 24 19 20 28 27 20 41 26 28 28 33
25 29 26 19 36 36 31 41 37 31 41 40 33 92 88 101 84 105 101 79 85 64 63 60 60 55 55 48 63 55 58 54 74 66 60 71 54 66 73 80 73 65 82 76 57 31 54 44 56 43 55 76 70 71 69 64 69 77 84 62 64 65 61 68 76 64 59 77 65 80 63 55 80 86 102 104 73 94 95 107
59 62 46 68 24 43 36 45 27 38 41 35 38 22 12 11 16 10 9 14 24 37 15 21 18 18 12 12 18 17 9 20 44 41 51 34 29 27 36 76 56 72 69 69 91 77 76 76 93 83 89 26 22 16 23 21 29 24 24 18 13 97 93 95 112 65 96 133 129 113 109 110 101 94 79 95 82 86 79 94
23 32 30 30 47 39 29 31 36 30 32 38 42 90 93 94 85 92 81 87 63 80 77 74 72 73 91 95 88 71 100 81 75 72 84 70 81 81 60 21 20 18 19 23 58 42 36 64 42 45 55 19 24 25 19 18 34 21 19 20 14 20 17 19 23 16 15 17 26 24 26 21 33 27 27 24 25 29 25 21
95 97 92 86 127 114 140 127 113 109 126 124 125 44 72 45 51 56 50 50 84 77 93 80 82 55 54 45 50 72 53 48 44 45 48 47 54 53 49 119 125 117 114 101 88 80 77 81 81 83 87 76 93 73 59 71 100 121 120 114 97 60 74 53 49 51 53 63 73 65 69 69 24 33 35 21 32 20 31 33
22 27 29 25 29 33 34 38 29 33 41 42 31 65 75 58 74 45 44 38 65 73 82 65 61 58 61 58 51 55 43 62 96 80 85 83 69 78 64 25 24 25 20 18 8 19 17 10 17 20 13 66 70 79 70 79 14 19 17 22 21 43 33 41 30 39 52 18 25 19 15 20 27 26 38 24 27 23 28 28
125 153 132 142 140 125 114 134 117 139 105 115 120 86 99 75 89 86 112 82 83 85 83 68 86 45 49 50 44 52 54 46 54 49 56 41 40 54 48 70 80 85 76 77 72 85 89 79 79 81 78 23 18 18 20 15 15 35 20 16 23 108 101 101 97 114 88 121 103 128 116 131 113 109 91 80 98 70 98 114
33 26 15 33 32 40 27 41 36 34 75 87 70 102 93 83 102 95 117 104 82 65 63 83 71 57 61 57 54 49 47 55 86 80 84 91 78 68 82 74 53 77 75 86 49 46 52 42 61 39 58 27 15 17 23 29 25 20 20 21 26 18 22 15 30 13 17 22 18 19 25 20 25 25 33 33 29 25 19 22
35 25 28 27 30 21 45 44 35 31 29 34 32 16 18 12 21 11 22 13 23 27 17 16 11 14 14 10 18 15 16 17 43 23 41 39 34 40 46 80 74 65 69 55 45 43 58 46 40 64 55 22 20 17 20 20 16 20 21 25 24 58 51 48 43 53 54 83 69 72 68 66 27 22 32 20 31 22 35 27
37 25 30 21 36 29 37 33 26 40 24 35 44 16 16 14 9 13 22 11 24 24 20 20 20 56 68 55 39 47 50 56 42 38 35 43 38 35 39 22 15 24 24 18 17 16 14 13 9 15 16 19 27 24 20 21 59 63 63 44 69 75 81 73 76 93 75 76 85 72 85 93 99 100 88 104 84 90 84 101
86 76 69 71 100 111 114 98 115 104 103 102 91 82 103 89 74 75 84 72 132 128 113 100 138 136 121 123 136 149 151 139 78 90 84 100 99 81 93 134 121 126 117 120 84 83 69 89 89 84 71 111 123 129 112 106 132 130 152 137 145 55 48 54 37 50 47 57 59 64 63 62 81 84 77 72 76 73 65 66
73 63 70 60 27 38 33 35 40 33 33 25 48 16 19 11 11 8 17 14 14 21 16 33 23 17 19 18 10 20 15 11 14 15 13 13 14 10 14 69 67 82 79 82 71 77 62 82 79 81 74 68 57 85 75 77 83 66 69 82 73 90 95 84 98 91 107 64 80 78 70 82 102 96 98 120 77 95 98 93
118 126 127 112 102 97 118 112 117 111 92 128 109 46 44 61 45 46 47 49 51 65 61 75 63 36 44 45 41 54 47 48 70 69 61 58 60 54 48 133 139 112 100 113 124 104 111 96 140 110 111 121 121 143 105 139 149 161 157 171 147 111 106 109 102 91 106 103 110 113 111 92 136 157 163 130 160 150 143 186
80 78 60 62 102 95 80 100 111 119 139 137 170 84 76 69 85 78 66 73 116 126 100 84 123 97 84 91 100 68 86 92 128 104 119 105 106 136 99 80 65 46 65 72 49 47 55 38 42 52 45 52 69 64 55 67 103 109 104 106 108 56 57 52 60 48 51 62 53 59 57 59 74 86 75 87 78 78 86 62
28 22 30 25 27 32 50 34 26 38 28 34 48 8 16 15 16 19 13 18 19 18 19 26 15 15 17 11 14 17 10 15 45 32 38 41 35 40 38 29 18 22 23 23 11 14 17 15 19 15 10 18 20 16 19 29 22 23 19 20 18 19 24 21 17 16 15 15 20 23 23 18 25 20 30 34 18 29 35 17
151 175 166 166 210 186 233 197 229 251 189 171 205 97 55 89 125 104 94 85 139 147 143 126 123 87 101 127 92 85 89 136 136 111 98 62 107 98 112 141 105 98 74 133 93 90 126 82 110 118 73 150 141 156 99 121 156 159 112 132 102 133 151 123 114 96 124 146 130 109 133 149 156 168 85 128 84 118 113 126
164 348 525 701 929 1123 1380 1589 1830 2083 2291 2468 2680 2810 2930 3058 3198 3328 3461 3589 3748 3916 4067 4215 4368 4519 4653 4789 4940 5105 5272 5426 5568 5683 5815 5932 6051 6202 6319 6482 6641 6800 6955 7094 7231 7373 7508 7626 7781 7903 8026 8185 8337 8506 8668 8832 8997 9175 9353 9542 9705 9856 10024 10179 10312 10470 10622 10769 10919 11061 11195 11351 11531 11705 11886 12067 12244 12410 12568 12774
12 16 28 24 36 30 35 62 6 14 15 54 19 30 33 16 18 24 13 12 5 16 23 25 26 19 21 32 22 44 17 40 50 29 12 20 9 18 74 1
