40 80 60 67527
17 21 13 21 28 21 27 29 21 25 15 22 17 22 17 25 12 21 13 18 17 17 41 33 36 40 36 41 11 12 15 12 16 11 11 19 13 18 14 40 21 29 33 31 33 29 29 33 30 36 17 29 23 26 48 48 41 39 35 13 28 23 27 34 26 86 71 66 91 76 83 77 112 126 105 130 100 104 99 120
71 63 77 75 53 60 62 56 112 100 100 118 81 72 84 80 6 7 9 11 11 13 36 52 52 40 47 42 60 71 53 52 59 56 67 87 69 69 80 45 48 38 50 35 46 49 40 40 42 52 61 45 45 22 23 26 15 23 34 45 31 43 36 38 35 45 60 47 56 90 88 75 72 84 80 78 129 152 142 137
98 60 72 77 71 61 60 62 69 87 94 83 102 83 94 102 47 51 52 34 47 46 80 54 64 58 76 60 71 93 73 81 99 69 119 118 131 115 124 151 138 151 137 126 51 80 68 71 70 68 63 80 62 80 63 62 61 78 79 79 92 82 108 93 78 88 77 88 92 107 98 99 59 61 48 54 73 64 89 74
88 82 91 88 92 96 83 84 85 109 89 92 82 93 76 65 57 59 53 68 58 57 78 87 84 81 70 81 63 60 64 64 77 68 73 55 60 80 68 90 117 110 100 100 83 79 75 71 69 82 84 76 83 77 80 65 52 71 65 62 66 56 54 61 46 119 102 114 99 89 96 74 76 75 77 71 83 71 85 83
64 65 72 49 75 61 59 48 82 90 75 87 70 81 97 65 35 41 36 38 34 32 57 46 53 41 58 45 83 100 71 72 72 99 68 80 77 70 80 107 92 121 111 108 54 61 51 46 60 59 53 56 62 58 52 47 61 51 58 60 68 59 75 70 68 88 81 63 64 172 154 150 56 54 49 41 67 56 61 59
28 28 29 28 21 25 25 26 24 15 19 21 27 31 29 21 25 44 39 41 37 35 72 83 81 68 68 75 70 57 74 45 59 59 89 105 121 101 108 32 30 32 35 26 44 48 35 43 35 47 36 44 33 44 35 35 42 37 42 72 64 64 74 58 52 32 33 34 43 40 27 18 15 16 16 19 23 26 23 26
18 20 18 15 16 21 16 16 24 30 24 27 11 16 17 18 28 34 30 38 37 47 46 55 50 48 49 40 93 68 69 71 79 70 60 53 57 49 53 33 27 24 26 23 32 32 27 32 22 27 27 21 33 38 47 31 49 37 39 32 27 36 41 34 30 87 91 108 104 103 104 92 92 96 95 83 99 112 107 115
68 67 73 58 60 53 60 57 73 65 73 77 53 69 54 52 17 20 15 15 18 14 43 49 43 38 38 43 42 35 37 36 38 50 18 21 16 11 13 29 31 25 32 30 21 19 29 24 25 33 28 29 29 27 40 31 28 38 31 26 29 43 36 33 29 23 24 24 22 18 18 22 19 18 14 17 20 12 16 19
21 22 30 25 16 19 25 26 23 23 23 20 22 27 27 16 78 59 66 59 83 55 59 82 60 63 79 81 78 69 74 75 78 79 70 69 87 92 70 42 44 36 43 43 37 42 60 50 51 59 40 44 50 20 21 23 33 17 16 33 42 28 46 37 32 28 30 26 28 21 27 23 16 9 16 20 17 21 19 28
19 32 30 28 23 21 25 36 28 32 21 18 15 16 19 18 79 64 89 85 80 76 19 27 23 30 26 26 40 48 43 58 46 53 82 88 80 81 81 54 58 73 60 49 50 47 46 51 43 46 46 46 45 8 10 9 9 10 17 32 46 45 39 37 41 14 22 11 17 29 28 26 20 23 28 26 16 22 21 21
64 75 100 73 102 97 103 101 55 65 43 63 86 81 65 61 53 61 55 59 63 57 56 49 44 55 67 53 37 31 33 32 36 35 53 33 45 34 40 35 28 34 27 36 12 20 14 23 17 12 12 13 10 35 23 29 26 36 33 21 21 29 22 35 42 46 48 63 48 82 120 110 77 71 95 87 68 75 94 66
24 34 27 20 24 31 22 22 9 19 16 24 14 17 21 18 24 16 18 16 13 13 12 13 11 4 12 8 23 8 13 17 16 11 20 28 24 19 18 63 56 41 45 55 54 52 44 45 54 39 52 48 45 15 28 23 24 19 29 25 25 29 23 22 21 64 56 72 69 31 45 35 69 68 63 61 60 43 80 70
66 77 49 70 61 45 54 73 90 86 99 102 70 77 67 73 29 48 31 45 31 33 74 72 59 74 80 92 101 100 104 95 129 117 43 33 31 43 50 99 110 94 94 86 52 47 40 45 65 43 62 44 30 138 153 141 130 124 152 98 87 88 84 66 94 60 70 73 65 114 115 122 53 51 57 59 91 71 73 86
23 20 28 31 15 16 20 22 15 20 18 16 18 15 23 15 55 72 63 50 62 76 21 14 15 14 13 16 14 11 18 6 21 9 23 15 26 16 15 56 58 61 58 59 34 27 26 32 29 33 31 35 22 69 61 82 70 69 72 59 62 75 65 81 61 23 18 14 20 22 18 25 18 29 21 24 26 21 24 23
19 30 22 17 22 13 11 16 27 25 23 28 24 20 32 28 16 9 10 17 13 9 44 53 54 31 35 35 19 11 9 16 12 15 16 16 23 14 10 76 91 89 83 86 33 36 31 36 35 36 31 49 35 31 32 24 20 24 35 28 26 24 25 34 25 27 27 31 23 34 23 24 62 74 57 60 50 56 66 64
13 21 15 11 30 32 26 21 12 19 15 15 26 24 23 24 13 19 19 17 16 26 59 48 59 40 38 42 37 50 38 30 37 37 46 39 40 36 48 50 49 49 46 46 48 36 33 29 45 31 31 44 27 28 16 23 29 26 30 27 45 37 30 33 31 81 71 70 84 69 56 73 131 135 121 144 110 92 110 78
23 16 18 21 27 24 34 15 28 25 33 23 25 23 28 29 93 82 101 92 96 99 68 83 63 65 63 69 101 99 89 89 83 97 52 40 61 64 51 63 39 50 44 38 16 17 12 19 17 19 17 18 19 27 27 21 23 25 16 28 22 15 28 29 20 14 25 15 19 37 32 34 72 64 58 74 40 48 48 54
100 93 91 96 141 130 162 159 125 123 122 126 165 165 187 159 74 63 75 54 69 64 67 76 80 77 82 68 83 101 107 105 79 85 109 110 135 116 95 70 67 49 67 61 26 45 40 38 48 44 40 36 26 90 77 82 74 54 69 142 141 150 130 104 122 107 97 89 104 95 102 99 88 100 105 87 70 57 54 62
79 81 92 74 73 66 48 92 52 61 57 63 76 60 89 69 74 62 58 71 44 62 137 110 124 117 141 129 63 59 62 57 44 61 122 95 115 111 95 93 83 76 100 74 63 45 39 66 58 44 55 51 42 87 91 95 88 74 87 74 63 66 69 73 60 115 120 118 104 132 139 137 88 109 99 77 67 79 67 57
21 18 18 13 24 28 16 22 14 15 18 20 17 29 35 26 10 19 16 11 11 13 51 37 41 36 35 43 39 46 46 50 46 50 77 60 80 79 71 43 43 37 41 46 35 31 48 37 31 33 38 45 41 87 72 61 67 63 72 104 95 98 92 104 118 41 49 30 33 58 59 52 24 17 15 29 11 15 19 17
78 68 89 97 65 70 48 65 89 108 87 92 55 66 59 62 88 105 83 94 91 82 51 59 56 50 49 53 68 89 85 76 92 84 44 46 40 45 39 76 82 72 86 94 88 90 86 74 77 80 81 92 75 102 95 95 94 102 95 115 116 113 113 116 109 56 46 55 52 121 113 117 62 58 56 63 92 83 106 92
12 25 24 20 30 23 27 21 28 32 23 22 20 28 22 14 63 60 45 59 66 59 43 39 35 31 53 44 80 81 84 87 84 80 81 79 76 91 79 49 41 43 43 37 54 66 57 57 49 47 46 55 47 28 16 14 24 26 27 40 38 56 35 46 40 47 45 66 60 26 25 29 27 21 23 18 22 34 32 19
109 96 94 96 77 70 68 77 98 84 85 99 50 44 62 62 42 52 53 39 36 56 89 87 102 105 83 54 100 86 125 102 104 107 96 101 101 108 114 102 98 100 108 88 76 69 68 58 74 57 52 59 60 119 116 115 110 121 98 95 96 103 87 95 100 84 88 100 89 140 145 125 77 73 60 67 47 58 51 67
94 97 110 103 101 101 90 107 75 61 81 78 110 97 104 91 28 44 43 51 45 54 83 72 77 79 85 77 30 23 34 23 22 27 49 48 46 45 49 41 50 49 46 48 17 21 14 21 16 25 19 24 20 18 17 23 18 15 18 12 11 7 8 12 9 49 67 59 54 105 92 102 34 62 52 40 65 51 64 57
86 84 85 92 106 83 98 103 95 100 96 115 109 109 96 94 50 53 33 56 38 46 46 40 34 41 48 40 81 73 94 98 94 85 97 90 83 85 98 17 17 15 10 7 32 34 34 29 31 34 29 32 23 13 15 15 14 7 11 10 15 14 17 12 13 32 45 41 54 34 43 30 30 26 23 26 23 20 22 15
62 66 48 69 109 101 96 101 107 110 100 110 83 78 86 94 24 26 21 36 28 19 51 54 47 51 48 72 29 30 34 23 27 28 59 45 55 39 58 15 11 8 12 16 8 12 6 9 6 10 12 7 6 68 60 53 68 71 66 79 80 66 56 70 72 50 73 46 65 77 77 97 84 64 75 87 49 57 40 54
20 20 23 23 20 21 19 22 26 18 26 32 18 22 36 17 53 52 58 61 50 61 51 43 49 47 46 40 97 105 92 97 99 109 35 35 51 43 42 44 57 47 53 44 55 54 46 65 52 52 53 58 66 21 16 27 21 25 27 63 66 62 68 51 64 58 58 68 48 92 84 97 42 49 49 48 62 55 45 51
29 24 23 20 20 27 26 21 11 18 24 24 29 25 12 16 89 58 74 76 71 63 14 19 12 11 17 12 6 16 11 12 11 14 10 21 5 16 15 52 52 59 42 44 47 51 45 51 45 40 58 51 57 4 8 11 17 12 10 17 14 14 16 12 12 56 44 29 44 64 81 66 23 16 26 25 17 22 21 24
78 72 80 87 90 111 95 95 55 57 63 50 60 53 55 52 46 46 37 46 51 44 15 15 14 14 16 17 9 15 13 20 20 10 13 13 19 18 12 28 28 33 28 30 47 49 62 46 52 74 60 69 36 35 23 34 27 30 20 35 33 44 43 30 36 31 30 30 17 27 18 27 24 20 26 28 23 13 28 22
86 84 77 89 79 69 86 73 77 74 87 73 77 68 69 62 109 99 97 93 91 120 83 88 62 71 82 71 93 89 76 88 101 93 95 82 96 104 94 50 37 36 41 41 46 58 52 68 65 61 56 61 59 40 25 39 33 34 36 49 50 61 72 52 61 68 69 58 61 79 82 98 140 133 152 123 160 147 148 150
89 84 103 101 67 68 55 51 70 68 49 56 100 84 83 87 66 71 75 65 53 69 100 104 99 100 97 88 48 52 50 45 65 62 82 91 78 84 73 110 120 139 121 108 71 80 92 83 83 82 65 80 83 47 49 51 46 61 56 51 60 43 58 49 48 121 137 99 119 100 68 82 78 62 60 61 72 70 64 58
16 12 23 19 22 15 19 26 12 19 11 19 21 23 34 25 94 81 97 93 94 94 31 23 30 33 27 34 29 39 31 40 36 31 53 36 53 53 48 49 45 63 47 43 40 47 47 44 35 36 44 37 43 27 25 15 26 18 20 23 38 21 27 27 29 21 17 17 13 37 36 38 21 16 14 33 21 17 17 22
20 25 32 24 18 15 14 19 20 27 21 24 27 22 20 32 21 31 21 32 22 37 27 28 22 22 29 29 34 35 34 41 37 34 49 44 49 52 59 26 31 28 29 23 45 33 23 31 41 42 36 45 39 64 75 75 70 59 70 86 98 88 78 71 93 18 16 16 10 20 31 22 17 25 28 25 5 14 25 15
157 142 138 141 148 130 127 130 105 114 128 126 185 142 150 179 64 51 54 37 60 71 91 99 86 100 99 100 118 98 86 107 89 104 135 129 129 142 120 53 46 45 51 48 65 69 67 77 66 71 79 68 79 129 114 116 112 107 112 96 104 92 104 98 94 144 109 123 97 93 102 82 50 51 56 66 84 91 76 92
52 71 73 69 123 114 95 101 78 75 72 71 63 75 77 89 50 55 54 61 66 57 61 55 34 47 60 50 13 14 13 18 12 12 17 20 22 22 24 77 87 70 68 76 37 33 38 39 37 31 37 37 45 23 26 25 30 24 20 30 37 22 30 28 21 20 19 18 21 24 27 34 29 29 26 27 19 25 20 20
24 24 19 19 17 26 31 26 17 18 14 21 25 25 21 25 10 15 13 8 11 10 19 21 26 13 18 13 10 18 14 20 10 8 15 11 10 13 22 15 19 23 24 19 37 49 40 53 48 34 45 44 34 16 10 11 20 17 18 20 13 16 12 19 16 22 17 16 25 25 18 24 72 83 86 73 66 81 92 109
19 25 17 16 17 29 30 28 18 19 15 24 23 15 14 14 66 59 57 64 67 69 21 19 14 24 16 11 28 34 44 29 36 30 41 52 57 41 48 11 15 11 19 11 48 33 39 51 46 36 39 44 39 35 38 31 45 47 43 48 42 42 38 55 47 43 27 44 49 23 20 30 13 19 15 20 24 21 19 23
23 17 29 26 24 28 31 24 25 17 20 22 33 27 26 25 40 43 34 26 35 44 63 73 80 72 71 76 76 51 68 92 89 96 58 80 69 75 62 26 22 15 15 20 17 25 27 26 17 32 28 27 23 36 45 39 41 45 46 91 76 72 104 85 90 57 54 56 58 33 31 31 31 19 28 32 17 20 18 15
12 21 19 23 25 22 18 17 13 16 20 12 22 25 33 24 10 20 12 16 10 12 53 38 51 49 46 47 5 15 11 10 12 13 19 18 22 25 17 35 40 54 34 34 69 62 73 50 65 75 64 61 61 54 44 57 46 58 53 79 56 58 75 64 69 83 61 95 81 139 141 140 69 84 81 87 58 59 71 59
113 110 121 111 137 117 128 124 125 111 133 115 87 96 116 90 74 96 90 93 87 91 139 107 125 109 142 126 77 75 89 90 79 81 103 113 126 109 99 103 104 95 101 111 31 31 58 46 36 37 33 48 48 60 55 67 53 52 51 47 54 62 69 59 68 59 63 56 57 128 132 129 124 112 112 104 95 86 94 103
158 301 440 582 731 862 1025 1185 1311 1435 1569 1696 1882 2048 2236 2416 2526 2632 2734 2829 2926 3047 3187 3298 3424 3542 3685 3815 3934 4040 4166 4274 4404 4522 4658 4788 4924 5067 5192 5344 5483 5635 5773 5900 5989 6080 6173 6257 6341 6424 6509 6602 6686 6825 6979 7121 7252 7377 7530 7673 7815 7966 8097 8214 8337 8482 8620 8744 8864 9037 9192 9343 9484 9620 9773 9918 10079 10232 10381 10532
31 17 10 20 7 25 19 32 26 35 29 46 13 41 39 24 27 7 12 31 12 29 10 16 20 23 18 51 31 14 11 40 24 12 30 50 41 40 29 8
