20 40 60 61412
27 44 34 51 51 45 42 49 40 40 44 56 56 46 70 83 74 64 48 61 54 54 25 22 25 22 19 18 50 46 56 41 38 37 39 55 43 52 52 39
75 70 71 63 49 83 60 56 69 60 46 62 80 71 54 59 63 90 96 98 112 96 52 42 33 36 43 47 50 39 47 46 37 38 53 40 41 56 45 46
42 42 25 36 27 44 17 15 20 17 18 25 24 20 35 36 38 65 73 66 75 64 101 75 86 80 87 97 39 52 48 51 47 49 87 60 64 80 74 65
69 69 69 76 61 68 86 80 96 79 97 39 47 43 43 73 58 58 52 73 60 60 28 19 23 25 23 35 43 50 52 56 51 47 73 64 66 80 66 65
77 79 86 84 75 68 61 53 52 45 46 57 47 51 81 82 67 39 49 36 37 35 17 19 23 26 19 30 37 38 45 35 36 35 43 40 37 42 55 32
15 15 24 21 23 15 12 11 12 14 16 28 26 37 29 40 34 18 22 20 14 15 11 11 13 16 15 17 22 14 19 14 21 16 16 8 11 7 7 14
78 101 82 70 82 71 80 69 69 89 84 59 64 63 55 76 71 117 105 118 105 110 85 92 100 85 88 82 46 40 44 38 53 38 57 50 50 49 51 54
41 47 37 37 42 51 41 45 39 44 33 28 36 41 24 25 19 25 16 17 19 13 64 57 46 56 45 54 31 17 23 31 30 24 46 43 46 47 50 53
53 42 31 40 49 48 32 35 34 41 38 34 29 31 15 18 30 93 80 87 90 85 81 93 87 70 96 81 66 59 74 85 64 80 98 82 94 104 67 89
75 81 60 68 58 76 65 64 62 71 58 40 45 47 42 42 33 69 61 65 67 66 76 80 73 97 77 75 53 56 60 66 46 54 58 46 46 46 51 46
96 104 82 84 85 86 71 74 82 69 81 80 57 74 70 54 63 155 149 124 138 129 113 118 117 114 110 124 83 90 82 89 86 79 66 57 82 84 72 78
49 54 48 48 61 55 39 45 39 45 40 80 63 84 59 53 59 63 62 58 62 72 68 68 76 86 76 87 23 29 23 22 21 16 43 40 31 40 31 42
36 30 31 40 33 32 45 81 54 61 54 18 18 26 41 29 32 27 14 21 22 19 10 17 18 10 14 17 45 33 55 41 39 37 36 40 51 51 54 58
81 82 64 80 84 77 80 70 63 85 73 57 60 45 53 49 51 96 97 117 103 108 54 77 74 70 65 60 29 37 35 41 32 40 44 37 45 49 47 46
37 43 49 47 33 31 95 93 79 85 85 46 35 52 67 63 58 41 63 52 63 70 68 69 78 70 67 71 96 112 106 105 98 86 62 78 67 63 73 58
41 53 45 42 53 41 53 63 59 57 68 27 36 36 18 21 20 89 112 112 107 95 114 137 179 129 125 163 92 94 95 101 98 93 65 47 71 69 64 58
53 46 43 43 49 43 22 17 23 32 36 46 69 58 42 63 52 97 109 100 92 110 52 63 59 65 56 57 94 80 89 66 86 86 50 52 39 53 54 60
40 52 32 44 49 32 33 26 21 29 27 45 43 40 64 58 65 27 23 28 33 33 32 43 24 39 46 36 38 36 34 37 41 39 26 21 25 18 17 13
34 39 50 30 60 40 30 39 35 34 38 37 50 36 73 69 56 105 102 97 102 99 76 80 81 84 95 87 100 92 105 106 110 106 121 134 122 116 128 118
50 36 39 36 41 52 69 90 85 66 86 43 44 51 55 65 60 121 132 123 124 123 100 93 74 95 103 95 58 57 64 70 68 62 99 105 76 93 98 112
107 222 318 411 506 602 708 811 918 1017 1125 1214 1303 1396 1486 1578 1660 1832 1997 2134 2287 2430 2556 2708 2906 3049 3188 3368 3479 3603 3721 3839 3961 4079 4213 4361 4496 4625 4767 4898
47 32 40 44 45 225 21 73 38 29 26 65 71 38 26 25 29 65 36 25
