20 40 60 66890
48 80 68 49 70 65 76 54 68 59 63 119 100 102 34 53 49 44 39 42 52 39 49 63 52 51 52 56 42 84 79 82 91 86 82 117 125 132 118 140
94 74 75 116 109 109 102 99 118 116 117 66 76 75 36 41 41 37 33 42 27 37 31 51 66 41 59 56 51 92 95 106 92 96 102 85 70 88 93 88
30 31 27 19 12 13 21 12 21 20 18 18 20 22 29 24 24 40 31 33 34 33 35 17 22 16 12 14 19 17 10 17 17 22 13 16 24 23 24 28
23 39 35 40 52 56 47 48 28 25 33 24 26 15 13 18 20 19 19 18 21 28 26 6 7 14 7 15 10 64 59 63 51 59 67 62 51 59 72 44
39 34 27 10 23 19 24 18 69 74 67 42 24 31 57 67 59 60 65 65 65 68 56 71 83 69 111 78 89 105 116 101 95 120 119 71 56 73 70 65
26 22 28 50 43 60 56 52 39 29 31 36 29 22 54 63 58 57 45 64 55 74 65 34 35 40 39 34 47 7 11 13 16 18 7 12 12 15 11 13
29 24 29 42 58 54 47 55 69 54 66 27 36 30 39 50 58 47 35 45 51 41 29 41 36 40 44 40 40 16 16 7 8 15 11 17 20 21 21 20
19 21 19 26 21 18 22 20 26 23 14 34 24 28 57 59 60 45 42 54 57 65 55 84 73 81 71 77 72 93 84 80 107 98 95 71 79 65 61 90
28 24 39 66 66 61 76 77 22 20 28 41 38 37 39 39 41 40 44 48 37 31 36 36 19 26 36 12 23 69 73 64 61 58 64 37 67 40 61 68
25 21 22 11 11 25 15 22 24 21 23 30 38 21 26 25 26 28 27 22 28 32 27 42 44 42 47 34 48 46 38 44 44 42 44 51 45 50 32 48
78 76 79 45 41 41 51 53 78 84 81 107 103 107 55 48 43 54 51 58 50 45 51 81 90 78 96 83 78 57 60 63 70 72 62 72 61 52 59 72
74 93 67 66 59 74 81 59 57 67 67 61 64 58 67 55 57 47 57 61 71 68 48 79 76 70 56 63 76 78 77 80 99 94 91 159 145 143 159 145
96 64 87 60 58 61 60 65 103 96 97 85 70 74 75 66 74 62 74 87 71 74 80 86 60 87 76 75 80 76 58 60 80 76 85 72 78 97 83 79
118 124 106 103 80 95 97 111 79 78 71 116 115 128 118 104 121 126 109 122 115 128 120 95 86 86 85 91 81 66 82 58 79 72 87 66 78 69 58 60
36 36 29 14 24 15 12 21 25 37 39 24 30 22 47 47 46 43 50 39 60 38 41 55 79 72 74 69 75 33 23 31 20 13 23 23 26 22 21 18
25 25 27 49 36 32 43 43 49 85 70 21 23 17 22 15 21 17 18 27 22 27 26 11 14 14 12 19 10 22 30 23 28 20 31 18 23 16 16 16
82 94 89 42 32 41 38 40 123 99 102 68 77 58 79 76 95 90 87 71 64 79 69 61 75 77 52 50 76 83 65 72 77 64 71 60 48 40 48 35
67 59 78 100 89 84 121 88 84 69 86 70 59 55 33 32 21 35 51 39 31 35 33 45 37 39 43 35 49 56 51 54 60 53 54 49 47 57 49 49
90 73 105 47 42 42 47 41 104 112 80 103 130 98 107 109 101 118 111 111 141 114 106 130 136 119 140 114 118 68 72 58 64 89 77 81 73 91 108 72
84 93 87 77 74 75 49 70 67 74 84 90 88 103 110 99 85 81 93 89 103 116 99 103 91 101 116 99 96 75 63 71 60 67 64 38 34 30 41 40
131 268 386 515 636 757 891 1014 1150 1279 1409 1541 1685 1827 1958 2079 2213 2353 2476 2611 2767 2909 3042 3186 3337 3469 3624 3750 3881 3998 4127 4245 4364 4497 4629 4805 4966 5124 5300 5461
28 23 160 72 36 72 56 39 64 90 30 20 21 22 78 92 23 26 24 24
