20 40 60 62212
74 91 80 73 48 69 58 46 66 48 64 64 65 57 60 85 103 101 99 90 98 94 103 97 120 23 27 22 25 21 108 103 97 81 96 107 94 104 100 116
85 89 67 65 43 43 57 57 51 53 70 81 85 90 74 68 78 67 81 69 72 99 102 92 114 63 92 91 82 86 16 19 20 13 19 23 32 34 26 30
27 26 20 32 65 55 54 64 64 67 23 17 23 28 21 27 24 11 18 17 26 30 23 29 26 21 22 18 22 34 98 99 102 100 119 99 89 116 114 83
23 25 36 29 23 20 23 19 17 21 49 48 49 42 52 43 39 50 44 41 33 30 29 17 34 85 74 77 91 75 51 71 71 73 72 56 26 23 28 24
75 71 78 70 76 70 77 107 78 93 50 59 56 69 58 51 47 48 53 58 66 26 24 23 29 92 65 69 70 79 69 66 72 65 65 81 27 40 21 26
75 72 78 75 54 57 55 49 49 44 58 66 67 63 57 45 52 54 42 50 52 25 29 25 24 87 72 64 68 88 62 61 61 67 61 52 96 109 111 88
91 91 75 78 55 64 64 45 46 67 53 62 59 53 58 50 55 45 49 37 43 117 123 115 104 23 24 18 25 29 59 58 61 60 64 47 32 20 25 25
37 25 33 20 17 20 18 15 14 19 41 42 44 56 44 35 33 36 37 38 45 32 26 19 39 75 62 64 73 61 16 19 16 22 23 24 26 27 34 28
91 76 69 87 47 43 76 55 56 58 61 63 67 59 75 46 62 49 52 51 60 118 98 98 89 22 35 19 24 18 59 75 67 60 76 59 95 88 90 97
80 91 85 85 42 57 47 39 57 53 67 46 69 69 49 55 51 46 42 49 57 117 114 116 98 63 90 69 71 58 64 63 58 50 59 65 36 34 14 34
29 37 28 25 56 59 46 65 59 60 36 39 48 42 54 42 46 53 32 45 43 27 37 21 23 62 73 64 72 66 15 27 15 17 15 24 35 30 19 25
74 70 87 77 59 44 52 47 42 41 66 65 70 65 68 95 102 104 74 86 114 99 111 123 127 63 65 92 68 55 75 57 62 48 58 51 23 35 29 26
89 81 91 77 57 52 49 60 49 57 58 59 60 65 76 45 70 54 45 46 58 22 23 27 28 68 64 78 59 69 23 25 19 16 23 17 20 28 38 26
94 64 72 79 79 76 95 73 75 85 75 50 65 63 58 100 101 76 82 107 98 112 103 95 130 82 75 74 70 80 58 65 61 72 54 57 101 97 90 105
74 65 88 80 98 80 90 91 93 86 59 53 58 58 70 90 81 90 89 108 91 117 106 137 106 28 15 19 22 18 54 51 56 64 63 55 82 89 93 87
65 62 80 69 48 56 64 49 58 60 55 53 52 71 54 110 113 99 84 116 102 98 107 124 104 29 23 28 19 20 12 13 12 16 23 29 24 30 30 25
88 89 65 76 76 98 95 91 99 104 72 57 58 77 69 104 87 114 105 105 102 113 121 107 106 78 92 74 81 88 74 56 67 53 71 64 39 29 24 30
34 24 34 31 57 52 65 44 59 63 20 16 28 17 20 20 17 24 20 15 19 32 36 25 30 29 27 20 22 25 66 61 78 65 65 74 38 25 25 30
74 70 83 72 51 56 57 65 59 40 68 78 58 51 64 45 50 52 51 44 39 24 36 21 23 19 26 28 24 25 56 50 56 62 65 54 86 85 82 96
63 84 60 67 49 57 47 48 43 49 64 56 48 48 71 42 43 46 42 46 59 115 126 116 104 24 24 16 26 17 115 128 105 110 104 98 99 98 90 98
104 205 306 403 512 621 727 846 956 1071 1155 1245 1340 1440 1525 1647 1772 1898 2015 2144 2270 2401 2541 2693 2837 2939 3041 3143 3244 3342 3470 3612 3729 3851 3983 4102 4214 4343 4469 4598
30 54 51 64 48 32 47 107 35 36 74 38 66 19 30 37 43 99 61 29
