20 40 60 60424
68 78 65 75 78 64 72 69 71 62 63 63 52 51 60 16 21 24 26 17 46 49 60 54 53 55 59 30 27 38 27 41 29 21 46 46 21 32 28 29
43 35 33 38 44 42 32 41 37 72 89 67 77 67 60 83 93 95 81 90 51 71 86 72 55 50 54 73 82 80 132 117 126 116 80 47 111 128 112 90
35 33 36 28 48 27 35 39 35 44 67 54 60 72 55 24 19 25 14 25 12 7 17 10 18 14 13 18 40 33 92 96 86 91 57 59 110 99 115 111
7 15 13 13 6 11 15 13 16 13 14 13 15 21 13 12 28 20 18 16 11 13 14 14 17 18 13 37 37 35 25 46 26 26 58 67 21 24 28 25
60 46 56 34 34 43 48 38 39 70 67 55 61 59 70 120 130 141 128 159 39 50 45 47 57 44 50 27 34 32 83 70 78 89 58 57 21 26 22 30
37 44 31 34 34 44 35 45 40 58 67 95 71 78 69 131 120 135 139 108 109 106 100 90 104 87 98 33 30 37 78 96 94 89 44 58 29 20 37 27
47 53 50 48 39 66 47 44 54 17 15 25 14 18 21 21 18 19 17 20 54 52 65 53 63 51 54 39 31 28 31 32 26 27 49 57 82 95 92 96
45 46 50 35 51 47 30 36 33 64 57 48 65 44 63 62 59 68 79 61 18 18 14 21 17 18 18 43 42 37 33 29 29 36 57 60 27 30 34 36
67 62 66 72 61 56 66 63 77 59 61 55 39 48 50 111 110 104 122 128 50 69 68 50 71 62 69 71 70 97 55 46 60 54 43 57 24 25 28 38
39 39 50 39 53 57 46 45 53 44 59 51 55 60 68 86 83 76 97 93 97 83 67 86 80 79 99 71 85 82 51 50 53 53 59 60 23 22 31 22
41 38 44 44 43 45 30 37 42 59 83 76 78 71 76 72 71 63 63 65 74 73 89 101 71 78 71 70 95 70 55 51 56 61 62 42 84 97 92 85
67 62 70 69 59 63 62 65 56 63 69 59 52 60 58 23 27 21 17 19 48 50 57 75 63 58 48 66 65 68 70 64 75 60 55 58 100 90 90 106
77 64 60 64 76 77 79 76 70 79 66 60 72 55 64 59 72 60 69 59 23 13 13 14 11 15 19 76 76 86 71 69 68 56 52 51 24 25 24 37
54 48 62 46 54 45 45 51 44 18 20 16 24 19 21 30 27 25 20 23 49 48 66 57 54 51 57 54 38 28 87 74 80 80 71 43 36 28 33 25
35 40 47 34 38 33 41 32 38 64 64 62 68 55 55 96 122 114 90 112 81 98 76 107 89 85 77 26 28 36 19 23 22 29 51 61 21 26 25 28
53 42 40 45 48 45 45 56 60 59 65 61 61 58 65 61 70 59 72 71 46 45 50 50 62 43 50 35 29 28 60 70 76 69 53 60 91 66 104 109
55 60 65 55 71 63 54 73 65 64 72 66 64 61 61 93 88 91 83 85 37 56 48 41 45 61 52 72 97 81 100 110 96 94 43 47 101 99 110 82
42 44 36 34 32 37 43 41 43 50 66 51 65 73 68 70 53 79 74 65 103 100 118 100 99 107 120 87 87 72 108 114 103 110 47 46 100 86 116 91
51 41 42 42 58 44 55 38 42 51 60 50 60 77 61 57 63 45 47 58 18 21 10 16 14 15 4 84 82 81 50 49 48 49 53 44 92 95 84 87
75 85 79 65 93 78 101 68 101 66 50 69 50 48 63 65 50 52 62 62 58 68 47 56 76 58 55 76 85 92 55 65 77 51 65 60 81 75 88 72
86 181 269 353 456 543 655 740 852 940 1039 1145 1232 1319 1404 1549 1693 1849 2003 2179 2300 2418 2549 2668 2783 2902 3035 3132 3240 3348 3494 3624 3764 3893 3982 4057 4180 4322 4451 4574
62 23 54 161 35 28 65 74 43 41 29 37 54 70 43 46 30 30 39 36
