40 80 60 65120
59 68 53 59 53 40 37 32 30 27 31 77 67 76 54 73 62 80 77 55 55 75 50 61 67 64 83 63 49 75 82 75 81 91 58 58 59 57 62 56 66 85 21 19 28 18 19 15 14 16 12 13 14 11 42 43 44 36 25 23 27 27 23 21 18 128 162 139 185 195 199 141 148 143 131 142 75 76 77 66
65 61 63 68 64 70 55 85 61 70 62 36 47 46 49 49 32 44 52 23 21 26 21 18 17 14 9 13 15 11 27 25 15 28 20 42 30 26 21 18 19 16 17 20 15 15 8 12 18 12 14 17 16 18 25 18 23 23 26 22 25 25 17 24 20 37 36 50 29 27 18 63 59 57 49 55 24 24 22 20
74 52 62 68 43 60 56 61 50 41 52 30 42 28 23 27 25 27 26 57 53 49 51 59 82 73 63 62 74 75 24 21 27 27 23 34 22 31 24 25 28 31 47 52 44 49 50 57 39 51 60 52 36 59 71 63 76 56 69 132 117 119 114 98 111 41 47 41 33 35 37 26 21 22 24 21 21 35 44 37
57 75 63 53 56 97 95 88 81 67 83 95 80 88 105 80 108 80 83 95 87 87 96 114 36 47 40 44 53 52 52 59 54 50 67 60 80 63 49 50 62 44 15 14 18 16 14 11 79 65 71 80 69 81 35 27 17 29 26 64 50 63 52 57 54 118 119 104 171 157 145 97 96 85 83 81 95 97 84 99
36 38 35 33 35 40 40 33 39 40 40 59 59 51 49 71 71 67 56 62 59 47 56 53 16 20 19 23 26 28 36 40 29 34 19 31 43 26 28 23 30 29 89 74 91 81 75 67 9 16 18 13 14 9 63 43 52 43 64 24 13 14 22 20 19 29 42 34 33 26 28 22 14 20 21 18 19 32 22 19
52 46 55 45 61 41 53 48 50 52 43 31 31 39 31 23 19 21 27 14 19 20 15 21 59 63 61 55 73 72 16 18 17 25 15 24 24 19 25 28 33 30 24 31 16 20 20 26 72 59 66 66 64 64 22 28 30 28 15 14 10 17 16 10 15 181 190 200 147 128 130 111 128 118 115 117 130 124 116 141
100 100 103 100 89 61 62 60 78 68 60 83 80 98 102 84 84 90 91 95 94 70 72 78 55 62 57 71 53 68 12 21 18 25 40 47 21 28 40 31 28 36 13 12 13 17 17 14 14 11 10 16 10 19 22 29 21 28 21 14 14 18 15 24 15 182 167 197 115 97 119 83 89 79 71 65 141 137 129 130
13 23 29 20 30 11 20 26 27 23 18 34 37 37 37 29 35 35 30 63 63 49 52 63 46 46 51 45 43 48 23 24 22 26 21 19 23 21 35 37 29 40 50 58 43 69 65 65 60 59 65 68 69 65 89 107 80 103 88 48 33 43 31 38 41 26 22 34 44 31 42 48 50 46 45 46 63 70 76 59
28 32 26 24 25 19 20 20 21 25 23 49 48 39 43 37 54 42 42 21 32 25 22 24 27 29 30 31 27 32 43 51 42 55 58 56 55 53 43 48 50 35 19 19 24 15 15 23 45 41 44 49 40 48 43 29 42 39 39 14 11 15 17 9 13 134 126 103 126 121 131 114 106 109 111 117 133 119 143 128
76 89 87 84 77 45 53 56 57 50 47 62 44 34 61 50 54 57 50 41 38 33 41 35 60 44 73 55 62 61 23 29 27 29 20 25 15 20 26 31 34 41 26 20 23 23 26 23 19 17 12 15 17 16 26 34 34 27 24 73 68 81 81 65 66 36 39 45 39 32 44 77 57 72 58 58 32 41 35 33
138 135 145 148 162 93 91 87 98 88 113 34 40 32 38 40 38 36 25 53 59 68 53 54 46 33 29 40 44 36 73 93 89 67 100 93 68 78 69 77 68 62 9 14 14 20 13 9 20 26 29 26 21 14 26 28 24 28 28 37 40 36 45 40 30 44 44 49 46 44 49 58 45 61 46 46 17 22 21 18
40 45 41 43 29 52 47 38 48 51 43 34 40 36 38 32 48 50 57 34 37 34 33 44 25 17 17 17 25 25 29 21 28 32 22 23 13 19 25 28 32 31 16 15 13 9 12 11 72 69 67 71 59 64 43 42 50 42 41 13 17 15 16 12 12 42 43 47 33 41 41 29 30 31 29 23 38 29 39 36
27 22 21 28 21 21 21 22 15 26 16 45 36 40 40 47 61 42 44 21 27 17 24 31 84 95 81 109 84 86 77 93 87 85 54 55 56 75 80 67 70 60 16 25 23 22 23 31 36 40 31 47 47 44 57 59 71 46 65 24 19 22 18 19 26 149 153 139 111 125 104 104 125 109 101 105 150 167 170 142
107 91 88 90 98 145 127 112 133 134 108 25 28 30 35 36 32 32 27 39 42 44 48 37 45 43 47 42 36 34 61 46 65 39 78 82 78 74 51 79 74 61 39 42 40 36 58 52 67 73 55 58 57 69 36 45 53 50 67 106 104 119 87 115 118 31 28 29 47 42 36 46 54 60 53 56 36 29 35 36
17 18 13 22 17 44 31 37 24 47 27 9 12 11 4 9 6 10 13 14 27 15 21 17 71 67 66 64 81 60 85 79 64 59 57 62 54 53 74 79 92 80 16 30 22 27 25 25 43 45 48 47 50 42 14 25 29 31 21 67 63 74 67 78 81 46 48 51 18 32 26 41 41 49 45 28 25 34 36 43
30 24 27 29 27 14 17 22 14 11 18 28 34 25 28 23 34 27 27 14 14 27 25 20 50 73 62 54 51 64 23 26 27 33 27 17 21 25 18 15 23 20 40 56 56 46 34 37 48 38 39 37 31 41 93 90 89 89 95 110 109 84 98 111 111 43 35 39 35 38 32 28 22 33 26 35 39 35 31 25
72 54 66 77 70 35 46 39 47 33 30 36 38 27 43 36 41 42 31 99 76 68 81 80 62 54 55 67 59 68 46 62 56 67 80 98 91 85 72 81 71 65 88 82 65 71 66 63 43 53 47 57 39 36 70 80 56 79 74 68 66 66 67 72 61 40 30 27 33 29 34 34 36 33 22 19 22 21 25 18
45 40 35 42 47 56 57 50 56 60 64 43 45 44 45 38 32 39 34 63 57 51 52 58 79 76 65 80 67 73 92 69 86 61 55 42 50 54 59 55 66 64 62 48 48 43 56 41 52 67 60 50 62 52 72 54 54 50 49 126 126 112 105 119 123 175 174 199 188 190 187 63 66 63 54 54 138 115 110 133
20 21 19 21 19 19 13 15 13 9 17 25 19 25 19 24 24 24 16 51 51 40 48 54 13 19 14 10 10 8 27 15 22 13 22 33 37 37 23 27 32 31 61 62 59 57 49 58 39 39 34 41 52 50 73 45 52 59 60 52 57 66 75 65 65 47 45 39 36 32 27 38 65 56 48 69 18 28 19 25
67 59 80 62 64 60 37 58 46 49 38 17 18 11 14 16 12 10 21 22 24 19 16 26 17 17 9 18 20 13 35 26 42 32 29 31 23 25 22 23 20 19 25 29 24 17 14 23 44 56 54 44 47 72 41 31 39 31 39 23 20 21 21 22 25 45 37 35 37 54 47 53 65 52 59 39 78 102 90 78
19 14 29 17 25 12 19 16 18 13 11 30 28 31 30 29 27 27 28 49 52 49 48 48 93 103 108 90 105 94 46 48 45 72 38 45 56 52 42 47 59 33 19 17 23 21 16 13 51 42 46 40 47 40 12 17 18 22 9 21 24 18 13 17 16 38 38 42 26 24 30 15 11 22 17 20 30 31 34 33
47 54 50 52 60 45 45 50 41 46 48 23 31 21 24 27 35 22 30 23 19 22 28 24 88 85 81 94 75 72 86 64 74 78 99 76 83 83 88 81 72 79 20 17 23 35 24 14 65 71 76 66 80 74 39 32 36 42 36 25 19 30 29 24 16 28 31 33 36 45 35 32 50 48 36 37 45 60 53 61
48 42 32 41 45 58 62 59 74 67 62 20 25 35 27 24 26 23 34 42 55 42 41 66 31 29 30 33 41 35 58 46 83 46 69 66 64 69 65 40 50 41 61 52 53 40 49 46 62 66 81 66 67 78 17 16 17 23 20 14 30 24 13 14 17 40 48 43 33 18 29 34 29 42 35 30 21 21 22 28
18 20 16 10 21 37 34 44 37 47 44 13 11 11 16 7 20 20 13 16 9 22 26 20 79 68 71 68 79 66 60 53 67 70 66 76 67 69 75 78 90 88 51 63 52 44 51 67 55 69 69 62 55 62 23 14 14 17 16 11 14 17 18 15 12 43 44 46 47 50 45 22 22 23 22 22 32 30 18 23
93 100 93 85 107 88 96 86 93 93 82 45 59 44 38 39 42 39 42 43 51 43 67 54 113 103 75 82 76 115 140 139 135 114 88 77 98 106 128 120 155 109 13 15 15 13 12 13 74 75 83 75 81 78 25 38 33 31 27 31 23 21 17 24 19 45 37 35 52 47 40 29 42 38 37 31 65 70 48 62
42 56 57 53 63 60 63 62 67 61 60 54 46 41 44 38 45 52 55 54 55 59 62 60 45 40 48 51 40 48 82 78 77 81 98 84 80 85 103 91 78 103 76 89 72 69 73 82 75 68 75 65 60 60 96 87 114 115 79 59 68 57 50 60 66 39 40 44 39 60 43 17 17 23 20 28 29 24 41 37
52 59 54 57 50 44 34 28 41 36 41 59 79 73 66 71 63 67 63 60 63 59 71 63 56 67 82 66 71 66 79 87 64 82 82 64 89 75 91 90 70 101 104 105 107 109 98 95 56 55 41 61 50 51 55 47 42 50 45 50 41 43 61 43 50 45 32 36 46 49 44 10 14 22 21 22 34 21 26 29
68 55 52 66 60 39 40 34 32 37 46 29 29 36 44 37 23 39 26 26 39 33 23 42 16 19 21 29 20 24 33 23 26 30 36 39 36 32 37 39 32 34 44 64 63 62 53 63 52 56 59 72 42 59 57 82 69 68 55 60 66 70 68 77 81 52 45 43 40 34 39 27 27 26 33 26 34 26 25 32
17 16 19 13 13 32 24 22 14 20 16 25 31 24 25 27 34 33 33 30 26 16 24 21 21 19 18 21 18 20 23 24 34 35 19 38 36 35 22 20 25 29 55 66 79 60 69 75 71 77 65 80 72 66 23 28 20 24 25 21 20 20 20 28 23 30 46 35 26 30 34 14 21 22 15 19 27 28 26 25
48 50 50 52 43 58 64 52 50 85 66 70 56 56 75 80 73 57 63 55 64 69 64 60 50 46 32 33 39 50 65 82 84 84 47 61 47 60 79 64 60 82 72 79 70 80 69 73 83 68 85 89 67 84 81 53 71 77 73 43 34 32 43 41 38 153 154 164 173 141 178 56 54 63 58 66 81 74 89 94
21 28 29 28 29 36 30 34 36 42 39 35 35 26 28 26 29 31 38 58 59 50 38 47 56 45 66 53 52 44 49 49 47 47 64 52 66 64 71 57 57 65 20 25 21 18 17 24 79 89 87 72 64 73 44 42 38 39 45 16 23 17 31 27 24 57 43 37 40 42 40 18 19 24 23 23 35 28 24 31
16 17 22 17 17 22 15 23 14 18 24 15 15 12 17 9 19 7 16 19 14 21 24 16 22 21 18 28 31 15 34 47 35 26 31 30 30 28 25 19 18 17 135 111 132 116 125 128 78 65 66 71 57 83 44 43 75 74 80 71 57 62 78 83 75 31 24 25 19 31 23 17 14 16 13 17 36 34 31 36
24 32 18 23 33 14 13 17 18 16 15 35 27 42 29 38 26 30 26 24 24 29 19 24 61 66 75 73 58 62 25 14 18 21 20 18 17 19 12 29 19 17 61 48 59 59 62 60 19 21 16 21 18 18 20 19 15 21 20 31 37 40 44 43 39 30 26 37 43 37 56 33 35 34 36 39 27 21 28 17
54 44 50 61 54 45 60 35 50 40 63 40 33 40 33 33 50 39 44 93 83 87 105 81 9 14 16 20 15 13 27 29 33 25 32 40 34 36 34 34 37 29 86 87 85 78 78 70 57 51 43 57 47 43 21 16 21 15 14 16 21 20 19 23 16 45 53 46 43 35 40 18 15 16 15 22 17 24 17 21
73 60 64 74 62 33 51 35 32 43 26 58 67 65 65 68 64 63 48 45 41 37 43 49 15 12 12 20 12 13 14 19 24 20 21 25 23 25 27 33 21 21 16 15 11 14 14 11 66 71 70 69 78 81 41 35 23 38 33 11 20 21 24 19 12 27 29 28 40 39 46 37 44 51 42 37 34 32 33 29
19 19 31 28 44 18 10 26 19 19 10 61 36 48 42 41 48 42 41 55 59 77 65 58 55 49 44 45 50 41 23 31 23 24 34 27 33 25 37 36 38 31 13 12 17 13 21 14 20 27 24 15 18 19 66 47 57 67 54 21 18 22 19 25 21 27 30 21 41 42 55 41 49 45 49 43 91 69 95 100
44 37 54 45 65 77 68 64 60 46 59 59 66 66 67 69 69 67 65 89 85 97 78 80 87 96 83 78 83 80 55 56 48 50 93 71 104 98 66 70 88 82 18 18 19 18 13 16 16 23 21 22 19 23 26 33 32 25 21 70 43 55 61 56 68 45 45 46 31 30 29 20 21 24 14 21 21 23 13 28
39 35 36 28 31 41 36 44 50 46 38 52 45 45 50 52 46 59 38 109 98 92 104 95 17 20 19 22 14 19 23 19 21 20 20 34 32 39 19 23 25 24 23 14 8 19 18 13 25 28 23 18 12 23 20 24 15 19 29 70 64 60 66 63 68 137 144 116 168 152 145 126 102 123 123 103 132 133 110 135
51 32 38 38 31 41 49 43 46 50 38 49 43 54 50 56 56 47 48 99 71 89 83 85 28 22 17 24 16 21 21 25 32 21 27 19 16 14 30 23 31 41 18 15 22 15 14 21 19 14 13 14 14 22 66 52 48 62 73 18 13 23 13 23 13 34 43 35 49 41 47 39 28 44 36 37 36 31 34 37
71 67 57 134 127 118 74 52 101 45 74 58 61 70 96 53 64 83 78 21 82 33 91 55 97 72 92 63 98 80 97 61 102 94 99 50 51 59 128 110 119 98 79 97 131 115 92 73 83 78 80 78 67 67 64 94 75 112 78 115 86 75 102 114 81 176 190 195 202 180 181 123 110 128 117 88 146 160 106 132
139 275 421 570 733 879 1007 1120 1254 1389 1503 1599 1680 1779 1885 1970 2079 2170 2262 2372 2471 2569 2675 2790 2904 3008 3117 3227 3333 3449 3590 3730 3866 3981 4082 4181 4286 4393 4522 4643 4799 4909 5045 5157 5290 5407 5533 5662 5746 5836 5924 6014 6096 6181 6278 6386 6501 6617 6713 6846 6973 7093 7208 7328 7452 7635 7826 8027 8230 8426 8626 8768 8917 9061 9193 9336 9487 9655 9826 9969
18 31 24 12 40 18 20 20 26 38 20 35 17 17 29 19 24 13 35 35 22 27 21 23 12 18 14 30 42 13 31 30 37 28 31 45 18 20 46 1
