40 80 60 72371
87 107 95 87 78 76 66 83 76 83 78 73 40 51 46 50 39 50 47 57 60 42 44 41 44 28 30 32 27 41 12 22 15 24 21 16 15 10 13 13 17 5 16 10 20 10 16 13 12 13 19 15 56 42 67 53 52 38 45 39 61 46 44 45 102 105 96 124 40 51 53 46 52 34 24 25 19 14 24 20
88 73 66 82 66 69 62 75 67 63 74 97 37 33 36 48 36 40 43 39 43 38 33 40 29 29 32 26 28 34 109 109 102 79 117 88 49 62 57 51 54 48 57 57 65 60 52 48 72 69 69 70 3 22 14 16 16 102 97 92 42 58 48 56 43 44 51 50 50 54 53 58 50 39 32 48 30 21 25 21
21 12 17 17 8 18 18 22 20 14 18 20 34 45 33 25 39 26 40 35 32 41 17 13 17 5 10 17 10 12 53 45 65 55 49 53 69 63 67 87 79 32 22 35 35 35 48 44 34 39 43 37 100 70 78 86 88 65 68 82 43 40 50 55 30 32 31 27 21 15 21 12 10 33 36 29 21 18 23 23
14 16 18 19 8 16 11 16 9 13 6 12 83 92 62 83 76 79 83 85 88 86 35 30 25 28 25 34 39 30 49 59 56 48 50 47 37 36 41 51 48 74 60 73 75 77 85 99 99 95 122 118 20 9 26 24 24 42 38 35 53 52 61 60 18 21 28 27 24 21 23 16 24 59 56 57 114 97 95 119
71 81 71 78 90 85 73 69 89 73 57 69 66 68 71 68 67 65 54 62 74 67 92 94 117 102 93 91 100 92 12 16 14 13 12 17 20 8 17 17 16 40 33 38 33 35 42 20 20 18 24 32 25 24 20 25 21 31 25 28 60 56 43 43 80 97 101 99 24 21 27 20 24 68 66 63 75 83 81 76
58 57 51 60 53 47 71 86 68 61 70 66 83 58 84 59 70 74 66 82 63 62 69 83 78 85 79 83 70 79 44 60 48 48 45 48 48 45 49 56 48 45 49 47 46 50 56 109 101 95 104 103 59 67 62 63 64 39 41 31 50 53 40 34 106 107 96 98 12 13 17 19 12 19 27 34 32 30 16 23
16 9 8 16 12 9 18 14 14 9 23 18 42 44 39 38 41 31 46 42 32 41 34 42 44 42 34 34 33 38 54 43 37 44 50 45 53 53 51 56 48 66 66 62 64 68 64 49 57 55 47 54 24 21 30 27 30 25 22 24 53 50 47 28 29 23 32 38 70 60 60 52 52 107 94 104 47 59 51 62
60 57 63 50 59 58 83 73 88 71 84 61 27 26 32 30 29 24 38 28 31 23 39 72 50 60 69 53 47 51 56 61 64 68 46 49 43 46 67 56 63 34 34 40 34 44 34 64 64 64 68 44 54 67 73 59 60 41 31 30 95 91 60 69 86 63 75 69 28 20 27 22 18 100 84 93 58 59 48 68
70 67 68 64 69 62 43 48 41 40 48 39 13 4 4 12 5 7 11 4 4 7 12 13 7 8 16 4 7 12 27 43 40 43 25 39 12 11 16 24 12 12 14 14 19 22 21 16 32 23 27 24 27 12 14 19 23 74 51 76 56 74 39 33 27 24 21 28 66 49 39 47 46 24 29 25 27 13 21 13
31 48 58 47 50 46 44 51 55 55 38 51 9 6 9 6 7 12 8 13 7 5 21 13 12 13 14 17 13 14 14 15 13 16 12 16 32 17 15 17 27 15 21 18 17 10 13 14 16 16 16 13 64 55 67 53 57 85 111 93 35 36 39 45 87 66 69 75 59 63 67 52 38 25 24 19 30 24 29 27
16 21 11 21 15 19 26 24 25 11 12 16 28 36 27 33 27 43 30 30 38 25 47 48 56 43 48 35 54 40 78 85 114 95 84 96 60 65 69 59 54 38 44 38 35 45 39 50 39 42 32 45 67 67 71 72 65 33 34 27 57 53 38 41 90 90 103 84 9 17 17 17 13 22 39 23 17 15 31 19
7 16 13 12 20 9 25 13 23 19 22 19 32 37 31 44 32 28 37 35 25 47 36 34 40 52 57 43 38 38 26 20 22 19 17 16 20 15 19 25 16 65 49 59 65 57 52 21 14 22 19 14 48 49 45 43 40 85 86 91 51 62 30 43 130 128 122 127 53 53 49 63 53 44 40 40 20 27 29 26
71 57 82 81 63 80 36 40 47 39 54 52 35 59 48 46 36 51 44 50 54 49 12 13 17 14 14 15 27 14 13 15 14 21 22 11 11 19 19 16 14 20 20 28 22 16 24 31 19 24 26 29 72 59 56 60 59 28 36 36 50 52 59 68 107 100 111 105 69 76 65 65 56 40 34 53 27 19 24 16
109 108 111 131 151 140 126 113 103 125 110 98 23 34 34 22 33 27 39 40 34 44 27 27 41 28 37 44 34 38 54 51 48 47 43 56 27 15 29 24 21 17 17 12 19 20 12 21 16 34 22 25 81 107 87 81 87 36 32 37 37 33 30 46 20 17 23 23 63 71 76 66 70 28 46 31 29 27 32 30
17 13 13 18 13 11 19 17 12 13 20 19 12 8 11 8 9 17 7 10 6 10 8 16 10 10 9 8 13 17 47 55 46 42 51 55 52 47 54 55 48 68 63 56 55 65 77 86 77 71 94 82 13 20 23 21 14 77 66 46 41 47 59 71 58 54 56 66 126 122 127 122 115 41 42 47 21 29 32 27
19 12 13 14 10 19 17 15 16 18 13 16 64 73 81 79 88 83 85 83 90 72 29 36 28 37 39 28 47 33 63 57 50 60 54 50 70 82 81 67 72 63 66 49 60 58 75 93 78 103 95 82 26 21 18 30 26 28 38 33 108 125 51 52 25 22 27 17 30 32 15 19 26 119 95 102 72 87 76 63
84 80 89 96 97 90 136 131 149 137 124 133 43 34 42 30 47 52 47 47 41 35 46 45 46 49 37 48 38 38 18 11 18 13 16 18 20 20 25 17 20 12 14 10 17 19 18 19 30 15 14 25 18 21 20 11 17 21 27 31 53 41 37 38 71 85 72 68 27 27 22 24 15 44 33 40 20 25 21 20
18 23 22 12 21 19 18 17 16 26 11 21 39 44 46 59 50 47 36 62 40 53 33 30 35 29 35 45 50 26 44 48 40 51 51 51 35 35 46 39 45 49 45 48 45 50 42 118 107 109 123 104 21 26 10 31 15 54 30 40 48 52 43 36 22 18 27 23 65 65 74 77 80 39 39 22 47 47 48 35
19 15 13 18 12 13 15 16 18 19 19 13 40 46 47 42 43 38 45 41 41 38 45 46 51 58 50 45 45 43 47 53 53 51 54 53 54 78 87 54 62 64 60 64 68 70 54 91 66 71 72 73 17 17 24 9 20 38 46 41 50 60 47 69 23 21 22 26 68 79 63 83 86 87 95 105 93 96 71 87
63 63 72 76 72 71 45 46 46 43 43 53 49 31 40 38 34 30 36 40 36 40 51 53 68 58 65 62 62 66 15 13 11 11 5 11 26 13 19 23 18 42 48 49 44 50 52 18 22 17 20 17 49 62 55 56 63 46 41 41 57 61 57 66 19 26 37 31 72 82 69 92 90 74 75 66 50 61 46 51
61 74 63 70 69 65 52 54 51 52 53 59 68 57 61 64 67 58 58 65 65 61 57 62 53 46 60 55 50 43 91 94 107 89 122 112 69 95 60 76 75 52 51 63 53 64 63 109 103 116 90 124 26 19 31 29 23 97 87 96 129 146 50 43 31 29 31 34 34 10 31 16 16 23 30 18 31 27 28 33
48 55 65 57 57 49 46 50 35 32 41 44 10 13 9 12 8 10 9 11 11 8 15 11 12 18 12 17 14 18 46 59 46 35 50 44 27 16 20 16 20 12 17 9 16 23 15 16 16 26 20 16 16 18 11 8 18 112 96 95 51 52 54 57 61 72 62 55 76 88 74 85 89 43 39 33 22 24 21 26
12 13 14 15 13 16 23 20 18 22 19 13 52 35 36 38 34 38 38 35 38 49 11 11 9 13 3 16 15 5 54 61 58 47 54 59 77 80 81 53 71 109 105 104 95 106 84 65 60 69 56 62 43 58 56 62 58 35 38 34 49 41 39 32 13 25 18 13 51 55 56 60 44 34 29 45 15 24 18 22
50 43 44 53 48 48 58 61 58 63 49 63 50 48 48 47 76 47 51 44 58 44 15 13 22 15 18 20 10 15 62 61 61 62 69 69 60 59 50 62 64 35 41 47 34 46 41 69 69 57 62 43 68 57 67 74 85 33 30 27 38 56 51 41 28 14 20 22 28 30 26 22 21 80 88 104 60 75 56 52
55 59 54 50 53 43 61 57 76 75 66 63 38 39 28 35 28 35 38 31 29 33 47 64 51 64 65 51 56 48 48 43 35 53 40 33 63 61 66 54 59 68 46 56 48 57 63 65 68 65 63 61 23 19 17 20 20 22 21 30 49 61 42 37 28 28 40 31 22 22 23 31 31 37 25 38 53 48 62 45
22 16 16 19 19 18 11 12 15 13 10 12 55 50 57 48 59 53 45 52 32 58 51 44 37 40 49 64 42 47 40 50 47 49 41 52 30 15 26 20 21 14 20 21 16 11 11 27 18 24 14 20 20 22 20 31 17 87 84 67 51 43 45 56 48 44 50 58 99 89 111 93 98 13 24 32 35 38 32 44
16 12 17 22 14 29 24 20 20 26 15 21 34 43 47 38 44 46 29 31 28 34 19 32 38 32 40 29 28 32 42 50 49 49 50 56 50 66 68 58 52 77 88 77 81 83 86 61 54 51 67 64 71 71 68 58 61 39 27 42 50 52 49 46 23 22 24 23 16 13 13 18 15 34 34 29 46 36 31 39
21 13 17 13 12 18 15 19 16 10 20 12 41 39 40 49 29 31 45 40 36 37 35 41 49 35 33 38 32 38 18 17 18 27 12 21 22 17 30 21 23 57 49 58 55 55 39 26 18 19 23 23 14 20 18 19 16 23 24 30 46 31 59 52 36 30 30 30 14 15 19 23 19 29 44 35 61 73 57 50
66 72 52 54 54 73 56 62 59 52 73 67 58 59 52 73 71 55 66 62 49 67 61 76 62 63 66 62 64 54 71 59 59 56 69 61 53 38 38 47 33 44 28 43 32 26 44 113 112 99 128 104 17 16 19 22 15 30 22 32 66 59 48 41 27 28 24 33 10 15 14 12 15 59 61 72 66 43 59 51
12 10 15 10 13 11 17 15 14 18 8 13 66 81 70 67 60 86 89 87 62 74 41 46 43 42 48 46 44 43 15 11 13 7 8 12 24 23 21 29 23 30 18 18 21 20 16 14 19 12 21 13 78 55 77 63 70 99 99 93 66 65 41 29 35 33 24 33 71 75 66 74 77 35 22 27 30 26 27 15
68 66 72 66 60 65 72 59 71 64 63 64 86 74 78 77 76 82 81 78 79 86 92 101 92 79 97 107 80 109 16 14 22 14 15 12 11 18 21 23 14 36 30 35 34 37 24 20 21 25 27 19 13 13 15 10 15 60 59 57 27 39 38 30 24 28 26 20 14 11 14 17 20 29 21 28 60 70 75 52
21 19 15 23 19 27 25 11 12 14 16 10 72 55 61 67 81 66 70 79 56 52 58 49 56 72 42 56 63 62 28 40 41 40 36 30 69 64 64 86 74 48 42 40 43 44 43 104 108 99 102 99 15 10 16 18 19 32 44 38 90 89 37 43 68 78 74 56 12 13 16 18 15 91 55 54 68 64 65 56
13 9 11 8 11 15 20 24 21 29 16 19 11 8 6 7 7 10 11 14 5 8 13 15 12 14 15 15 13 7 54 61 62 65 64 55 80 69 63 67 64 57 64 49 67 48 49 72 63 65 58 65 72 80 90 62 57 109 102 71 157 156 32 38 20 23 18 17 21 15 10 13 17 28 31 24 27 23 28 29
80 55 58 55 62 72 75 79 64 72 78 81 40 31 31 42 38 50 29 39 28 32 44 49 46 38 48 45 45 56 34 27 34 34 34 34 43 46 44 37 47 64 43 67 56 61 70 62 69 76 60 63 23 13 21 21 24 27 28 38 103 95 45 47 88 87 97 76 21 18 19 18 6 30 34 27 19 17 18 15
19 28 15 21 23 12 13 30 19 25 20 23 39 41 45 47 37 34 40 37 34 34 38 46 47 35 35 31 48 47 62 58 49 63 51 59 62 89 76 65 79 38 24 38 45 37 39 56 56 60 62 61 89 99 80 89 82 29 21 36 56 65 34 34 26 19 16 17 21 17 17 20 22 44 35 51 79 59 61 69
40 37 44 36 39 52 34 49 53 54 46 42 64 64 58 66 52 62 70 68 52 56 49 34 40 31 43 46 50 42 27 22 21 27 17 18 16 18 19 19 20 45 41 38 39 39 35 26 16 22 23 22 56 61 71 66 78 25 53 31 55 44 40 32 115 101 101 105 15 17 16 21 12 36 34 33 23 25 25 27
19 16 13 29 2 14 9 17 17 14 15 20 61 53 45 48 46 65 58 68 47 58 36 48 41 41 46 63 43 63 35 53 40 36 42 41 16 16 12 15 11 23 19 14 11 15 16 27 28 19 21 33 25 26 23 28 27 90 83 92 40 45 72 57 55 39 48 47 55 54 53 55 58 42 41 28 40 37 32 35
86 70 71 76 80 72 98 64 95 85 78 72 86 98 79 83 94 73 75 86 72 85 51 59 56 56 63 62 61 53 51 42 60 49 43 50 34 35 42 39 47 33 35 29 44 32 28 88 90 83 76 93 16 20 25 20 18 32 27 41 49 33 52 49 55 63 51 65 13 15 12 19 15 37 28 43 40 38 31 29
18 19 7 15 17 15 14 13 18 13 18 16 57 56 41 32 56 37 53 56 46 48 40 46 42 51 43 42 52 54 58 60 58 60 64 62 79 83 76 76 72 70 71 72 60 67 73 56 56 77 84 74 19 26 15 21 24 86 78 74 43 40 36 30 18 20 14 17 35 48 50 45 55 36 28 21 14 20 18 27
101 79 79 61 67 92 133 110 141 96 109 122 74 72 29 42 69 82 54 46 46 42 76 79 87 57 95 90 77 84 86 10 107 51 72 105 20 81 77 72 42 95 56 69 76 90 69 103 66 105 113 86 100 52 60 84 52 108 94 75 93 84 71 70 126 70 57 57 43 69 42 35 112 99 94 93 93 78 56 109
110 219 331 463 615 756 893 1025 1175 1313 1438 1572 1659 1758 1843 1927 2022 2109 2199 2287 2378 2465 2558 2660 2778 2881 2979 3087 3188 3298 3408 3518 3633 3729 3852 3965 4046 4142 4230 4318 4398 4508 4614 4719 4815 4922 5009 5128 5241 5358 5487 5612 5713 5821 5912 6002 6091 6204 6316 6413 6571 6728 6801 6873 7004 7133 7256 7384 7511 7634 7762 7885 8001 8121 8217 8323 8438 8536 8632 8752
18 18 36 18 20 15 23 18 35 35 18 20 34 17 23 21 24 28 23 42 21 32 25 21 41 36 24 56 6 31 25 18 25 22 30 26 41 7 26 1
