40 80 60 69283
68 59 61 66 61 34 33 26 19 16 22 20 20 7 14 12 17 15 22 15 31 32 34 53 37 39 49 60 54 57 64 48 49 23 21 21 22 18 25 26 22 23 23 25 34 39 37 34 27 21 20 27 21 21 25 21 37 33 29 23 26 63 42 60 51 64 55 54 30 40 44 38 23 38 35 70 63 75 65 83
30 26 38 23 22 46 51 46 51 64 52 56 70 71 65 65 65 71 55 55 61 50 70 76 85 51 37 39 46 43 47 43 61 55 59 43 47 48 20 17 26 18 18 17 14 23 24 28 18 20 26 22 28 25 26 26 37 28 30 36 32 23 26 19 28 16 25 22 78 95 96 83 44 56 48 50 45 47 43 48
25 24 30 23 28 51 41 60 22 12 20 15 23 78 80 84 79 82 74 70 30 46 32 41 20 35 50 53 49 47 64 50 53 25 25 30 26 20 76 75 69 73 70 61 23 25 29 23 51 29 33 51 19 24 25 27 25 32 37 35 27 6 14 12 15 13 12 12 26 19 31 30 36 37 32 48 40 36 29 36
32 33 25 33 34 35 49 55 76 77 53 76 65 63 54 54 54 56 53 62 45 50 42 46 58 50 33 27 28 37 31 32 42 54 44 46 57 49 32 31 29 33 22 17 21 29 23 21 61 49 53 49 65 72 67 74 61 75 84 71 79 16 23 11 19 16 19 14 30 29 27 29 45 44 52 24 34 22 26 23
16 20 13 21 22 28 32 25 32 29 30 37 23 23 16 18 22 22 22 24 8 15 14 19 13 18 23 25 24 16 21 22 17 24 29 26 25 22 18 12 13 13 12 17 91 96 98 81 38 26 25 30 69 77 71 76 85 53 56 65 63 68 58 60 65 70 61 59 101 109 71 106 47 45 48 57 55 70 63 56
92 103 102 78 85 50 47 39 24 31 34 22 21 80 70 78 63 57 76 59 15 17 12 13 19 21 24 20 21 15 21 25 21 19 16 19 16 29 21 24 26 24 25 19 25 26 20 24 40 39 39 38 50 67 46 55 46 81 82 93 83 90 93 75 83 112 77 91 57 61 54 73 44 41 39 72 66 63 80 71
64 63 65 50 58 46 41 43 28 24 25 31 24 47 55 61 50 53 45 40 55 40 51 43 50 60 41 45 46 52 39 41 32 33 36 32 24 27 60 68 62 63 82 70 39 38 33 35 22 21 28 21 25 28 25 32 35 38 43 43 40 70 90 66 93 78 62 84 33 21 26 24 44 50 58 37 35 47 34 39
100 112 104 87 97 28 33 39 86 76 60 75 81 55 58 56 68 63 49 59 53 49 50 38 41 53 37 35 36 36 25 31 42 28 27 20 25 35 85 95 88 79 65 89 96 117 107 124 23 15 17 30 22 26 26 18 25 44 44 32 45 80 75 69 56 79 77 86 38 41 31 45 47 32 52 20 19 15 19 14
52 52 53 49 57 38 32 36 35 34 31 36 30 12 16 18 9 11 16 11 62 57 60 61 54 68 60 61 63 70 78 69 63 59 54 62 61 60 73 56 61 55 61 56 39 47 36 40 31 38 40 34 63 47 50 62 44 68 57 60 66 78 57 47 70 71 61 70 70 59 91 73 31 38 27 53 47 57 61 45
35 32 34 27 29 49 54 43 31 30 28 38 23 14 27 10 15 21 17 13 63 68 75 75 82 70 41 55 62 39 48 55 45 25 36 32 31 29 46 48 49 57 55 52 100 102 114 118 101 97 96 95 78 87 74 70 77 30 26 25 32 16 10 11 17 15 16 18 58 71 53 65 59 50 56 65 63 66 69 81
24 30 27 27 28 41 24 43 25 20 25 20 33 23 20 16 21 26 23 21 20 22 16 25 22 25 17 19 11 16 15 8 21 73 78 69 60 65 19 21 21 13 22 24 35 23 25 22 93 82 108 97 25 27 38 42 33 36 48 41 42 88 91 82 91 93 71 103 39 29 45 35 31 29 35 33 20 23 29 22
93 91 63 81 84 62 45 52 57 51 49 69 50 66 63 67 65 76 61 66 52 52 43 51 61 63 53 38 45 47 47 47 42 12 15 23 23 27 85 74 75 96 83 81 43 32 33 46 99 84 89 89 13 17 21 20 16 26 28 25 24 49 46 37 55 42 53 53 35 49 27 39 57 57 47 20 12 16 21 16
87 99 92 78 74 35 36 47 16 18 16 23 24 79 89 78 71 76 100 94 73 61 59 68 64 74 115 93 94 88 108 120 98 49 73 71 58 54 67 66 56 71 68 69 26 25 29 26 39 36 37 32 93 95 74 103 76 100 119 98 94 57 69 62 72 70 72 71 33 25 29 25 40 34 30 28 24 34 31 37
27 20 28 20 15 46 40 42 12 16 28 21 18 27 16 10 20 18 24 12 40 36 44 40 29 33 62 62 74 70 45 62 70 30 29 29 34 28 21 25 19 19 23 23 118 122 133 101 21 26 24 26 24 15 24 18 20 31 26 20 15 72 48 83 77 60 49 56 93 100 89 96 44 35 42 72 62 63 76 59
99 102 87 95 84 48 42 49 19 24 15 14 16 38 55 45 58 48 52 48 45 28 24 41 29 32 46 53 39 52 54 38 46 13 24 19 23 10 42 57 52 53 54 52 25 21 30 25 29 30 39 30 65 65 62 54 62 81 78 95 89 55 57 60 59 53 60 47 26 36 22 32 47 38 48 30 32 29 31 29
103 105 105 88 102 56 49 53 20 24 18 28 29 111 110 73 83 79 94 75 48 58 57 56 48 57 60 70 62 68 53 71 70 95 88 95 94 105 60 57 51 44 68 52 24 26 30 31 33 35 47 38 78 56 79 50 73 103 108 106 106 57 89 63 78 73 62 72 25 25 16 25 70 47 50 23 27 16 23 28
82 84 69 78 63 57 45 45 27 27 36 25 28 23 23 16 24 15 15 14 99 92 88 104 107 99 38 47 36 53 61 51 55 91 92 87 89 82 64 44 65 66 47 68 30 25 30 31 28 24 33 32 89 58 65 68 68 22 26 17 22 77 65 68 91 77 68 64 58 61 68 65 43 37 36 64 67 66 71 72
79 79 79 76 95 32 26 34 19 19 14 13 22 10 15 18 16 25 21 14 27 31 22 26 22 33 55 61 74 74 68 62 84 71 68 68 66 51 20 15 19 16 18 18 40 32 39 34 45 44 32 37 30 33 35 28 36 43 27 47 37 60 63 71 62 68 61 58 36 38 37 41 57 48 62 44 37 59 48 35
20 25 23 27 17 41 42 43 53 41 58 50 51 109 97 136 133 121 122 113 50 51 52 58 52 60 43 48 28 50 41 43 38 21 27 31 23 26 44 54 54 46 45 44 22 22 27 19 21 25 31 19 25 33 22 29 31 32 36 34 34 20 26 20 29 15 23 18 25 26 24 24 50 44 35 25 27 26 27 21
27 25 24 21 21 45 52 46 24 24 29 35 30 53 63 56 73 61 51 57 59 64 49 66 59 57 61 32 62 55 65 53 51 63 60 79 60 50 57 47 65 67 77 66 118 125 142 108 74 70 87 72 36 29 21 25 34 48 35 41 36 17 19 28 27 23 12 21 53 63 63 72 58 62 46 49 32 41 35 36
22 30 19 17 19 42 64 59 88 81 101 71 100 43 43 33 36 30 40 37 96 105 84 96 78 104 48 43 56 55 51 54 47 23 17 17 20 8 21 31 27 25 20 35 98 96 125 97 24 29 14 30 34 16 22 22 23 45 27 31 29 40 36 56 62 49 44 42 35 39 37 28 37 38 38 24 35 34 29 18
96 103 88 123 96 24 39 32 90 75 100 85 76 37 46 39 45 43 43 40 21 29 25 23 25 35 59 41 48 52 59 51 45 28 27 25 34 30 19 17 25 21 14 13 34 33 21 24 89 94 55 85 14 21 21 14 20 31 31 31 34 78 59 53 76 67 49 63 41 33 46 43 36 34 35 17 21 22 20 20
33 30 30 27 29 31 30 30 17 17 19 18 19 16 26 11 18 15 7 18 36 46 33 55 45 34 37 45 33 47 34 34 37 31 37 31 28 31 61 75 79 68 62 71 36 22 31 34 56 54 54 68 85 93 68 82 70 84 80 90 86 28 21 26 24 18 18 18 34 37 37 43 55 53 42 49 34 33 40 44
14 21 20 29 22 39 34 32 30 28 26 31 32 11 11 14 15 15 18 5 62 68 66 68 60 70 52 55 61 55 51 69 60 52 53 58 42 54 98 123 112 99 113 108 35 28 31 25 41 27 30 33 80 111 83 93 96 27 24 25 38 60 61 41 39 42 64 56 79 80 75 74 34 46 39 67 73 66 67 67
93 89 119 101 99 23 39 41 25 32 35 32 28 11 14 11 15 12 19 15 13 16 19 19 11 10 36 34 28 39 38 37 35 32 53 48 41 39 21 26 32 27 38 19 27 33 30 30 36 38 40 30 60 57 79 59 64 86 84 54 63 46 55 53 49 54 54 59 40 32 23 38 44 47 61 63 79 84 70 71
29 31 35 41 27 56 49 52 40 47 50 58 50 60 53 55 63 66 67 67 22 14 23 24 16 18 48 30 41 44 45 38 51 24 31 26 20 25 55 52 46 51 51 46 95 114 115 106 23 24 18 22 62 63 63 61 50 95 100 93 110 24 13 20 27 30 23 30 35 38 33 40 27 36 30 40 38 34 28 23
21 25 27 27 32 35 33 24 31 27 30 35 22 30 18 17 24 27 23 22 22 12 15 24 18 24 15 16 21 15 13 17 22 51 65 60 53 51 22 26 31 26 31 22 70 68 54 77 82 85 93 73 76 69 67 72 75 38 39 41 45 16 17 14 9 16 12 14 74 86 77 87 25 41 44 54 31 48 47 48
88 99 103 91 96 57 60 50 32 23 30 44 38 9 10 15 14 11 13 17 78 62 58 85 60 74 65 53 55 45 44 44 56 92 128 111 121 121 63 80 72 75 79 69 27 22 28 35 84 88 89 69 34 17 22 24 30 36 38 26 31 79 68 66 53 68 81 74 14 26 31 24 56 55 47 58 61 75 55 60
83 74 105 62 91 51 51 39 60 46 56 65 68 69 70 63 62 59 76 58 14 30 30 19 30 13 66 59 48 67 63 49 58 25 21 28 22 20 19 21 24 28 29 28 27 27 15 23 29 36 47 41 40 22 33 22 29 26 25 19 29 56 57 54 44 45 37 42 80 106 83 86 43 28 31 54 55 56 51 46
27 18 11 19 16 43 45 52 20 16 19 23 18 63 57 66 63 55 74 68 11 14 17 16 24 15 60 62 65 60 63 57 65 26 32 27 29 26 18 19 22 18 20 20 31 22 28 19 66 53 46 48 30 25 22 18 20 22 18 23 35 14 24 17 19 13 20 23 23 23 23 28 51 43 43 48 43 49 52 41
24 26 25 24 26 55 57 51 27 17 34 35 20 10 14 16 15 11 13 16 49 49 54 62 45 52 83 87 65 87 83 80 69 90 97 95 97 99 106 96 115 89 106 86 41 41 33 29 108 98 97 107 29 34 22 29 37 26 28 32 34 15 18 8 21 22 22 13 26 21 34 16 33 34 34 35 23 31 23 31
26 26 21 18 16 43 54 47 26 30 20 31 32 41 50 47 56 39 47 51 56 62 46 50 45 61 32 28 34 42 30 27 23 19 22 20 13 25 22 28 28 34 17 25 37 37 45 36 43 33 32 25 13 16 22 12 21 42 37 36 47 13 14 19 19 21 18 18 28 30 28 27 45 63 54 33 40 36 43 44
32 33 30 16 29 46 43 32 26 21 23 20 25 22 19 17 30 25 18 31 69 77 77 77 71 88 84 69 81 72 90 80 89 74 78 85 90 93 99 92 94 84 104 83 47 35 38 47 32 44 35 46 117 112 99 101 94 75 75 75 80 17 18 21 19 11 12 19 84 63 77 69 53 37 54 48 61 64 50 49
33 30 29 26 25 39 39 45 25 25 25 28 24 15 18 12 18 21 16 22 15 14 18 13 12 21 16 22 17 22 24 13 22 57 64 60 60 61 18 24 27 31 24 19 113 111 113 120 38 28 43 31 127 93 90 108 97 70 68 66 51 19 15 24 14 14 24 19 80 85 86 76 36 35 32 55 46 51 43 38
24 29 25 19 24 46 41 60 27 23 13 21 21 23 20 22 22 20 17 24 12 18 22 13 14 12 11 17 11 9 17 13 7 23 38 34 34 36 73 73 75 71 84 74 29 19 29 18 60 38 40 30 62 62 49 58 57 59 61 67 70 58 53 75 57 40 55 67 22 40 35 39 48 52 55 30 34 32 32 36
38 33 28 31 28 32 41 30 46 51 48 52 56 47 44 45 50 44 29 42 51 51 42 43 55 41 37 58 60 57 47 48 53 61 56 59 57 58 87 85 72 70 79 73 24 22 21 18 20 30 28 29 19 32 24 26 21 28 35 29 31 61 57 76 67 64 67 87 33 34 24 23 31 32 35 25 29 21 28 24
26 24 27 26 28 40 28 30 70 69 64 86 82 76 71 77 52 69 73 66 15 11 18 16 16 18 25 20 16 31 22 16 20 27 31 32 28 39 78 88 86 94 87 78 49 35 26 44 32 26 21 39 48 60 48 49 46 79 67 67 77 19 27 19 20 21 17 21 31 32 42 29 34 41 46 22 24 26 16 25
32 37 22 36 33 36 36 37 58 50 42 61 65 73 67 48 79 78 58 56 37 37 41 33 40 38 76 58 71 88 66 85 66 24 18 28 22 16 26 22 26 22 23 23 29 36 23 32 69 63 74 89 16 19 20 23 22 25 21 27 18 21 12 13 11 11 16 16 28 26 32 38 42 28 32 49 35 44 44 37
29 30 30 33 19 46 56 60 70 76 67 75 70 51 42 55 43 37 37 49 28 35 21 27 27 28 14 19 19 15 23 9 26 69 51 51 71 66 11 30 30 27 25 26 109 100 95 91 95 112 102 92 64 51 61 62 59 40 38 36 37 26 17 24 28 14 18 17 89 100 86 79 45 45 42 66 74 70 62 82
111 80 102 118 82 67 66 62 96 66 76 87 108 110 114 93 64 89 116 124 84 116 101 104 93 96 57 73 51 88 108 128 92 81 135 54 125 87 59 50 68 91 77 108 89 115 121 89 81 98 101 75 107 105 99 78 105 100 109 116 121 94 90 85 98 93 97 99 100 54 49 61 72 42 30 27 60 59 55 91
114 238 370 506 619 688 759 826 926 1016 1128 1224 1335 1458 1580 1731 1878 2012 2147 2272 2382 2501 2605 2720 2839 2954 3082 3185 3289 3387 3507 3640 3749 3855 3997 4120 4254 4388 4506 4642 4770 4880 5005 5125 5256 5395 5552 5689 5809 5933 6053 6172 6313 6437 6547 6667 6775 6889 7021 7139 7272 7372 7475 7567 7670 7794 7895 8009 8121 8242 8349 8467 8545 8615 8684 8764 8852 8945 9034 9126
23 30 31 23 28 25 22 26 9 16 35 19 22 22 22 29 21 34 24 17 24 21 26 14 18 30 34 25 32 35 26 44 14 30 38 20 31 30 29 1
