20 40 60 61748
66 64 63 71 70 95 90 104 100 78 45 50 58 62 38 51 36 89 60 65 56 74 82 72 71 91 92 103 103 26 29 23 26 34 24 38 80 79 77 76
80 99 72 63 72 88 80 61 60 89 55 50 63 62 49 48 41 67 82 72 64 82 79 73 54 28 32 26 30 51 45 56 59 44 40 35 23 29 19 27
111 80 84 95 97 85 76 84 89 68 64 70 60 59 49 68 64 46 52 52 33 54 58 60 52 30 18 27 19 69 36 70 45 63 71 68 49 45 36 43
68 82 72 84 75 103 81 96 79 94 81 88 88 106 94 97 83 52 64 66 50 44 69 61 56 23 22 30 28 42 39 58 50 81 80 79 61 72 61 48
26 20 26 24 18 27 22 21 23 22 96 85 92 87 88 92 104 67 63 63 65 58 53 50 73 27 20 30 22 64 57 56 58 56 63 66 55 45 58 63
92 79 70 94 87 81 79 72 68 80 85 95 87 79 89 83 87 39 50 42 45 54 39 43 39 81 74 86 84 63 48 43 67 83 63 76 108 108 97 94
15 17 19 14 28 11 19 22 16 17 39 44 50 47 53 60 51 79 84 69 83 91 84 85 86 92 88 106 100 61 61 55 61 60 60 59 56 57 55 51
62 65 71 80 77 91 90 87 84 83 64 62 73 58 58 89 66 71 91 66 70 89 77 81 62 76 74 94 92 18 26 22 29 31 36 40 23 31 27 16
89 92 80 94 82 85 77 100 90 104 83 72 76 80 75 86 91 83 81 69 101 97 74 69 87 90 85 74 92 59 58 66 51 74 54 69 92 98 96 94
97 82 78 88 99 88 68 64 74 81 55 60 54 42 59 48 69 32 38 63 46 31 32 36 52 96 91 86 81 69 59 61 59 45 33 27 22 28 23 17
92 93 92 80 77 95 86 84 99 79 51 57 47 53 44 38 56 43 60 55 44 72 51 53 42 80 79 93 106 59 67 56 60 54 62 66 59 52 55 43
55 68 65 75 71 80 78 68 75 103 124 101 114 94 99 119 124 92 86 78 98 89 90 99 77 83 77 79 60 31 21 26 31 24 38 32 29 18 30 16
73 77 87 81 75 90 87 82 89 84 87 116 109 88 102 89 93 87 65 54 64 58 65 71 55 19 28 23 17 38 52 54 50 69 71 75 128 103 112 123
22 20 11 25 23 20 22 27 25 18 7 14 16 16 14 29 13 42 47 29 36 46 41 42 37 88 104 81 85 50 48 63 58 62 58 66 45 46 49 45
17 17 19 19 13 21 24 17 17 13 58 43 57 58 51 38 45 11 13 14 10 18 15 12 9 95 102 94 87 62 73 61 61 76 59 58 51 53 51 62
22 15 20 13 20 20 22 22 22 23 51 52 49 50 56 51 50 57 53 51 59 66 61 53 54 27 30 27 30 19 23 29 15 35 31 23 25 27 23 21
60 66 69 72 68 82 91 73 73 82 114 100 79 99 113 101 91 37 45 46 38 41 44 53 40 80 67 61 93 51 38 50 63 63 56 60 46 47 47 52
85 102 79 59 82 77 76 80 72 84 86 96 92 84 87 91 88 75 89 80 74 93 98 93 83 91 105 97 112 65 50 59 58 70 86 72 33 51 46 54
76 73 99 80 71 89 64 74 76 61 65 58 56 54 51 61 63 43 50 59 65 61 51 52 54 30 35 30 22 66 52 67 64 33 30 37 104 86 80 93
101 100 29 71 105 102 54 109 63 93 116 93 118 54 47 131 114 52 18 26 106 56 29 46 71 56 44 47 47 63 54 77 70 44 34 69 34 47 83 131
123 236 346 452 562 676 777 892 1003 1118 1255 1384 1510 1628 1753 1885 2022 2124 2225 2314 2426 2534 2643 2753 2850 2957 3074 3192 3316 3393 3474 3552 3627 3719 3815 3903 4045 4165 4289 4425
39 32 45 48 69 29 57 39 36 54 43 43 36 90 100 106 39 42 52 1
