40 80 60 77882
81 63 54 69 70 106 89 76 86 100 80 81 61 69 62 63 73 98 70 109 96 77 25 27 22 34 53 65 33 31 30 38 38 49 18 17 17 21 13 14 40 52 34 29 27 28 22 17 23 28 25 35 42 31 28 35 30 38 41 40 45 51 45 54 54 54 6 26 16 9 14 10 14 20 19 20 21 15 14 14
76 53 68 65 78 66 56 62 51 68 62 50 27 31 28 26 26 22 21 23 19 20 29 29 22 28 63 59 33 39 45 96 95 96 95 89 97 126 105 117 123 124 120 166 165 180 173 162 153 143 175 32 34 28 30 27 40 26 26 43 50 68 57 63 61 53 74 67 65 70 71 74 76 48 44 49 60 45 38 38
84 81 73 83 86 49 45 51 44 51 64 54 32 27 22 26 18 19 24 19 25 18 42 30 36 22 62 63 44 37 42 36 43 48 17 25 18 18 19 23 43 35 42 21 25 31 28 28 33 39 28 76 70 76 63 65 58 79 84 75 48 55 59 57 45 50 11 14 10 15 14 13 21 14 14 15 13 13 13 20
32 17 19 23 25 40 46 42 50 48 40 41 44 29 20 28 16 16 22 22 12 29 73 90 81 101 53 55 36 30 30 90 77 87 18 17 14 13 18 18 34 40 36 32 32 29 25 15 31 25 27 43 44 40 36 40 39 42 51 34 73 74 70 50 71 71 93 97 98 71 96 90 92 86 99 81 87 101 79 94
90 89 78 80 90 61 66 69 60 68 53 64 74 60 59 57 89 89 97 85 81 84 19 30 24 32 53 48 104 107 95 43 45 40 15 15 17 22 12 16 44 32 44 31 31 28 28 30 39 34 29 17 12 12 8 16 17 12 17 18 21 23 14 17 17 13 53 60 69 56 56 64 61 11 19 21 11 14 13 18
24 32 19 17 17 15 14 6 14 16 14 18 31 31 27 27 21 19 17 20 18 23 35 25 23 28 49 55 41 47 39 42 39 45 115 126 106 102 104 94 125 118 115 158 148 146 157 150 147 158 133 51 39 37 38 37 37 46 33 24 52 45 40 49 43 57 97 92 79 99 66 92 77 61 50 58 51 50 57 53
33 25 27 24 20 21 16 17 18 20 16 8 29 33 33 25 53 49 50 44 63 57 103 64 86 80 48 61 35 36 42 43 39 50 14 21 14 19 27 17 49 43 32 21 27 27 20 22 23 32 35 56 65 69 54 51 51 51 55 42 61 78 57 69 49 60 73 53 70 64 54 63 74 100 98 106 106 105 107 104
32 25 29 22 19 36 45 45 48 54 43 40 38 23 28 27 16 23 14 25 29 17 26 34 28 33 56 66 43 36 38 44 35 42 95 98 97 98 91 84 112 109 109 68 81 61 76 65 97 98 100 77 94 85 73 73 76 85 88 93 99 89 87 99 87 104 93 111 120 105 85 104 121 84 94 76 76 75 92 79
20 21 21 19 13 18 16 15 23 21 19 13 64 75 63 69 74 73 82 106 78 89 26 21 27 21 61 61 38 51 34 104 104 105 48 57 54 56 50 48 114 130 137 134 131 129 133 174 200 178 188 58 50 49 43 57 58 61 57 43 74 76 56 91 79 61 43 47 58 53 50 42 56 55 49 52 43 43 50 51
21 19 27 21 19 16 11 17 12 15 13 12 23 29 23 26 34 43 43 45 45 37 24 27 34 33 46 54 38 36 30 84 83 74 19 12 18 21 20 19 40 42 46 29 22 26 17 33 36 26 33 54 54 58 58 46 45 52 49 46 53 58 77 66 52 63 58 67 63 77 68 78 58 55 69 56 55 67 54 54
79 79 77 69 72 91 81 75 82 79 80 87 91 73 84 105 52 52 62 75 52 60 69 85 98 88 41 57 105 113 114 86 81 76 12 16 11 18 19 17 36 36 36 24 26 16 32 33 25 28 29 10 12 15 15 15 17 9 16 12 19 14 16 26 14 14 39 50 50 44 50 49 51 52 36 43 47 55 48 49
77 73 89 82 77 71 84 80 72 85 78 86 103 105 113 116 50 58 52 59 49 68 108 107 88 94 44 69 40 41 42 46 42 40 57 56 54 75 50 61 86 110 80 133 128 144 144 151 155 175 163 40 38 52 42 39 40 40 42 38 49 58 45 66 59 65 92 87 84 72 85 67 105 85 68 71 73 83 79 86
23 15 19 22 23 16 23 18 16 17 16 19 30 26 30 35 20 15 18 18 13 12 111 95 84 104 47 48 114 111 93 25 36 34 19 25 19 20 25 24 37 31 33 22 37 25 25 25 31 34 28 84 94 94 93 77 100 92 95 105 92 93 76 95 79 72 58 69 72 63 63 81 63 100 110 95 95 96 89 101
87 86 81 84 74 69 88 76 72 81 88 82 92 79 97 81 50 69 69 64 66 62 95 109 101 107 57 56 42 39 44 108 91 104 24 14 21 25 16 17 41 42 40 30 24 22 29 36 34 32 28 69 54 47 52 49 45 53 51 56 87 70 70 71 82 90 57 64 51 62 53 68 49 79 77 69 79 82 79 83
18 25 26 26 17 52 57 51 57 64 56 53 25 32 20 20 15 23 23 16 17 20 31 30 25 30 60 67 33 41 34 40 32 35 126 103 129 131 119 119 115 112 107 85 91 80 87 93 92 86 96 86 95 80 88 85 74 69 78 79 105 110 80 103 124 92 99 102 103 88 78 83 83 106 94 93 117 94 115 115
100 77 80 112 91 56 41 41 41 53 50 51 35 36 24 31 20 20 11 20 24 24 120 99 77 105 72 49 48 37 44 83 103 113 17 15 16 18 17 16 40 35 46 32 29 27 29 21 19 27 26 53 42 50 49 46 48 44 51 52 59 86 85 84 69 92 111 115 105 105 127 113 114 67 83 75 90 81 85 70
74 89 77 86 82 64 61 60 44 61 59 68 61 76 80 70 41 52 48 38 43 45 110 104 106 82 56 48 33 39 39 46 46 40 13 25 20 22 15 21 36 34 37 25 26 18 27 29 27 21 27 39 33 55 30 55 49 38 42 50 78 69 75 75 75 69 50 52 40 50 57 55 49 90 103 84 120 90 89 83
113 100 109 124 129 76 78 69 98 84 84 78 68 83 76 89 80 67 62 62 74 66 92 88 72 79 50 54 43 44 33 35 34 40 22 22 19 22 18 25 39 47 31 21 28 21 30 34 32 31 32 47 57 50 45 41 67 41 54 40 57 85 82 72 71 71 71 50 48 51 54 52 52 115 91 97 90 112 107 104
24 23 16 20 31 19 13 14 15 20 16 13 24 36 29 29 24 13 13 21 24 18 98 97 90 103 42 57 32 48 37 90 84 93 75 79 88 75 79 89 49 44 38 30 34 37 26 27 17 38 29 58 57 55 48 48 50 56 49 57 30 16 25 20 13 24 48 51 48 58 49 72 40 37 52 51 62 51 52 56
83 86 92 83 92 56 52 59 44 54 70 49 80 87 101 99 63 52 52 67 58 50 68 79 87 75 56 43 25 35 39 42 33 54 48 50 43 41 45 52 104 93 88 99 95 96 93 95 71 84 78 80 86 76 73 83 68 93 78 84 102 92 111 99 112 111 76 91 81 77 77 62 85 117 112 106 130 105 135 110
20 26 22 26 30 30 55 38 47 52 39 43 80 80 106 82 37 48 44 44 40 46 23 39 23 31 66 64 43 46 33 36 33 44 55 60 47 46 43 53 120 121 101 166 123 155 165 158 137 205 162 66 67 52 66 62 64 70 71 59 56 62 58 45 69 69 61 49 51 47 39 55 62 48 27 37 56 41 32 29
22 27 28 27 29 6 18 15 12 10 15 17 79 70 59 66 87 61 83 77 86 70 28 31 25 27 57 57 46 30 28 34 30 32 12 20 13 12 19 21 26 36 38 25 25 40 29 37 26 34 21 55 40 45 47 46 45 48 49 48 13 25 22 26 21 19 46 44 44 47 43 59 54 12 23 12 14 11 21 20
90 78 81 91 84 92 118 108 109 109 79 91 30 20 25 28 18 21 17 19 10 18 27 35 26 36 61 69 41 32 37 36 30 42 65 66 56 72 65 64 38 34 55 27 32 28 32 32 26 22 27 58 39 39 55 53 52 50 60 38 17 25 16 20 18 20 20 14 15 14 13 16 14 12 10 9 19 20 10 16
32 26 20 20 22 24 22 17 17 15 19 17 77 71 71 75 47 47 52 48 48 50 34 32 32 34 55 74 36 42 46 46 43 38 12 14 22 19 22 12 47 41 38 31 28 31 22 30 33 30 26 86 77 108 86 95 80 96 74 91 52 65 63 56 73 54 108 87 93 105 100 118 108 76 68 72 79 70 59 62
22 24 22 21 20 50 42 51 54 47 70 57 82 88 70 84 50 46 44 39 37 43 33 27 32 32 61 65 37 38 39 46 35 30 64 86 78 72 92 79 44 23 35 35 21 30 32 31 20 32 26 50 55 43 56 69 58 52 39 63 18 15 20 16 16 16 10 14 13 17 16 14 10 20 14 13 20 22 17 20
88 76 100 90 87 50 58 55 57 50 50 68 95 95 87 106 66 58 57 75 62 78 81 84 91 99 46 48 46 52 34 106 85 81 124 135 126 132 116 115 101 98 86 74 61 68 76 95 82 98 76 43 32 38 27 29 35 36 43 34 81 54 53 52 58 53 50 47 48 40 48 33 51 72 78 67 77 72 62 78
23 16 20 18 16 43 49 43 52 57 53 43 66 54 74 76 61 46 47 73 57 56 24 33 23 27 47 58 86 95 83 41 30 46 19 18 14 20 15 19 39 32 35 31 36 34 22 23 20 21 32 47 75 75 51 59 80 70 68 51 46 43 42 35 38 44 17 19 12 13 21 14 15 13 15 18 16 12 14 10
16 25 34 27 26 54 41 54 48 67 51 31 31 26 25 25 17 17 18 18 20 20 95 76 105 91 52 50 37 24 36 30 32 40 109 105 121 105 117 136 118 100 70 158 172 155 165 134 128 122 144 64 81 84 89 69 83 71 67 80 126 119 111 126 123 106 71 98 100 98 98 106 99 132 156 164 139 139 138 122
84 89 95 78 90 44 46 44 50 42 46 42 103 132 107 102 67 82 69 79 67 73 95 99 86 99 55 55 40 43 42 37 43 32 67 61 56 65 61 70 42 36 41 36 34 25 29 18 28 21 27 90 68 61 65 79 82 58 68 71 65 50 47 53 53 45 56 56 37 56 55 54 48 49 53 54 52 58 48 56
138 128 154 148 146 86 89 77 78 101 79 67 90 85 81 76 49 62 68 70 56 57 89 94 108 93 51 53 34 29 39 26 31 36 51 48 50 60 54 54 120 113 113 148 161 164 156 125 146 144 113 45 57 58 67 62 75 74 51 48 107 136 103 137 130 133 88 86 77 82 101 81 80 127 134 106 126 125 150 116
19 20 19 26 26 61 41 41 57 48 41 45 22 28 25 26 9 16 20 23 19 30 32 33 26 28 49 62 33 39 24 22 32 41 121 107 113 102 118 115 90 84 104 78 90 87 91 86 71 79 77 83 91 85 79 76 98 69 72 80 129 124 103 123 128 110 98 89 81 108 109 91 70 139 113 145 137 164 142 152
81 84 59 75 76 66 60 57 43 49 57 43 29 24 31 22 38 50 46 63 55 59 28 28 25 29 59 57 120 126 104 40 41 40 21 31 12 13 19 25 35 39 43 31 17 27 34 34 21 25 26 62 63 61 52 57 65 68 50 60 72 101 102 82 101 88 55 57 55 62 72 60 50 77 58 75 57 60 69 71
17 21 22 25 22 19 12 20 21 19 14 14 52 66 68 69 44 52 34 40 54 46 24 35 35 23 77 54 93 83 90 44 36 31 55 42 55 55 52 51 110 101 103 56 70 65 82 64 75 69 82 73 53 77 61 74 66 73 72 67 52 58 69 75 65 54 44 54 54 48 54 60 65 46 53 56 42 54 56 56
20 19 20 24 12 46 36 42 37 45 33 43 64 72 75 70 88 80 88 88 94 93 27 24 25 25 46 58 30 33 36 34 36 24 20 17 14 23 16 14 48 44 38 23 31 37 31 25 29 20 20 8 7 7 12 11 12 14 14 8 19 19 24 20 24 21 56 49 57 54 55 40 69 15 17 12 13 16 8 18
23 27 20 12 22 9 12 15 12 19 10 19 40 36 22 27 21 18 28 20 21 20 35 19 32 24 46 58 40 35 29 91 99 85 81 76 55 84 78 75 37 36 32 34 34 36 27 28 25 26 15 44 51 44 45 44 49 48 41 52 17 23 16 22 27 17 51 54 53 53 39 39 56 43 51 67 41 57 44 65
26 27 25 14 17 52 60 56 47 55 46 42 29 37 32 33 42 45 53 37 43 51 31 32 34 32 77 54 35 42 41 30 26 37 100 109 100 102 88 83 117 108 133 65 72 71 69 77 87 80 97 30 27 38 28 28 35 40 29 42 50 56 53 48 56 43 48 43 46 44 52 50 39 53 74 84 68 59 59 67
78 101 87 85 91 59 72 60 69 60 59 65 66 69 65 61 94 94 88 81 84 94 28 27 19 25 47 54 37 39 53 38 45 36 62 60 67 62 58 63 39 25 31 21 27 30 23 10 24 29 32 16 15 18 10 17 13 18 10 9 19 19 19 13 25 18 14 22 19 17 9 13 17 17 17 22 13 12 11 16
137 133 126 145 133 84 85 85 75 98 77 83 102 91 83 102 61 77 61 60 72 70 105 93 79 90 63 57 90 89 105 43 33 44 49 60 62 57 59 61 116 135 116 88 83 70 74 92 77 83 86 37 27 36 33 38 43 35 39 32 64 61 64 63 53 51 42 47 33 29 37 48 33 78 82 77 83 79 85 80
20 24 27 21 10 17 16 16 19 14 22 14 74 60 66 77 68 65 56 58 52 52 31 30 36 32 60 62 38 31 40 96 113 110 20 15 19 17 19 17 47 37 24 29 26 33 23 32 31 24 27 34 36 42 34 31 42 33 30 34 43 39 39 37 33 47 10 22 15 15 13 20 9 9 17 13 22 17 23 22
143 99 164 135 130 87 108 102 98 120 85 77 52 68 86 60 54 37 31 102 11 48 118 91 86 83 64 58 61 97 53 103 105 120 125 62 96 113 73 51 114 121 103 180 179 187 127 195 176 226 198 75 94 97 90 96 97 85 100 99 148 140 129 150 131 140 115 112 130 98 126 129 124 98 151 170 112 146 117 138
153 300 470 634 796 914 1045 1165 1286 1407 1505 1606 1720 1866 1991 2120 2224 2333 2441 2562 2669 2773 2906 3027 3147 3266 3352 3434 3567 3707 3833 3953 4078 4203 4343 4493 4636 4782 4914 5065 5204 5354 5506 5690 5880 6079 6270 6466 6687 6914 7122 7222 7328 7448 7551 7657 7768 7875 7981 8098 8251 8402 8539 8691 8835 8982 9105 9233 9366 9486 9627 9758 9892 10046 10219 10400 10554 10735 10901 11069
39 12 40 20 29 21 36 12 9 38 24 15 29 19 19 20 20 21 34 14 19 38 42 38 54 10 41 5 25 11 22 23 14 34 38 23 34 17 40 1
