40 80 60 74602
118 111 109 132 125 110 75 69 69 71 72 80 72 83 76 76 72 54 71 75 71 65 61 64 90 82 64 80 59 98 83 88 92 103 87 82 111 77 74 70 65 51 60 78 62 66 51 76 69 53 81 78 63 62 92 85 79 86 84 81 82 88 89 90 87 87 74 66 83 75 88 71 80 91 84 79 84 71 90 80
28 36 25 37 27 28 26 16 20 11 22 38 36 28 44 39 57 63 57 53 68 53 70 60 65 57 71 64 74 17 23 25 26 20 25 18 28 82 78 76 89 79 69 55 51 39 46 38 43 74 54 52 56 59 71 62 66 75 35 42 39 45 37 45 34 63 51 59 44 49 42 50 48 47 51 62 47 60 62 57
113 120 121 119 112 114 58 78 76 77 59 77 78 70 72 78 145 117 104 113 139 119 131 118 118 126 120 130 133 164 146 149 151 159 139 168 157 122 123 131 115 109 122 130 114 111 126 126 119 211 209 210 208 198 189 211 196 189 83 73 82 69 76 58 73 120 114 142 107 114 94 115 97 111 122 97 89 107 117 90
33 31 31 40 26 36 66 48 54 60 55 83 89 87 85 75 16 18 12 12 19 15 9 19 13 10 9 18 12 100 95 101 99 22 28 20 29 83 70 75 65 73 66 72 53 63 73 70 66 50 49 46 65 55 66 62 51 59 79 69 69 70 78 66 67 113 112 118 114 108 137 110 108 107 106 121 103 115 100 117
77 91 88 77 92 86 58 60 48 43 61 69 71 71 67 67 35 45 47 43 39 38 67 78 57 63 79 64 61 66 61 59 73 76 47 69 62 45 40 48 56 51 47 42 44 38 47 53 51 45 61 58 56 71 73 73 56 76 92 75 86 88 66 64 87 103 75 103 110 115 83 86 100 101 103 93 108 101 83 91
123 121 115 123 132 154 82 71 68 78 71 63 89 84 95 94 63 57 73 66 67 62 69 56 52 51 54 52 49 90 122 100 93 101 92 109 108 84 95 76 94 84 77 127 112 113 124 106 123 159 157 144 151 151 124 141 138 138 134 116 129 129 109 113 119 104 91 111 81 117 104 106 108 107 89 102 101 105 110 96
133 114 111 114 144 146 120 107 124 112 135 88 121 122 110 94 85 99 128 97 98 95 82 76 82 86 86 92 89 118 128 140 117 126 135 147 110 63 65 67 53 51 51 66 79 64 58 70 73 86 96 75 73 64 112 103 102 86 105 82 76 78 77 89 98 77 85 86 95 70 65 70 56 70 71 70 72 80 69 69
111 112 111 125 129 134 60 72 79 81 72 72 77 80 84 84 58 62 61 71 63 63 70 60 72 69 68 70 69 83 92 92 102 101 96 91 101 89 121 97 91 103 98 92 102 91 110 94 96 181 154 175 188 161 130 140 133 144 120 122 108 111 90 124 101 120 107 110 111 128 122 108 115 128 125 129 117 112 101 114
105 110 129 115 139 128 70 60 64 71 68 89 77 82 95 93 109 115 99 104 112 114 123 127 116 104 114 102 94 95 109 85 92 83 101 87 102 97 79 94 91 101 85 106 100 129 119 123 105 95 109 114 125 118 168 150 147 169 34 56 52 49 54 45 43 84 80 79 67 75 72 65 71 75 77 79 64 95 77 91
25 25 34 24 28 33 59 56 52 52 72 66 67 65 62 75 61 61 62 62 65 62 55 53 53 40 58 50 45 33 25 25 21 18 25 22 19 70 68 86 62 73 58 84 68 69 83 81 70 76 66 50 51 66 73 58 77 71 66 94 66 79 64 80 78 67 72 76 77 79 69 60 55 64 60 72 71 58 61 74
81 87 90 80 91 86 43 45 56 54 50 65 67 81 78 86 70 68 67 84 74 71 71 52 61 76 69 71 74 115 110 109 100 113 101 103 96 32 43 49 39 43 39 45 55 62 56 67 70 59 62 44 56 47 60 57 61 70 32 52 39 45 38 48 31 47 60 49 71 54 59 61 57 58 52 58 37 40 47 55
38 36 20 29 32 35 27 18 19 18 19 26 16 24 22 13 77 72 78 87 88 78 78 76 77 78 70 84 76 92 60 63 76 73 78 77 63 51 50 44 40 50 47 37 45 48 46 62 43 51 64 48 51 58 63 69 67 57 65 69 68 88 70 57 66 60 56 54 62 51 71 53 58 55 52 50 55 55 49 40
30 39 35 22 39 24 18 18 17 26 13 28 17 22 15 12 59 51 52 50 42 45 52 41 33 36 39 44 52 97 66 79 71 59 58 82 80 99 107 75 99 114 106 76 72 71 63 45 51 45 47 46 53 54 58 69 58 61 40 45 32 48 32 42 33 42 55 51 49 54 46 53 59 48 60 48 56 48 54 48
26 31 33 26 28 32 21 23 15 19 17 43 53 35 39 41 64 46 62 66 57 69 46 46 43 52 43 50 55 25 17 28 26 24 26 23 29 43 50 51 37 52 51 50 46 36 36 46 35 56 48 52 51 51 63 49 71 62 95 106 94 101 100 102 81 110 92 115 115 101 98 104 94 108 88 119 108 116 95 124
30 30 31 33 38 33 66 49 63 75 68 73 74 69 88 98 48 53 54 52 42 54 77 54 66 62 72 71 66 71 60 76 68 83 63 84 75 36 37 33 45 37 34 43 35 27 50 49 29 14 13 24 21 15 32 28 24 20 17 11 19 18 10 17 7 20 26 22 12 24 15 17 17 12 24 20 20 15 19 16
33 34 32 30 33 23 22 15 17 19 18 43 45 53 36 40 15 16 20 15 19 12 14 14 15 15 9 7 11 28 23 27 26 23 19 27 31 72 62 68 57 69 76 57 69 57 58 58 55 17 11 15 24 21 22 17 21 25 9 10 14 13 14 18 15 20 22 17 22 15 28 17 21 18 18 14 18 26 21 25
26 36 34 34 34 34 56 69 52 65 57 66 57 59 55 51 41 45 38 34 47 51 33 36 36 41 38 35 42 62 66 69 72 72 66 72 52 16 16 19 16 15 13 18 16 20 18 12 9 17 17 16 13 30 27 16 14 27 62 71 44 52 52 47 40 18 20 17 19 13 26 13 16 18 13 19 19 13 14 19
37 30 27 26 28 35 69 66 71 68 58 96 85 87 73 70 66 56 50 57 57 61 44 54 45 44 40 43 43 95 56 80 99 26 19 17 26 59 42 39 50 48 51 47 45 51 48 45 42 53 50 55 46 49 63 58 67 59 79 64 66 71 78 69 80 49 59 58 65 62 50 44 57 53 72 51 57 56 54 64
137 135 119 122 132 143 76 55 71 60 71 75 96 73 62 84 48 62 53 66 65 71 73 80 84 94 74 78 80 91 98 94 109 97 102 86 104 108 104 102 85 103 101 130 122 118 111 118 124 107 102 97 101 93 155 151 146 147 104 107 108 117 117 116 111 158 143 157 129 131 119 144 157 155 131 167 138 145 131 135
33 32 30 24 40 35 71 54 77 69 64 64 48 41 65 61 48 62 66 66 54 66 35 49 46 49 42 57 33 23 28 28 25 23 25 29 24 57 49 48 42 43 47 71 63 66 78 67 69 68 59 45 50 57 76 89 68 52 78 76 78 75 76 80 68 115 120 104 119 102 114 112 122 106 104 91 104 112 114 111
129 131 131 118 109 125 133 145 116 124 126 123 101 108 114 115 102 99 113 101 84 102 88 88 97 88 86 87 82 187 207 213 198 147 132 130 138 51 53 59 70 58 46 69 64 55 53 56 61 90 64 78 84 82 96 96 98 107 80 84 74 98 99 86 90 80 62 78 62 75 71 70 79 87 90 79 88 89 64 68
37 28 24 28 27 31 23 21 11 16 28 44 48 49 33 29 49 62 54 51 46 58 46 50 42 43 59 49 45 22 23 30 24 21 24 24 20 9 20 15 16 20 10 22 21 15 18 12 15 13 24 17 7 27 21 26 23 31 15 15 15 13 17 15 13 13 19 21 24 21 21 17 19 18 20 17 31 16 15 17
36 35 32 37 28 28 66 61 70 63 70 68 59 71 62 71 15 21 18 13 16 18 8 14 17 15 11 18 19 25 16 18 25 23 19 22 20 58 74 77 84 90 78 48 49 47 58 39 40 44 50 56 37 51 63 70 68 75 81 88 78 82 74 78 85 56 47 60 52 50 62 59 56 55 55 53 51 63 72 52
186 188 165 193 191 180 103 108 126 100 94 90 92 88 107 112 99 112 138 152 124 138 109 99 126 101 111 96 94 153 153 134 139 149 130 121 146 66 86 75 99 97 82 84 82 74 89 86 86 73 76 67 86 67 98 101 90 90 85 91 74 95 74 68 82 89 54 90 79 92 77 79 80 69 78 59 78 68 82 75
37 34 27 25 31 31 62 61 71 55 65 59 79 52 72 64 100 73 81 99 79 96 85 83 97 85 88 96 90 135 125 172 153 77 63 66 87 77 64 66 81 70 68 63 73 68 64 73 62 54 59 54 58 48 70 80 73 77 14 12 13 10 20 17 14 25 22 27 12 14 25 16 20 18 20 19 14 21 17 28
24 31 35 28 39 36 18 19 24 18 18 28 36 40 44 41 82 77 96 82 88 75 82 76 84 81 82 83 75 73 73 58 63 79 66 58 66 80 81 60 78 77 58 94 91 86 88 91 86 188 175 161 136 168 111 88 110 115 31 33 45 47 37 33 49 51 69 55 57 62 36 42 54 64 47 43 51 57 45 48
123 115 124 128 132 129 104 122 113 127 126 125 124 145 119 128 55 76 56 77 60 65 77 89 85 97 78 81 85 150 150 137 152 85 89 88 113 78 88 80 84 91 70 88 93 86 88 76 72 78 74 86 80 75 87 108 95 91 84 91 83 94 79 77 62 126 130 135 123 129 111 133 111 116 132 107 139 107 135 99
37 26 28 30 31 26 67 67 57 56 70 55 54 72 75 59 58 54 56 77 53 61 32 44 44 57 39 40 47 19 17 30 34 21 20 27 22 12 12 13 15 25 20 30 29 33 37 28 34 18 27 22 11 20 21 31 21 18 85 70 99 104 78 87 81 69 65 73 79 51 81 53 69 50 58 68 55 63 53 63
31 38 26 33 32 25 16 20 16 16 17 18 21 9 22 20 43 42 39 38 46 49 38 38 52 46 36 41 32 62 64 60 78 67 70 78 68 50 44 47 42 39 41 46 39 50 53 33 55 65 47 48 57 56 76 67 62 45 39 28 27 33 37 38 38 44 49 56 51 58 53 40 46 52 49 44 47 60 47 43
75 94 84 97 80 86 110 91 106 108 109 91 88 85 88 99 75 80 75 74 68 82 82 96 84 116 95 94 88 108 123 111 123 107 123 98 108 16 12 23 20 13 18 19 17 12 18 15 19 10 23 20 19 18 22 23 31 18 56 41 43 50 42 43 43 18 17 25 12 18 19 23 20 22 13 18 27 18 11 16
33 32 29 29 36 28 20 16 25 22 14 21 16 20 20 19 16 13 14 9 18 18 12 13 18 12 12 13 13 25 20 23 21 20 17 31 19 15 13 24 20 15 14 44 27 39 31 32 37 18 16 21 15 14 25 18 16 30 78 84 75 78 81 81 77 60 77 64 84 67 69 68 78 53 57 66 77 61 62 65
28 37 33 29 32 38 59 66 72 58 62 79 73 101 90 107 53 48 45 43 56 62 60 77 80 58 88 74 83 25 22 17 36 14 22 30 25 15 15 18 11 11 20 25 24 29 28 26 48 25 17 24 17 19 23 24 24 25 12 13 15 14 8 18 6 16 25 21 17 19 19 17 19 16 16 16 15 24 22 25
35 25 41 31 33 40 65 61 57 65 57 53 57 51 59 68 11 26 14 11 16 9 14 10 10 13 15 6 17 19 29 23 19 25 22 25 29 54 74 60 73 68 64 98 90 80 75 74 75 96 89 89 96 118 74 68 73 66 33 37 42 37 41 35 30 51 49 45 58 53 55 51 50 53 59 45 51 47 54 46
171 178 152 181 177 157 95 95 109 98 84 151 133 136 112 114 98 99 89 91 105 109 84 82 66 79 72 76 66 143 133 134 138 139 138 128 168 90 91 93 88 91 107 101 95 94 103 72 109 144 174 161 167 154 135 130 129 144 119 110 102 118 120 100 94 96 119 105 126 118 113 113 109 95 105 93 100 122 110 104
79 98 82 92 81 82 99 110 92 101 86 79 85 81 91 87 39 50 45 38 33 43 44 40 40 37 39 26 39 73 67 73 67 55 79 52 69 61 93 55 65 67 77 66 63 68 63 59 75 94 109 114 113 110 71 66 63 61 41 46 36 41 42 52 37 54 62 59 52 63 50 51 47 56 54 63 55 53 63 51
26 39 36 29 35 28 61 48 74 66 48 51 68 48 61 59 66 45 71 62 55 52 58 50 58 42 46 41 51 24 29 22 25 21 19 24 20 38 36 49 36 46 38 58 59 56 56 63 50 89 116 113 135 110 65 77 77 63 44 33 32 33 31 40 34 45 53 68 59 58 48 52 59 49 40 59 54 55 48 60
126 110 134 106 124 118 74 79 79 74 78 97 105 101 106 102 51 64 52 65 44 65 92 84 80 78 78 92 67 98 92 104 101 91 99 80 90 113 95 106 83 85 81 80 94 84 83 77 70 85 73 81 70 70 94 94 109 82 59 45 58 53 44 57 48 84 87 74 83 84 68 73 59 73 62 80 73 77 68 83
118 136 128 117 120 123 81 93 85 76 70 81 78 73 83 61 101 104 121 111 103 104 84 85 108 134 88 106 117 97 80 98 88 104 88 91 110 121 136 124 130 138 125 95 90 121 90 115 109 116 120 141 118 123 141 148 130 161 44 77 65 55 65 50 50 74 71 76 85 99 83 64 67 73 67 57 67 71 64 77
106 84 59 86 76 92 48 53 66 58 46 46 47 56 40 49 123 127 107 145 126 114 92 103 101 77 101 101 87 110 94 108 108 121 112 98 119 74 68 70 86 70 69 58 65 59 76 57 56 97 97 93 105 98 72 67 65 63 36 43 45 50 27 54 39 68 54 45 39 46 54 63 66 53 50 50 51 57 71 66
25 33 30 40 40 21 67 63 53 71 64 66 73 57 60 73 53 49 69 65 53 64 60 41 54 51 49 45 48 111 88 106 96 22 24 23 21 89 75 78 78 78 110 103 89 81 84 102 93 98 98 75 101 101 121 103 107 104 47 38 45 28 30 41 37 47 55 39 49 57 49 54 43 58 58 59 53 50 56 66
206 414 597 810 1021 1220 1367 1528 1668 1809 1959 2126 2273 2434 2566 2708 2869 3010 3163 3331 3485 3638 3783 3924 4064 4212 4345 4489 4636 4843 5072 5307 5526 5702 5856 6042 6228 6363 6514 6659 6803 6956 7095 7239 7374 7517 7657 7797 7934 8167 8398 8630 8860 9079 9288 9521 9738 9947 10095 10230 10373 10516 10649 10786 10918 11093 11251 11425 11568 11713 11865 12024 12198 12370 12516 12701 12855 13016 13166 13316
15 28 6 19 14 18 13 10 10 27 24 20 31 18 39 68 44 28 15 21 10 80 28 15 27 16 17 26 38 25 49 58 24 10 18 28 10 12 19 22
