40 80 60 77329
94 127 107 112 163 134 126 137 91 99 102 80 74 79 92 89 91 107 108 131 107 146 137 141 187 160 162 164 176 149 149 139 129 125 67 70 66 72 70 58 61 57 57 54 56 57 65 51 81 71 90 92 85 142 178 150 163 90 93 72 68 45 47 35 35 43 42 38 60 65 49 52 68 66 91 99 92 100 89 99
147 110 128 129 90 82 93 97 130 124 108 131 113 112 118 142 106 116 153 138 71 87 77 84 93 114 98 114 85 72 98 117 83 80 20 17 20 26 30 22 27 22 31 20 29 19 32 21 38 40 39 44 42 45 36 44 43 48 52 42 57 21 30 26 37 39 23 27 117 91 93 90 104 79 51 76 52 63 46 52
16 18 17 17 26 30 25 23 24 17 19 17 38 45 41 49 37 31 26 32 19 14 16 19 24 21 24 19 14 11 10 14 8 15 57 49 40 51 43 33 51 39 37 32 44 31 31 35 34 54 32 36 46 25 18 21 14 25 19 12 15 41 34 33 37 37 43 41 10 12 15 10 11 15 22 26 19 15 12 24
19 25 23 18 26 24 24 25 25 25 25 26 10 18 25 28 22 24 28 24 17 20 16 20 58 70 77 72 49 53 44 60 42 43 52 47 48 45 39 47 67 48 53 58 58 65 58 52 16 16 21 18 21 17 26 16 20 20 35 17 30 48 47 48 39 48 47 46 16 20 13 20 20 17 23 13 16 23 9 13
144 147 122 127 99 124 119 92 79 89 64 79 78 72 68 64 74 169 147 144 84 85 63 78 127 138 143 137 116 101 114 115 106 111 72 82 85 70 81 63 65 66 73 67 81 84 92 88 41 40 42 46 58 62 88 59 70 50 60 71 55 89 65 95 68 82 86 85 24 31 16 26 25 29 45 41 43 35 33 52
72 63 72 77 47 41 54 41 74 80 74 49 41 41 34 40 40 94 96 88 103 80 106 97 44 54 52 48 46 54 41 50 46 35 40 47 34 37 39 39 45 30 23 28 20 20 22 19 36 46 41 36 39 52 53 50 61 46 42 43 54 84 86 67 81 88 68 77 106 98 99 99 89 106 104 77 85 91 79 109
20 24 26 18 27 18 14 23 29 16 20 28 37 25 20 29 37 32 23 21 33 26 27 28 21 16 28 17 39 45 52 49 43 47 24 33 36 24 29 26 30 46 40 55 38 56 37 47 20 24 13 19 17 20 13 14 17 59 55 44 72 80 89 71 81 72 87 87 38 55 43 39 42 45 24 20 29 36 24 30
18 13 31 21 21 19 20 11 19 13 18 12 24 27 36 25 29 18 23 35 32 21 31 30 73 61 59 73 63 55 61 65 55 65 91 86 84 66 82 92 90 50 57 61 61 66 64 50 39 35 36 39 49 68 68 60 71 29 30 23 20 49 43 42 36 48 37 48 15 17 13 13 11 18 11 25 20 22 20 18
65 69 53 73 53 54 51 51 37 36 38 41 55 63 50 60 53 65 76 83 38 34 43 40 160 125 139 150 65 87 80 66 80 57 32 39 33 30 33 30 25 27 31 28 35 25 23 32 43 53 46 46 47 58 80 65 60 108 101 117 127 38 32 35 29 31 41 44 68 60 69 71 52 71 87 78 79 103 93 97
51 51 42 37 35 51 37 48 37 46 43 30 32 30 40 31 37 37 33 17 18 19 22 17 31 20 28 39 25 34 32 37 40 36 87 87 84 93 81 68 87 41 53 57 55 37 44 48 40 34 29 32 43 64 74 77 71 16 16 21 13 18 19 17 12 14 12 18 37 43 42 44 40 50 12 18 13 20 12 14
134 134 143 130 129 135 153 127 75 79 88 92 107 128 110 109 100 134 154 129 77 62 72 78 81 64 82 77 79 59 83 57 58 65 64 66 63 66 65 81 69 42 38 45 37 47 42 45 78 74 99 94 96 86 78 76 112 101 124 110 121 63 72 59 72 57 67 63 66 74 69 66 66 51 44 47 45 32 45 43
108 105 119 98 124 131 116 122 128 123 116 146 81 94 95 84 67 159 162 144 92 105 97 92 144 103 109 100 88 80 77 82 86 92 21 28 23 19 32 22 29 49 41 47 46 34 40 35 40 31 23 28 37 46 39 53 45 51 68 59 60 79 72 83 72 92 93 89 77 71 66 65 67 85 38 56 47 44 49 41
47 54 52 71 40 32 51 27 46 49 32 36 57 45 50 40 57 30 43 27 17 18 20 19 22 33 30 25 17 13 18 15 16 22 31 30 34 27 35 36 23 34 39 30 41 38 38 41 38 53 53 48 26 46 52 49 54 63 46 53 51 90 84 89 85 90 92 67 33 27 38 31 27 30 33 31 29 26 35 42
137 130 138 134 82 94 100 87 124 138 153 127 138 130 135 132 144 170 179 172 94 106 81 97 101 103 112 97 62 63 60 54 63 53 40 36 31 38 41 51 43 45 55 46 44 42 52 52 50 56 49 52 69 86 74 93 80 69 61 66 62 44 39 35 42 35 33 35 52 42 64 54 49 47 40 42 39 51 49 45
118 114 101 89 88 82 80 105 68 86 73 81 70 77 54 56 76 78 95 89 62 66 83 70 123 124 115 111 74 87 89 77 93 74 41 30 46 40 34 29 38 32 37 29 37 41 36 47 76 84 65 81 60 102 115 98 106 54 56 60 51 25 26 35 22 21 31 30 87 95 88 95 99 104 62 67 72 65 61 69
28 31 22 29 13 24 27 24 20 14 18 20 20 26 20 16 15 31 34 32 30 34 25 27 61 66 68 77 60 65 60 74 61 54 8 9 10 11 12 13 13 8 8 6 11 13 9 8 10 14 14 13 9 32 21 32 33 32 42 47 46 21 22 25 26 13 23 23 65 59 68 72 70 63 42 48 40 41 41 44
19 16 22 15 27 21 39 20 17 23 29 18 30 19 27 20 22 18 27 28 24 22 24 12 14 15 17 19 41 49 44 41 47 49 52 61 46 50 65 48 51 52 51 48 55 48 43 71 34 30 35 29 25 26 22 24 19 60 59 59 49 58 51 63 67 69 53 66 26 31 37 24 19 27 26 21 28 35 30 25
85 80 99 74 73 78 71 78 86 86 99 77 85 90 94 82 87 187 162 169 103 101 99 99 172 148 159 190 109 102 98 130 110 124 84 96 85 110 98 95 89 52 52 63 57 49 51 60 99 87 72 91 93 122 100 123 115 107 96 101 112 57 62 49 58 71 49 50 70 61 61 77 75 78 38 52 35 53 44 44
31 37 33 41 49 52 47 43 43 38 37 29 46 47 35 32 35 23 21 21 28 16 19 24 17 22 19 18 16 17 16 15 16 10 39 53 46 42 45 29 46 39 54 53 49 47 58 45 34 46 41 36 42 20 22 22 27 22 15 20 14 11 19 9 22 16 11 10 16 20 18 23 21 13 14 4 11 6 9 17
24 29 19 30 25 29 27 26 18 22 23 23 10 15 10 14 15 36 34 37 40 33 42 32 21 16 21 23 37 43 40 32 37 29 27 24 30 29 26 36 25 41 41 44 38 41 48 66 17 13 11 9 18 32 28 25 33 57 48 54 63 28 32 26 33 32 38 33 87 81 71 78 71 71 57 68 69 61 53 60
74 62 60 77 45 49 40 46 56 72 54 50 50 65 51 49 58 81 85 83 38 44 43 36 60 40 58 46 47 47 52 52 47 44 79 62 66 57 65 63 77 86 88 94 83 97 83 92 78 75 77 78 80 71 85 76 87 63 80 66 67 56 46 56 50 57 57 50 72 70 63 58 60 64 41 45 44 48 53 30
46 44 40 43 64 61 73 60 42 47 56 36 62 50 62 60 49 55 56 57 69 63 67 72 64 75 54 72 40 43 50 36 42 51 54 45 69 51 45 59 47 57 61 60 67 72 78 65 134 113 143 116 120 121 99 120 139 41 30 44 35 17 23 26 30 18 20 23 17 34 24 36 28 29 41 56 46 50 50 37
96 119 105 98 156 133 173 157 92 86 101 97 86 70 67 100 81 159 157 191 108 88 89 100 108 106 82 113 54 55 78 44 56 62 62 60 52 69 54 51 61 56 54 51 52 61 67 60 65 91 72 82 72 85 77 80 92 93 71 100 111 68 60 58 47 56 75 58 76 81 76 79 85 80 69 90 74 86 78 71
20 27 16 30 19 20 29 22 20 18 25 29 15 17 18 25 21 43 34 30 38 36 39 24 28 29 20 36 15 8 11 10 13 22 52 33 44 46 53 47 53 92 67 69 78 65 68 74 82 78 75 76 78 61 61 65 67 17 19 29 19 18 22 15 16 13 11 17 45 43 41 39 42 57 31 30 25 32 24 26
48 43 40 43 55 45 55 50 62 63 49 68 55 47 43 41 43 67 79 62 64 63 58 63 42 40 56 52 37 38 41 40 37 35 32 41 35 29 27 44 27 19 30 26 25 18 30 24 43 33 44 52 56 42 39 47 41 70 63 64 59 56 50 51 46 50 56 56 62 60 63 64 60 61 79 65 84 71 80 86
70 55 52 53 71 54 83 73 96 104 92 103 66 82 61 68 71 58 62 60 70 72 81 62 67 70 89 65 48 43 44 53 42 45 54 60 58 53 70 73 72 46 43 40 48 48 44 37 69 77 79 108 98 114 116 119 114 108 103 115 97 58 52 49 30 42 43 47 83 88 82 72 72 82 70 80 76 87 77 63
17 19 22 20 23 24 18 15 13 20 18 18 27 32 32 35 27 34 40 37 14 18 16 21 36 27 25 25 12 13 12 10 11 9 42 21 41 47 38 38 40 51 40 30 35 51 33 48 55 57 72 63 66 61 67 73 53 44 50 34 32 34 23 24 38 36 27 28 84 78 88 96 95 91 40 58 52 41 44 56
60 78 66 69 69 61 58 78 58 43 51 64 56 45 59 55 53 60 44 53 59 57 67 70 150 130 174 162 56 58 66 65 73 68 78 69 79 77 60 57 71 50 42 48 50 39 44 51 29 27 32 26 35 51 53 42 37 57 41 38 39 94 91 85 95 77 76 75 48 40 39 41 51 40 59 48 56 54 59 55
84 98 125 75 138 145 138 146 136 127 130 119 98 121 88 95 113 95 113 92 108 131 113 116 108 99 104 113 104 89 96 82 94 124 18 18 32 21 14 20 24 41 29 39 44 49 42 45 62 72 74 72 79 44 55 34 40 63 60 58 54 38 23 31 31 20 35 20 70 70 64 75 59 87 55 38 54 27 44 39
36 42 42 47 56 51 51 49 77 50 67 77 35 51 42 34 41 38 65 47 88 74 75 83 143 140 162 150 83 92 92 72 108 74 58 50 47 50 53 45 53 77 70 62 65 67 70 72 41 43 39 42 44 53 43 53 59 68 65 67 77 33 33 38 22 25 32 29 54 39 38 45 49 38 62 63 68 82 61 71
56 58 45 52 72 50 58 52 38 31 34 30 63 75 82 68 76 21 25 23 21 30 13 25 23 26 17 16 12 15 13 13 13 11 75 85 73 82 88 96 89 67 65 56 77 70 75 70 45 49 59 51 50 57 44 49 61 69 77 67 58 51 44 53 60 43 53 56 30 24 42 30 29 32 26 32 20 35 29 35
16 21 29 16 24 15 22 16 23 28 10 14 15 16 11 14 12 42 32 26 19 25 16 8 33 33 28 23 30 26 34 29 27 31 20 12 16 12 18 15 14 7 14 14 9 10 13 17 19 16 23 14 23 23 14 11 18 59 39 45 56 28 21 23 22 19 20 26 46 47 33 57 58 49 63 56 59 47 52 65
62 61 55 66 74 58 63 64 46 60 44 49 68 72 50 49 74 54 57 44 81 68 56 68 44 32 45 55 42 45 50 50 43 45 52 52 46 50 48 45 49 66 66 68 64 57 69 57 51 53 56 47 71 110 111 119 127 65 75 50 53 41 48 42 40 29 40 40 62 65 59 83 63 59 39 45 52 37 34 41
81 80 81 69 65 65 58 51 79 81 70 88 73 91 76 103 80 92 83 75 104 78 86 81 39 46 34 42 30 35 30 44 39 32 62 66 70 85 82 75 73 38 38 42 41 38 45 49 78 84 69 60 71 87 88 91 100 122 108 123 111 60 67 58 57 57 58 61 37 38 39 52 50 54 83 74 65 79 73 86
14 19 10 21 30 20 20 33 24 13 17 11 15 15 15 14 9 33 25 27 28 30 18 18 21 23 14 26 10 9 10 10 13 11 35 22 37 23 32 28 18 36 45 42 50 54 42 33 64 57 59 60 49 70 76 74 70 64 88 61 64 41 31 36 40 42 44 48 111 85 108 114 92 93 42 51 53 59 49 44
40 39 37 34 51 42 59 40 44 48 45 39 50 46 43 45 59 82 72 67 69 61 52 69 132 107 103 111 90 80 76 90 96 84 61 37 40 45 51 51 42 80 67 84 78 74 64 77 47 43 46 36 51 71 81 72 59 58 54 58 44 18 26 24 21 18 26 21 100 96 82 94 92 90 42 43 29 31 19 38
14 23 10 13 25 30 23 35 29 23 30 26 16 19 20 22 13 24 33 33 25 25 20 36 19 22 26 22 43 29 38 30 39 42 26 32 25 33 30 32 39 32 24 17 32 31 25 36 67 66 64 60 77 66 57 45 57 44 50 49 45 65 70 66 54 78 65 76 42 52 35 50 43 45 33 46 35 43 29 33
132 127 131 118 140 147 136 127 87 90 92 99 158 167 160 158 168 108 120 98 131 113 120 129 146 105 132 142 117 127 129 121 122 105 75 73 69 61 69 65 69 35 43 45 37 32 38 37 77 98 86 88 82 71 68 65 64 111 120 94 108 72 62 47 56 50 56 56 64 71 71 65 89 66 62 80 92 82 73 73
16 16 21 17 25 17 14 9 15 19 20 12 48 38 57 35 49 38 46 32 23 17 26 27 29 21 27 22 17 10 9 17 9 19 35 42 35 37 49 33 46 39 43 45 25 38 43 31 21 14 16 13 25 12 21 16 15 54 73 77 74 62 49 55 46 53 37 59 29 33 30 21 19 33 55 56 63 56 60 70
27 28 23 28 19 21 30 23 25 28 29 25 38 35 40 37 33 34 45 28 20 16 12 22 35 25 24 20 8 11 15 19 19 16 10 11 10 17 12 13 11 12 17 16 11 22 15 21 38 42 45 40 39 23 19 16 18 25 24 22 19 41 45 47 45 30 49 43 7 15 15 12 5 13 54 44 36 44 51 38
163 326 484 632 812 975 1166 1340 1491 1644 1813 1975 2150 2335 2512 2687 2873 3080 3278 3489 3634 3796 3948 4104 4311 4488 4680 4890 5085 5250 5415 5569 5712 5851 5952 6059 6154 6276 6385 6492 6592 6694 6792 6896 6988 7096 7198 7300 7448 7573 7731 7860 7993 8150 8347 8513 8693 8828 8965 9101 9242 9346 9447 9553 9659 9761 9864 9963 10093 10202 10322 10448 10563 10681 10796 10906 11008 11122 11225 11346
9 10 47 36 8 17 31 36 13 32 6 17 21 9 17 42 32 8 49 33 16 21 14 30 27 11 32 13 17 14 21 55 24 14 53 13 36 12 40 64
