40 80 60 72981
49 43 35 38 36 58 53 51 37 40 59 18 21 26 22 19 23 18 15 9 19 30 23 28 43 42 31 91 78 79 82 102 45 30 45 27 30 26 31 10 21 12 24 52 52 44 34 39 41 35 38 33 43 57 57 56 55 68 58 58 47 56 48 54 45 85 83 78 70 68 88 81 17 33 29 22 25 22 26 21
27 25 16 21 17 8 12 9 11 11 14 99 85 90 106 68 50 81 69 56 31 30 37 43 23 25 21 55 58 63 52 57 23 20 19 73 77 65 76 88 109 114 110 79 80 83 85 80 86 98 78 87 29 33 38 26 24 24 32 28 64 83 70 62 60 38 45 42 39 26 26 29 82 92 106 27 35 36 26 36
73 71 82 62 56 41 36 36 23 34 35 23 25 24 24 57 56 54 56 54 17 16 19 23 40 37 17 8 13 20 15 12 23 30 23 25 26 20 25 19 18 16 17 88 77 79 76 72 82 93 88 74 80 84 96 99 93 97 81 92 26 23 31 18 22 12 19 14 23 14 12 18 30 15 22 53 57 56 55 54
52 55 55 54 53 67 49 55 53 59 65 111 109 95 95 40 59 52 42 51 25 25 20 24 20 17 28 89 46 57 64 73 32 46 42 51 49 64 47 31 29 36 28 32 22 21 24 25 32 17 34 35 54 52 51 55 52 43 60 54 17 23 21 15 21 15 11 13 14 7 10 19 86 80 71 40 44 53 50 42
15 19 21 29 23 21 16 19 15 19 12 19 22 24 27 47 49 56 58 47 30 30 22 38 31 23 34 22 25 20 25 23 21 29 13 13 16 17 23 28 28 32 28 35 38 26 30 34 41 35 36 37 11 14 21 19 12 16 9 16 62 44 60 56 51 93 78 77 80 80 91 80 45 58 59 31 30 28 35 34
52 42 45 53 47 81 49 80 55 81 64 18 26 18 18 14 16 22 17 13 21 28 16 22 31 31 42 21 24 23 17 10 30 20 14 18 16 16 16 22 37 21 37 51 41 54 44 40 55 48 49 65 30 20 23 16 34 35 35 23 78 75 64 70 56 31 46 40 50 41 33 39 36 37 40 14 16 9 14 11
116 93 134 112 109 52 65 47 56 58 52 68 78 78 65 58 50 51 67 63 98 105 103 99 61 62 46 49 35 35 32 37 91 83 95 100 109 99 93 79 87 89 95 68 86 49 60 73 70 64 67 66 73 63 77 93 53 61 68 62 48 54 61 48 48 41 45 45 41 48 36 33 71 53 65 47 47 42 41 42
21 22 25 20 19 35 35 30 37 30 24 45 67 72 75 54 51 67 56 73 21 11 19 21 24 23 21 15 15 10 14 14 28 37 25 86 96 97 90 78 91 73 77 56 57 48 42 41 49 46 41 42 49 47 43 66 39 43 50 45 24 23 26 15 17 28 34 28 43 34 35 42 46 50 49 96 106 113 92 93
18 18 14 15 23 45 42 42 37 34 38 24 30 23 25 26 30 32 30 39 20 25 27 29 31 28 32 18 20 24 17 13 30 30 20 86 76 83 85 62 48 67 64 17 31 25 23 30 26 20 36 21 30 27 29 39 35 30 29 33 31 31 21 18 20 6 14 9 13 11 12 8 107 90 83 90 85 112 109 101
39 30 39 39 39 39 30 42 31 32 34 60 53 58 58 39 55 48 46 46 63 64 60 63 73 78 82 64 69 56 55 73 76 83 83 107 112 115 98 93 102 113 88 26 24 30 24 22 27 23 37 26 61 49 47 58 41 50 51 46 14 19 20 31 24 33 31 30 33 31 28 28 31 27 25 59 51 48 60 61
78 70 62 75 76 76 59 61 54 56 57 34 27 28 31 17 19 17 10 16 44 43 43 39 40 32 30 14 19 25 23 21 31 29 24 119 94 114 97 102 119 118 98 80 83 76 85 76 79 78 80 99 48 53 49 50 49 47 46 47 68 54 61 46 54 76 71 68 76 70 81 83 32 22 25 15 16 18 18 18
67 54 47 71 56 58 39 51 41 38 41 49 57 69 45 70 76 61 59 63 37 45 46 45 35 29 36 75 65 68 73 63 20 25 28 19 14 16 15 19 20 16 20 32 41 45 30 35 30 45 44 42 11 10 9 12 17 8 11 8 76 63 72 64 69 81 80 100 97 93 95 91 82 90 76 49 59 60 56 51
18 9 23 23 9 21 16 38 27 35 27 28 28 24 23 46 63 51 48 52 49 52 53 46 26 15 26 85 84 72 92 91 25 28 25 9 16 19 20 18 27 17 26 34 40 44 41 50 46 37 36 50 46 50 51 33 48 54 34 48 38 49 46 55 46 46 62 60 50 45 55 61 29 22 20 9 30 23 17 21
60 62 71 59 52 48 52 55 58 57 66 16 18 19 11 17 13 13 9 10 35 25 28 26 37 34 29 12 16 27 19 15 39 36 31 86 83 82 67 92 99 81 82 33 38 18 29 37 27 22 29 22 34 36 34 30 38 26 37 45 23 18 25 28 20 35 43 35 36 40 46 45 74 67 70 92 80 94 81 82
121 121 103 119 97 83 91 74 75 94 84 68 71 89 56 52 48 38 42 50 96 124 110 105 56 59 63 59 61 65 43 50 99 97 100 78 86 90 79 66 76 81 75 45 38 41 44 52 51 55 49 50 85 83 89 79 83 86 94 87 82 94 96 88 104 40 46 48 41 39 33 53 83 77 58 30 33 33 40 37
39 43 31 39 37 56 49 62 42 50 53 79 69 68 88 64 66 63 64 77 69 82 79 74 76 64 51 40 34 29 31 30 64 67 61 126 84 89 88 60 79 81 84 41 30 25 28 22 36 25 31 26 32 36 34 35 39 47 41 37 18 16 13 15 17 38 37 33 36 50 61 48 14 26 32 24 18 17 25 19
108 108 114 124 101 80 102 103 113 106 101 69 78 79 80 37 47 43 30 36 36 47 47 45 101 104 99 49 39 38 43 38 81 71 77 80 80 71 86 96 85 75 109 43 41 41 32 30 30 50 44 35 40 44 41 55 39 50 45 60 67 76 78 87 64 42 42 32 32 39 44 44 41 33 41 80 80 80 79 86
29 17 21 22 20 11 9 13 13 8 14 22 27 9 17 40 36 48 50 47 25 32 34 27 33 28 29 30 18 18 15 15 47 29 37 65 71 70 78 72 51 42 62 72 68 76 56 62 74 64 58 63 113 95 97 89 104 99 103 129 26 12 15 29 26 13 9 15 16 21 20 15 83 91 94 51 43 36 33 35
107 129 125 102 106 97 82 78 77 68 100 52 38 38 64 35 37 45 29 34 89 103 86 98 71 64 76 54 50 60 47 58 53 69 71 79 97 89 83 90 67 67 55 33 47 48 45 34 33 33 37 34 49 56 63 41 49 53 54 54 81 73 63 69 72 60 58 61 74 58 68 60 79 97 94 64 80 92 86 91
12 19 16 19 10 19 18 12 18 18 17 17 19 21 28 55 43 44 55 43 24 15 21 20 21 29 19 69 83 70 73 75 36 33 38 20 18 21 16 21 29 29 22 39 33 44 29 25 36 48 32 37 10 14 13 6 12 7 13 10 15 13 14 23 18 31 25 24 28 27 21 29 24 21 16 61 52 47 52 51
11 20 13 10 17 13 12 10 17 23 14 40 33 22 24 14 16 19 8 18 33 38 35 32 33 36 43 20 21 21 14 19 25 41 30 14 15 14 19 22 33 23 23 17 12 14 10 10 8 10 7 9 29 46 31 30 26 34 32 40 62 58 55 53 56 66 71 73 56 65 60 63 69 78 78 23 30 27 31 41
61 58 55 72 65 29 22 42 33 30 34 70 75 89 70 91 77 81 77 70 43 43 38 41 92 75 71 49 43 43 53 40 76 56 81 66 50 72 56 78 76 83 99 86 91 66 80 94 101 72 84 88 33 39 30 46 38 39 33 39 57 68 67 81 65 66 55 46 64 65 54 73 28 36 30 13 11 18 20 14
69 69 75 61 71 80 75 80 85 68 78 33 19 29 35 33 30 27 50 40 46 58 69 57 29 29 35 23 21 25 20 23 36 40 43 27 28 18 23 24 16 21 17 75 83 72 79 71 66 72 87 66 43 33 35 36 45 37 39 39 82 85 101 98 86 28 36 36 34 31 38 50 26 27 33 15 15 11 12 23
45 46 45 45 42 88 79 101 77 84 77 108 100 101 90 121 86 96 89 100 66 69 58 71 105 87 100 40 43 39 35 37 72 89 73 111 98 101 99 108 101 104 89 58 53 41 58 47 48 63 69 51 54 64 52 57 64 50 55 64 28 23 25 26 16 9 7 9 6 10 10 10 72 93 73 42 40 42 36 51
106 89 82 98 91 99 90 78 91 71 70 71 56 72 70 57 52 53 54 59 33 50 39 44 98 89 79 108 121 115 115 121 109 101 104 76 60 85 78 96 77 92 88 63 48 47 51 48 47 51 49 57 34 36 45 27 55 36 36 41 24 20 23 17 21 9 19 10 20 22 24 17 26 26 35 12 17 19 15 16
42 60 69 45 46 48 54 66 57 49 46 18 16 10 18 13 17 21 12 15 46 57 37 40 39 36 31 71 51 49 67 67 28 26 28 24 16 31 14 22 27 21 25 47 37 39 50 48 53 53 47 48 8 8 8 13 14 16 8 15 59 81 49 65 55 87 79 79 84 66 68 64 88 97 98 55 57 64 57 44
19 13 20 19 21 43 51 55 56 54 50 19 20 19 17 18 17 16 16 13 18 19 18 14 39 39 33 27 18 21 22 25 24 23 33 21 33 21 27 27 24 23 36 41 59 48 56 60 58 44 54 52 92 93 96 91 90 87 83 89 23 20 17 22 18 48 51 52 55 60 24 43 26 19 18 26 15 11 18 15
48 40 38 47 46 42 49 54 32 49 46 66 77 68 65 36 44 38 21 36 66 66 66 56 88 79 112 88 93 96 100 63 85 97 91 68 79 60 75 119 93 127 91 67 79 58 70 85 68 65 73 75 31 31 34 25 32 33 36 30 63 51 66 54 53 67 46 57 49 60 49 52 19 33 22 51 37 52 44 44
53 55 43 45 47 34 57 58 56 61 56 45 45 52 35 70 54 60 54 71 49 64 52 76 69 68 57 42 58 63 54 60 71 65 76 73 89 81 62 91 100 82 82 62 92 97 79 85 78 80 71 75 123 141 133 137 137 112 121 100 16 15 11 12 13 9 11 11 18 12 12 23 60 62 59 65 56 60 70 79
53 53 50 63 50 71 76 92 70 73 75 150 139 137 122 99 93 95 95 98 53 45 42 44 93 88 92 84 74 71 67 72 81 91 72 86 79 76 79 100 87 84 86 79 60 61 73 89 90 83 88 83 87 67 71 57 64 75 61 56 21 24 23 30 21 13 20 5 18 9 17 11 58 66 60 63 50 52 53 44
16 20 24 22 23 15 16 15 11 11 16 16 20 21 22 26 30 16 25 23 31 32 23 22 25 22 32 14 14 20 22 17 14 22 28 20 27 21 25 29 30 29 31 7 7 7 6 9 9 17 8 5 36 54 60 48 42 48 45 50 91 73 59 60 67 58 70 69 61 52 54 73 40 34 20 17 29 24 20 22
48 61 74 70 56 54 41 52 57 52 55 53 72 65 44 71 55 47 42 57 55 62 73 63 71 91 94 51 49 46 57 47 68 70 50 51 64 48 66 115 116 87 110 48 40 48 49 52 44 39 44 45 49 69 55 41 46 55 50 48 19 29 33 12 25 31 36 26 24 33 33 24 39 42 35 19 25 22 22 20
64 64 59 58 55 50 55 52 49 48 50 157 165 144 150 96 89 113 97 106 57 67 66 47 97 108 111 38 52 46 51 44 102 86 111 88 98 96 99 63 59 66 62 25 25 35 33 33 33 32 25 20 102 100 87 88 105 91 91 97 82 85 78 79 75 49 49 67 54 56 52 49 90 100 88 49 47 55 58 53
18 14 12 11 19 11 12 9 10 9 11 114 83 97 94 89 92 97 95 98 58 60 61 62 43 33 36 23 15 25 27 23 36 37 36 28 24 28 28 20 23 16 19 34 28 36 33 27 23 34 33 30 13 7 8 8 11 9 12 13 43 50 48 44 54 74 88 80 60 77 92 66 100 77 93 68 51 48 53 46
53 52 61 63 47 46 41 35 40 37 49 22 27 19 21 24 16 24 12 13 56 65 56 68 33 32 29 15 14 14 20 11 26 31 17 19 19 22 17 30 26 26 14 7 12 9 6 5 5 12 10 6 53 50 46 59 42 41 43 52 62 46 49 63 64 133 85 97 105 94 90 80 30 34 40 15 20 21 33 22
38 53 45 36 44 58 51 53 50 41 52 98 100 81 101 90 93 109 119 96 30 21 36 34 27 19 20 25 28 23 24 16 38 43 35 33 35 40 28 40 45 53 46 6 14 5 9 5 8 9 9 3 13 14 13 11 14 12 11 11 19 30 23 18 18 21 15 12 11 18 18 15 71 73 56 66 67 65 64 64
19 26 21 22 21 44 35 47 53 32 48 21 15 19 14 14 11 15 16 13 57 53 40 58 29 24 23 65 63 62 83 70 21 26 20 17 28 25 28 25 26 25 25 32 27 29 42 31 25 30 29 23 56 46 57 61 55 46 44 54 86 76 93 78 102 49 42 44 48 40 34 41 74 69 68 40 47 48 53 54
80 81 70 82 89 74 73 70 77 85 84 58 49 68 51 45 49 50 53 50 69 71 57 77 87 80 102 103 102 109 110 97 98 108 90 108 128 108 125 99 86 105 102 50 48 48 50 54 56 40 54 47 35 36 41 28 46 39 36 36 7 17 17 15 11 33 41 39 41 47 50 42 27 35 35 21 27 19 24 21
22 25 27 17 30 16 16 17 23 14 29 62 64 63 77 78 76 82 82 68 65 69 53 51 29 19 20 83 69 92 79 69 34 38 34 27 19 29 19 33 26 26 27 36 30 34 27 30 24 21 27 28 11 10 7 4 9 6 12 11 98 90 104 71 77 71 64 75 44 57 54 71 92 83 78 52 50 51 42 47
102 103 91 116 86 92 94 83 87 88 106 139 98 119 82 92 79 94 57 58 88 76 84 82 78 82 111 41 59 97 51 108 107 110 110 119 84 109 107 117 89 121 82 72 54 78 43 55 84 81 49 71 63 123 126 112 53 68 100 79 47 37 52 15 82 73 59 78 82 79 85 81 105 61 93 83 52 108 64 53
122 252 387 512 622 722 825 929 1043 1150 1257 1415 1581 1726 1877 1999 2093 2207 2327 2434 2533 2658 2769 2875 2981 3090 3203 3312 3434 3550 3666 3788 3898 4009 4121 4248 4377 4493 4619 4739 4859 4987 5098 5187 5280 5378 5464 5559 5661 5760 5849 5949 6073 6215 6349 6487 6625 6738 6860 6990 7089 7184 7289 7388 7493 7627 7716 7817 7923 8018 8114 8206 8314 8415 8522 8619 8726 8840 8950 9052
24 20 17 24 29 39 15 28 29 28 15 19 34 32 17 19 16 28 15 48 44 12 29 12 13 24 46 14 14 17 66 23 18 32 31 37 34 11 26 1
