20 40 60 64076
71 88 81 72 85 73 69 74 72 76 63 60 74 56 56 40 44 63 55 47 46 43 34 49 37 44 99 98 93 90 91 109 102 113 112 145 129 100 88 89
52 50 49 31 36 45 56 46 79 80 58 85 81 79 71 39 56 41 37 41 12 10 18 11 20 15 12 20 27 16 96 82 94 95 27 37 33 34 32 36
57 42 42 53 49 53 53 46 92 92 99 92 99 107 92 105 99 88 105 108 42 42 43 35 43 48 121 119 127 119 194 174 150 177 118 119 133 103 85 87
63 63 69 55 70 83 69 63 148 118 152 132 132 131 117 70 85 76 69 56 64 58 61 53 54 58 92 94 104 98 86 104 90 113 97 99 113 108 119 108
12 4 7 12 7 11 8 4 46 47 49 39 49 50 62 67 55 59 55 67 45 60 63 53 56 50 20 26 33 33 17 14 18 19 16 27 27 25 28 33
21 29 24 30 38 33 30 28 48 39 46 37 31 34 48 25 17 17 23 15 49 57 44 61 52 67 54 44 50 47 31 29 25 30 23 21 23 22 26 17
96 89 82 78 74 74 69 58 34 41 48 32 45 53 52 59 60 65 72 70 98 100 117 99 115 111 98 85 81 53 159 139 160 151 148 146 133 113 105 106
14 10 10 18 18 15 15 19 34 31 27 49 27 34 50 44 39 38 41 40 20 16 25 21 21 18 21 20 16 14 23 13 24 26 23 23 17 19 27 37
41 39 50 41 45 49 48 32 12 13 9 15 12 15 7 14 10 18 12 10 39 38 59 54 45 38 70 56 57 63 57 58 58 43 25 34 31 39 28 40
66 61 53 51 46 58 67 61 64 93 95 86 92 86 96 21 20 26 26 22 18 18 23 14 21 14 33 33 41 47 95 99 89 111 36 33 47 25 33 25
82 80 74 80 86 88 96 73 56 41 59 53 44 39 46 50 35 46 37 29 65 52 61 51 50 56 46 38 41 35 19 21 22 13 18 33 20 28 35 27
34 26 37 34 31 33 32 32 45 44 53 41 47 44 36 18 26 34 15 23 51 54 44 65 67 57 35 21 34 32 17 31 23 30 30 28 28 32 26 29
56 59 67 60 47 62 47 51 50 49 43 61 52 60 57 85 63 73 84 88 62 61 67 65 59 76 133 131 140 155 174 169 181 181 141 159 151 91 78 80
50 50 50 59 51 61 57 52 52 45 65 53 60 39 50 70 90 86 98 78 67 57 72 77 81 78 133 125 140 125 114 116 123 98 115 118 121 116 124 100
52 57 46 44 71 56 61 48 92 95 95 108 106 95 95 120 144 116 133 120 59 72 62 85 83 87 101 106 88 82 93 106 94 96 125 131 125 151 152 165
43 36 44 25 51 43 48 48 13 16 13 13 11 8 8 25 49 40 43 40 14 12 11 11 9 11 17 21 12 17 23 31 19 15 47 45 27 18 25 26
46 34 45 29 31 36 38 50 25 31 33 26 30 36 26 53 57 49 52 52 45 49 58 69 44 62 72 67 82 64 29 24 16 25 29 42 42 27 40 40
27 24 31 20 27 27 24 19 53 57 43 60 49 64 87 22 22 23 24 26 14 14 23 11 10 12 24 20 19 24 20 20 15 19 32 27 31 31 42 41
72 63 71 81 69 65 64 74 56 57 56 64 57 64 41 60 57 59 67 50 46 46 48 33 62 52 134 108 91 86 176 157 176 150 140 137 156 156 148 165
91 85 85 81 85 70 92 66 135 109 87 101 116 53 105 116 110 113 116 100 84 100 95 119 109 104 96 119 134 95 91 96 167 135 116 119 148 144 152 151
97 187 273 355 442 531 628 703 852 971 1124 1257 1390 1522 1640 1761 1906 2023 2157 2278 2377 2478 2596 2716 2832 2944 3079 3211 3352 3508 3703 3878 4060 4242 4391 4551 4708 4865 5018 5184
22 55 24 20 85 68 19 122 74 42 58 73 17 15 34 89 65 95 22 1
