40 80 60 71627
31 21 16 22 11 16 34 22 27 31 19 18 18 19 12 16 60 45 34 48 46 36 16 11 8 8 16 10 11 17 10 16 11 13 18 16 21 14 21 22 20 31 13 13 18 26 27 23 63 49 33 43 23 33 80 66 66 50 61 64 53 99 104 93 108 40 39 30 53 61 76 45 60 86 94 87 93 88 50 61
72 63 50 38 63 57 87 104 83 82 94 100 105 85 86 84 137 147 133 122 121 134 48 38 43 49 48 39 48 48 47 63 66 58 56 54 68 59 71 66 73 85 74 58 85 83 88 72 145 165 96 92 80 84 104 115 105 121 100 112 101 85 69 77 90 107 113 136 67 55 59 54 74 89 69 73 66 90 172 153
18 22 18 15 18 16 23 22 30 32 21 20 24 31 20 17 37 33 41 48 49 45 62 73 66 61 53 66 67 63 66 56 53 54 66 63 57 49 27 23 23 28 28 20 30 21 24 22 66 59 101 102 101 100 15 10 9 19 20 11 16 24 38 39 32 37 50 42 61 61 67 54 52 24 20 22 16 32 57 67
119 140 149 114 119 118 192 193 176 197 134 123 141 113 138 145 123 123 131 115 126 121 75 59 70 68 66 63 64 66 68 83 78 103 95 104 97 76 155 152 140 136 160 105 102 96 128 107 171 171 101 88 114 98 91 96 104 91 98 100 110 77 97 88 84 108 102 97 123 127 114 117 98 88 85 83 92 79 179 169
46 64 62 59 65 55 32 25 26 25 23 27 26 16 14 19 11 19 25 19 21 18 38 30 34 29 36 39 40 42 40 22 25 12 25 19 15 12 18 21 26 25 21 17 21 23 17 21 53 53 102 78 88 104 16 7 17 15 10 15 17 23 26 34 27 30 49 31 58 71 53 58 51 18 20 28 21 16 61 43
23 20 12 22 12 21 25 39 35 37 22 19 17 23 15 18 24 19 20 21 20 24 35 38 34 38 30 33 28 29 39 41 49 34 54 39 40 41 42 46 45 51 35 111 107 134 126 102 52 58 102 96 104 91 84 73 74 77 67 76 77 32 24 31 20 39 41 38 57 63 61 64 69 24 31 24 26 20 74 61
62 65 55 52 72 68 78 83 90 90 160 150 164 156 157 147 147 140 137 134 135 119 49 36 57 46 51 45 46 47 50 72 82 88 64 64 60 78 95 91 93 94 94 99 82 83 88 76 164 198 82 56 100 77 92 81 88 88 87 101 76 79 88 104 106 104 108 113 46 63 66 65 73 125 151 140 124 130 183 183
69 79 54 68 67 68 125 127 111 106 60 81 58 73 57 67 69 75 69 94 65 64 99 115 116 99 96 93 103 97 100 97 107 114 95 100 104 92 118 134 120 126 106 121 116 127 135 118 66 65 24 25 23 32 18 25 18 15 9 19 13 89 88 88 110 38 47 41 44 49 69 53 47 30 22 25 27 31 57 51
58 75 51 60 65 71 35 36 19 28 43 53 38 56 45 50 47 55 59 66 56 56 32 34 35 43 42 24 34 45 25 20 13 17 9 10 11 18 30 25 28 22 29 17 26 22 20 15 54 74 19 28 38 24 22 28 13 21 14 20 15 20 29 28 22 40 41 51 24 22 20 23 30 100 81 91 91 84 66 51
76 67 66 64 76 78 33 27 30 27 104 90 104 88 109 79 58 52 52 62 67 60 61 60 57 40 46 38 66 55 42 81 70 61 84 77 76 69 51 58 57 58 51 60 53 54 54 59 63 58 29 27 22 18 49 56 55 56 51 46 63 38 44 19 33 47 29 39 23 25 21 20 13 15 20 15 28 25 55 45
64 64 79 64 88 80 21 32 36 30 52 46 53 61 50 51 41 44 50 59 53 54 17 14 19 11 15 16 17 13 10 13 18 18 11 18 16 15 31 19 25 28 23 26 21 26 23 33 65 58 31 34 33 28 68 49 69 62 58 62 75 20 30 42 28 39 41 36 57 72 63 49 70 106 91 96 103 95 60 72
110 116 138 129 110 113 97 107 112 109 78 82 84 67 77 72 107 128 117 119 108 105 71 85 79 74 85 69 77 83 72 87 69 103 92 73 79 97 91 80 90 95 84 74 80 86 77 81 62 61 26 41 37 31 15 13 13 16 10 19 12 33 40 28 32 143 142 151 25 27 23 22 22 97 86 87 106 75 52 70
114 122 100 92 130 108 112 119 120 121 69 54 57 70 63 53 66 73 66 67 59 80 97 89 86 94 92 107 103 114 109 96 92 99 104 100 95 106 117 113 114 115 132 91 87 98 105 102 47 53 31 22 27 25 53 74 51 76 62 62 61 34 23 24 19 34 31 33 28 21 21 26 25 28 25 21 18 32 51 53
63 60 70 64 80 63 95 114 115 123 65 66 54 68 74 58 81 71 68 72 79 77 70 70 80 90 97 97 61 67 101 105 107 106 100 110 111 89 86 63 70 78 61 165 137 131 125 149 67 68 30 28 39 22 72 64 71 73 58 79 63 108 107 130 111 42 48 44 64 48 62 57 53 23 27 22 31 19 57 57
98 109 104 110 96 98 101 128 116 101 90 95 88 99 104 79 81 85 76 76 80 74 47 54 44 51 39 50 41 43 35 55 86 67 64 66 59 76 94 92 98 86 81 62 77 73 62 82 58 67 26 32 26 28 17 19 22 23 12 16 21 24 23 23 28 110 116 107 55 43 47 49 55 17 30 25 21 26 64 58
50 55 57 59 60 56 30 30 31 23 19 14 23 15 17 9 52 62 60 46 56 49 39 46 35 31 36 30 45 50 35 47 61 54 70 68 46 48 23 23 20 25 20 33 20 32 27 21 58 61 30 16 26 31 56 71 63 70 68 68 72 94 125 107 115 115 110 117 52 58 43 44 51 33 22 28 21 29 58 78
16 28 18 15 13 14 33 38 33 33 44 52 47 54 55 48 17 20 18 18 19 15 13 9 11 10 9 14 10 12 9 20 12 16 22 28 22 16 33 21 22 31 19 19 31 33 26 27 58 55 126 101 119 128 59 42 52 74 51 55 49 33 31 29 35 35 32 34 44 52 66 67 60 85 93 99 62 75 69 53
21 14 23 15 14 11 30 28 26 32 65 56 55 56 61 54 67 67 54 51 56 58 15 15 14 13 20 6 18 12 12 15 12 17 14 11 9 20 18 18 24 17 22 19 25 23 33 18 52 51 23 22 24 34 19 15 23 18 12 14 18 27 22 24 25 41 45 46 28 15 25 28 21 77 90 95 64 60 57 51
17 19 21 12 19 17 27 37 37 21 21 21 19 24 22 19 15 21 20 14 16 21 42 45 41 45 50 46 35 50 44 48 55 53 50 61 43 56 27 21 25 19 32 33 18 31 32 23 75 61 104 82 96 89 19 13 14 18 12 16 16 24 31 24 29 44 47 45 39 47 60 44 57 22 21 21 30 24 62 66
58 72 56 62 65 63 93 81 108 107 96 102 100 102 119 100 130 111 106 129 126 123 84 85 73 74 76 79 82 81 80 89 97 70 97 85 79 97 110 85 92 89 80 82 92 75 69 88 37 64 130 113 93 112 54 63 40 66 49 67 41 18 31 22 30 45 50 34 25 31 16 21 23 24 22 22 32 29 63 69
83 67 79 90 67 78 75 92 93 82 50 59 54 60 72 79 70 71 57 66 67 71 106 84 95 84 69 80 80 102 91 67 74 91 82 117 87 76 58 85 69 79 79 77 67 63 63 69 61 59 21 22 33 31 12 17 18 11 10 16 12 37 36 33 31 27 33 43 61 60 56 64 67 22 20 21 25 18 54 45
15 24 21 18 17 18 19 22 24 32 22 16 23 21 14 29 45 48 46 48 41 58 60 49 66 45 56 54 56 58 59 85 83 75 76 81 69 82 56 42 60 48 54 142 107 111 140 117 61 59 33 28 31 26 49 55 60 59 69 52 59 40 25 25 34 37 30 36 24 31 30 19 23 90 74 97 90 95 69 68
48 69 59 66 61 61 90 99 99 104 75 85 87 89 94 96 81 79 70 73 93 90 34 33 38 50 35 36 37 35 41 60 50 57 61 62 60 60 83 77 91 73 100 95 95 71 84 89 52 55 24 22 26 31 63 66 49 57 48 58 78 33 23 19 22 43 33 34 23 18 15 26 20 70 79 75 68 62 59 59
61 61 62 56 38 55 86 87 74 90 68 54 53 68 57 67 64 74 67 63 56 55 59 85 83 62 60 62 61 79 73 71 62 55 66 60 50 63 69 72 74 75 87 71 67 62 67 83 50 51 23 27 28 27 73 48 57 62 71 62 56 36 30 34 36 39 45 33 22 16 22 23 19 79 83 85 77 80 56 59
143 138 123 118 123 104 111 138 91 102 87 85 82 71 85 92 56 75 70 97 66 57 74 79 89 76 77 88 67 82 69 80 96 91 90 86 83 85 67 93 97 87 106 74 72 87 92 74 48 54 25 24 31 29 16 16 15 16 23 19 12 44 27 32 23 149 142 128 18 24 21 19 27 78 82 81 77 75 67 56
85 56 68 61 59 51 93 125 96 108 127 116 110 122 109 111 50 70 65 62 54 51 84 95 84 85 75 79 82 69 81 144 117 107 111 104 112 101 103 90 100 97 96 109 99 119 108 100 60 49 107 118 97 115 14 11 12 21 14 14 11 24 23 35 16 40 37 30 16 16 27 13 26 25 25 27 17 26 61 65
72 51 59 66 42 66 114 78 102 108 60 67 61 66 86 70 112 91 87 107 100 93 69 57 71 63 58 63 53 63 63 94 71 80 82 86 86 93 81 74 73 68 68 99 86 92 100 96 53 57 22 26 20 31 53 61 72 50 41 60 44 140 118 136 117 42 49 38 80 71 65 59 55 25 17 34 21 21 71 58
64 72 86 55 74 57 24 32 35 26 13 12 19 25 20 16 40 47 51 38 49 41 49 51 37 42 35 36 44 34 45 17 17 15 14 13 13 14 20 21 18 24 26 20 28 22 21 22 48 54 21 24 29 32 17 10 15 21 17 18 18 24 40 25 20 50 45 42 24 13 19 21 21 21 17 18 15 25 52 53
96 89 93 79 94 72 78 63 80 84 149 143 149 160 159 169 102 99 101 90 89 98 49 60 59 61 63 64 69 64 48 72 79 80 70 64 82 81 88 85 84 98 76 116 137 101 104 96 205 194 81 99 87 82 113 104 113 134 108 110 130 185 184 181 165 121 94 106 105 107 93 111 114 58 61 67 75 69 222 204
24 25 24 22 21 19 37 29 34 35 41 43 60 54 56 52 19 18 22 21 14 19 16 15 10 19 15 12 12 15 19 12 19 15 16 19 21 22 27 19 21 31 24 21 21 19 31 28 60 68 106 122 103 87 16 13 14 16 18 19 13 27 37 33 29 43 48 39 58 66 61 69 64 95 102 103 104 90 58 61
73 66 71 74 71 77 33 30 31 29 64 65 50 50 52 66 69 59 74 60 73 73 27 33 29 36 37 26 30 37 30 51 52 34 41 48 39 45 51 57 46 40 59 50 46 54 51 45 53 63 29 22 27 31 54 76 79 73 62 63 64 34 27 29 22 37 43 46 61 40 42 71 54 21 16 23 20 23 48 55
22 22 19 18 20 30 29 32 36 29 22 17 17 17 22 25 22 21 16 21 25 17 39 54 63 47 54 52 59 59 41 70 72 62 63 66 71 64 36 61 53 41 60 49 55 66 46 52 58 60 27 24 22 27 65 54 64 68 65 54 61 124 153 115 113 40 45 49 50 55 47 50 48 22 29 20 20 30 50 54
22 13 14 19 19 13 32 30 16 28 20 16 22 13 22 17 46 52 41 57 46 70 46 35 44 50 45 51 52 43 38 55 43 53 61 60 54 57 25 25 28 23 26 78 82 74 61 86 52 52 24 35 29 30 75 60 84 80 61 76 63 122 106 146 126 38 27 34 60 50 50 55 53 93 79 80 88 84 70 60
72 87 57 75 78 54 22 28 25 32 19 19 22 17 17 18 21 27 18 24 25 16 48 54 34 48 46 29 39 34 27 21 17 15 16 17 18 12 25 21 26 21 20 20 26 12 26 22 68 66 27 39 33 20 66 55 59 45 73 56 58 29 34 29 32 120 144 150 64 57 70 51 60 22 21 22 17 14 67 63
107 117 115 129 105 95 69 75 90 96 87 108 121 125 120 94 132 115 135 124 140 152 66 59 50 61 47 69 43 55 61 69 81 76 70 68 75 66 102 111 124 136 125 101 100 87 98 87 176 161 87 64 96 100 131 133 112 117 109 106 116 113 81 98 114 209 221 228 68 61 72 72 59 126 137 125 115 127 156 174
119 128 124 132 121 126 86 81 87 83 108 89 109 85 114 87 74 40 59 60 62 55 36 36 36 39 43 38 39 33 38 59 51 48 51 60 56 46 82 82 75 80 82 118 107 106 112 108 63 71 30 30 14 40 62 49 59 54 46 56 62 36 32 30 33 106 132 115 22 26 31 28 21 26 27 15 24 22 40 56
21 17 16 18 20 14 30 26 29 24 51 54 61 51 34 47 15 19 17 19 22 11 40 45 40 56 44 47 61 52 49 74 66 71 56 86 72 62 54 54 54 54 50 66 63 63 51 65 46 50 94 88 84 101 15 16 13 16 11 13 13 23 31 39 23 41 42 41 16 29 12 23 21 79 85 88 99 83 56 55
23 20 24 13 22 21 38 40 22 35 19 20 25 18 26 18 54 57 49 46 63 51 71 68 49 66 75 72 64 57 75 53 49 54 62 52 49 45 18 20 23 18 31 23 19 26 21 17 50 71 41 31 26 23 13 14 15 18 11 19 19 33 24 43 26 37 38 35 20 22 25 36 21 78 106 81 87 78 64 63
15 25 10 16 19 15 32 26 39 39 76 45 70 63 57 62 40 52 47 56 47 52 43 35 43 41 33 36 40 48 43 49 58 31 48 54 50 46 20 21 22 25 33 27 14 21 18 30 57 73 29 37 39 30 67 60 70 69 68 60 72 106 106 87 99 31 49 48 62 71 62 70 70 24 31 22 25 30 55 58
13 110 89 94 35 20 130 51 83 157 173 28 104 170 53 97 98 38 79 42 134 92 106 101 125 96 102 102 97 89 117 121 117 116 116 119 82 77 70 149 152 111 96 118 133 132 145 140 76 48 134 103 47 69 138 107 113 103 85 115 119 104 174 37 108 152 82 173 91 75 35 115 37 27 165 48 76 40 243 75
158 313 478 624 768 908 1120 1333 1528 1746 1923 2089 2270 2447 2623 2810 2973 3136 3288 3436 3591 3759 3877 4005 4134 4244 4352 4471 4585 4711 4832 4991 5121 5247 5370 5500 5624 5742 5914 6082 6237 6388 6565 6748 6900 7048 7203 7368 7595 7814 7958 8093 8225 8367 8512 8659 8784 8932 9053 9177 9321 9526 9729 9929 10112 10343 10587 10839 10975 11116 11242 11372 11498 11638 11805 11960 12097 12241 12486 12711
34 11 36 14 49 25 12 18 50 25 28 13 16 18 20 24 40 46 32 17 14 30 14 15 14 14 16 60 10 48 30 30 26 39 11 10 30 37 23 1
