40 80 60 70457
147 128 139 160 35 56 38 34 38 32 35 37 39 32 44 165 159 155 145 117 106 133 115 113 119 96 95 92 111 80 88 91 111 150 136 117 132 120 131 43 46 45 39 40 43 44 29 30 36 31 19 19 27 27 26 33 33 26 32 33 53 42 56 43 51 41 49 19 25 20 19 24 28 24 47 47 41 44 58 47
41 37 38 37 40 40 37 33 37 31 28 27 31 33 37 30 34 35 32 15 21 17 18 18 23 21 77 98 69 82 79 88 73 55 53 55 57 68 62 83 79 90 100 73 69 66 114 101 113 93 21 32 19 25 21 27 27 25 27 12 62 54 52 68 41 54 54 19 12 22 22 18 17 20 45 51 40 49 47 53
36 30 36 49 53 48 46 36 41 35 32 35 47 37 39 32 36 34 41 62 64 61 73 54 70 55 16 16 18 14 17 22 19 31 12 21 12 24 30 94 69 87 85 64 64 64 124 128 99 116 45 52 54 56 44 101 79 103 97 106 22 27 23 20 21 23 21 20 21 20 18 20 20 17 46 42 35 47 34 48
46 36 31 43 57 51 48 45 33 30 33 39 37 42 40 30 28 37 29 74 65 81 94 74 80 76 51 46 62 59 54 69 61 56 61 44 58 43 66 22 23 26 27 14 22 27 46 35 38 40 59 73 69 55 61 65 66 74 56 79 122 100 101 118 100 101 85 66 96 68 97 74 91 73 53 44 55 43 36 39
100 113 115 109 44 33 39 41 27 32 20 31 32 32 31 32 38 35 45 19 17 21 30 20 17 19 20 26 32 19 20 17 21 17 22 22 31 33 21 89 88 95 88 96 96 95 138 121 120 110 129 118 102 133 119 79 73 73 96 80 25 9 25 20 16 24 21 14 21 23 18 15 19 12 46 37 42 38 33 49
26 41 30 45 59 43 48 22 34 32 46 42 33 42 26 25 37 36 39 27 17 20 18 25 21 28 27 23 19 20 13 23 13 25 20 25 12 30 25 43 49 37 56 49 46 50 31 34 33 33 113 109 99 111 96 58 62 68 56 59 112 106 101 105 129 109 126 105 101 96 112 109 116 102 158 128 158 145 150 139
132 159 153 135 58 40 53 41 35 47 36 39 41 32 24 31 32 25 30 57 61 69 69 59 66 62 15 24 14 21 20 22 15 26 15 24 23 17 30 21 18 15 20 15 10 20 44 32 40 39 31 24 29 22 22 85 61 71 79 71 65 65 65 66 57 68 61 64 57 66 81 71 61 57 41 51 47 33 33 53
36 31 25 30 45 45 43 45 41 30 41 39 32 46 41 28 35 27 34 21 23 19 13 21 18 26 17 27 19 8 17 17 16 29 30 16 21 27 20 50 45 48 46 65 48 47 41 35 29 29 28 32 29 27 27 81 72 80 77 77 54 68 48 67 67 68 60 46 50 50 48 45 53 40 43 44 35 47 49 50
42 41 39 42 41 47 61 41 26 21 43 114 108 100 118 31 46 33 31 16 16 18 17 21 14 13 60 52 53 57 61 56 52 70 73 65 70 88 61 45 53 50 45 58 48 50 30 25 41 30 96 85 91 98 109 32 25 35 37 33 50 45 52 69 57 49 60 52 29 48 46 43 42 38 45 38 42 43 39 33
34 35 38 39 42 58 46 25 27 26 37 41 33 37 40 155 173 167 142 87 81 72 68 78 72 107 108 104 90 109 92 116 109 113 113 105 101 105 90 48 44 43 37 51 43 41 27 36 41 45 53 62 65 74 64 58 55 49 45 53 56 61 52 58 69 70 63 39 32 44 39 35 38 33 42 45 58 55 53 48
38 43 43 30 38 54 48 75 79 92 82 41 44 32 41 157 140 133 160 74 75 89 70 84 87 78 140 122 144 111 144 106 118 111 126 126 121 118 117 31 41 50 49 42 48 38 34 25 44 33 49 56 54 79 63 36 48 53 51 57 78 69 68 59 52 68 80 70 75 93 80 85 104 84 43 39 41 39 47 41
33 33 40 30 33 55 63 104 96 111 108 38 28 35 42 26 30 32 50 61 55 68 58 55 52 54 13 10 18 18 24 14 27 18 23 21 19 32 14 82 72 89 80 69 77 81 73 89 107 102 29 21 29 30 27 37 29 29 27 34 20 18 18 16 16 21 22 36 46 31 42 35 43 29 54 54 45 60 48 56
35 39 34 30 59 59 40 39 38 45 36 32 36 27 28 30 41 28 44 12 24 18 21 24 12 12 49 45 51 47 41 61 39 15 16 24 20 19 26 43 38 49 44 35 50 44 24 39 43 33 94 110 85 86 107 29 23 16 31 27 63 68 56 76 49 70 80 100 109 81 102 95 104 82 166 166 141 171 152 163
25 30 34 36 53 38 53 32 32 24 32 43 28 41 37 33 45 43 30 20 18 16 16 14 16 18 84 91 69 89 78 96 103 81 60 72 68 56 59 40 45 44 35 43 40 36 38 34 23 35 134 141 143 127 157 60 63 60 56 75 19 16 27 28 26 25 22 23 20 16 22 27 18 26 53 44 44 35 43 38
120 118 126 121 46 51 46 91 90 108 99 120 112 107 114 33 43 31 44 13 14 16 25 16 15 19 18 20 11 18 26 22 9 39 20 21 25 22 25 44 43 46 32 44 39 35 37 27 38 31 17 32 26 22 27 23 29 26 27 34 48 67 47 43 51 43 46 23 26 20 19 18 22 17 41 55 47 37 48 41
40 33 32 28 37 35 43 29 32 26 31 24 34 29 28 42 39 37 37 67 82 67 73 75 92 94 21 15 25 26 22 27 22 28 23 28 19 15 23 72 64 42 49 58 59 57 100 109 96 105 18 22 19 34 24 34 28 20 31 23 15 19 17 18 17 27 27 24 26 18 26 18 21 22 38 36 57 45 45 49
44 30 36 35 45 57 49 37 38 45 37 110 126 109 120 28 23 28 37 67 83 75 86 79 68 87 57 58 52 53 64 49 60 25 16 21 20 23 24 47 44 45 50 53 48 37 32 33 34 23 30 24 19 30 25 30 29 21 27 23 70 82 62 57 72 70 74 83 65 87 76 87 83 86 51 48 51 43 43 40
42 33 35 35 50 42 34 37 31 31 33 28 32 30 32 19 42 29 39 52 67 69 72 81 71 63 28 24 12 19 17 19 19 25 15 24 23 32 35 15 25 19 18 17 14 21 44 34 33 44 60 72 70 67 60 43 55 52 53 68 19 23 16 25 16 16 18 35 35 26 41 40 30 32 41 54 41 40 39 56
110 111 138 111 49 45 33 100 92 71 86 30 33 34 31 38 41 31 31 24 28 19 17 18 19 20 63 63 53 66 63 65 64 18 27 21 23 15 18 17 26 20 12 12 17 11 39 32 47 26 96 101 136 108 95 38 29 28 37 23 61 67 58 74 59 57 65 88 62 65 73 71 88 80 56 39 58 38 41 45
34 26 26 30 42 42 57 27 30 34 29 103 104 103 95 32 30 30 42 18 15 24 22 25 18 20 104 95 102 95 105 101 101 64 76 56 64 64 56 80 79 74 64 68 59 90 82 86 94 111 130 111 121 132 117 26 28 30 36 27 17 24 18 16 15 27 20 25 27 20 22 22 17 20 49 53 44 54 44 41
31 34 26 33 43 39 39 80 80 106 96 30 38 23 27 35 40 34 27 74 76 57 73 70 90 80 15 27 15 18 24 24 23 26 30 16 28 29 29 64 74 75 72 65 67 59 129 113 114 131 28 34 30 27 41 63 62 57 55 59 23 23 32 12 22 17 27 43 52 35 47 45 54 45 37 43 43 45 41 39
29 25 34 30 47 43 38 93 93 93 92 135 139 129 131 34 48 31 47 20 24 20 22 19 26 22 59 56 69 62 56 62 61 61 68 57 74 47 76 45 44 37 53 50 52 45 30 26 30 42 29 28 30 28 35 20 20 28 25 34 21 20 19 24 29 14 21 42 50 35 33 49 36 31 55 46 38 53 38 44
22 32 36 37 51 52 49 39 29 46 29 38 31 30 37 99 104 131 127 118 117 107 124 108 128 131 184 193 156 185 145 172 161 100 127 111 127 108 123 37 46 47 48 43 43 42 34 30 32 32 61 77 63 68 60 70 67 60 67 58 14 21 21 16 17 10 19 25 14 11 19 25 18 19 41 40 34 52 57 50
40 35 37 44 35 40 40 34 30 30 26 32 46 40 37 29 43 38 33 20 15 24 16 15 16 21 50 51 45 48 49 43 53 58 75 79 82 69 74 34 41 39 43 46 37 31 50 37 33 37 122 117 116 110 139 26 28 24 35 37 17 23 33 17 36 16 16 17 19 20 16 18 17 19 40 47 52 50 36 52
35 26 30 35 46 41 44 24 32 35 42 113 92 98 100 37 35 31 43 16 19 28 22 19 24 14 77 94 93 83 90 88 87 71 60 56 35 53 57 84 101 88 105 87 82 91 90 98 98 107 29 24 15 30 31 28 26 20 21 26 16 22 22 18 21 19 11 14 26 20 16 23 23 16 56 54 43 40 44 47
39 37 32 30 52 43 51 75 101 89 102 29 34 24 38 38 29 41 44 60 68 60 57 65 49 71 25 23 17 22 23 27 18 19 26 25 17 27 28 42 42 35 41 36 52 48 33 38 38 28 29 26 24 43 24 37 32 28 32 33 78 73 76 71 78 73 60 72 48 69 71 62 67 61 53 52 47 55 42 57
124 121 127 116 43 51 45 88 78 101 90 38 39 44 36 36 37 22 21 11 21 19 15 21 26 24 18 12 29 19 19 17 23 27 23 18 36 26 25 44 43 43 42 42 55 38 34 32 30 20 42 23 23 33 36 66 55 53 72 67 59 58 58 77 55 68 54 61 64 58 72 74 68 65 47 44 30 33 47 38
38 32 32 38 38 45 39 85 92 90 87 32 33 35 29 29 38 33 38 67 65 80 85 71 59 69 18 20 19 14 20 18 14 29 28 22 31 29 17 20 22 20 25 23 15 25 38 35 35 48 24 26 25 21 25 35 28 28 22 19 89 75 56 55 66 75 62 78 85 104 91 89 88 114 51 42 66 51 40 59
130 134 125 139 52 45 54 41 43 31 31 102 108 106 93 36 37 42 34 27 20 22 22 17 25 19 58 57 43 45 57 43 41 25 32 24 19 17 22 38 48 41 37 46 43 25 40 33 26 33 32 26 33 32 27 36 23 18 19 27 15 20 14 13 13 18 23 27 24 17 13 25 16 17 47 53 52 45 64 44
44 36 30 34 47 53 49 35 29 39 40 33 38 33 24 139 115 128 108 92 85 72 77 76 57 80 161 156 144 159 142 148 141 160 141 135 141 161 129 39 43 37 25 34 34 47 33 36 46 33 25 30 25 31 33 29 27 30 42 34 93 99 122 92 116 93 85 118 138 107 129 133 125 132 146 158 147 143 158 162
32 24 29 41 50 52 42 96 113 113 97 43 41 32 34 39 32 32 35 73 61 66 81 77 72 92 14 12 16 24 17 17 18 24 20 23 13 27 14 53 40 44 37 40 47 48 50 29 38 44 30 24 27 34 21 29 26 24 31 28 125 101 103 112 121 105 114 115 110 113 131 111 120 106 123 147 123 120 128 124
32 30 23 33 50 52 55 99 117 114 91 46 30 31 45 34 41 29 33 19 20 13 13 15 18 17 51 39 47 44 38 46 55 29 24 25 29 22 29 19 20 21 20 20 22 19 42 40 35 41 85 94 112 106 89 64 53 62 68 57 74 83 73 77 74 62 78 67 68 90 67 85 74 74 41 42 43 54 52 48
47 38 33 31 51 54 48 42 37 37 40 27 35 35 38 145 161 141 145 101 76 78 104 83 88 99 117 123 104 100 108 118 107 159 141 145 144 144 137 41 42 38 36 39 49 47 37 42 31 37 31 31 31 33 36 31 35 23 28 26 19 19 19 23 23 17 23 45 34 49 39 40 39 40 47 33 44 48 51 56
124 110 131 127 50 37 54 108 123 112 107 47 32 38 26 40 30 44 40 19 22 20 19 14 12 19 68 51 73 53 71 62 57 51 54 65 64 48 66 12 18 19 12 16 21 23 29 40 39 46 32 38 19 33 29 74 75 67 69 73 18 15 15 21 16 17 15 56 42 43 41 56 46 44 52 59 50 50 46 63
25 31 27 33 50 57 48 38 35 35 31 39 42 41 35 29 31 30 29 20 21 16 18 24 20 9 60 72 67 57 71 52 53 58 63 54 61 60 59 17 27 22 27 26 24 20 42 36 37 37 33 35 26 21 32 24 32 25 30 27 68 74 59 52 64 60 81 77 73 79 95 56 80 68 126 146 128 122 101 129
120 134 139 125 46 47 43 39 46 42 34 31 40 40 43 134 140 142 136 71 74 83 68 59 72 67 103 91 87 72 77 98 90 98 116 88 97 108 106 44 45 45 49 33 50 47 38 38 38 32 51 51 63 56 52 62 52 59 63 51 115 107 125 113 115 111 113 50 53 53 53 48 57 56 133 125 148 181 164 149
35 24 37 24 35 53 56 34 26 29 32 39 51 38 35 25 43 26 30 47 81 65 52 66 58 44 51 45 45 53 48 54 49 20 18 18 26 21 25 53 54 59 63 74 53 62 101 103 80 96 32 28 22 31 29 20 30 18 24 30 53 67 57 52 68 58 47 25 15 18 19 23 22 19 45 56 52 46 37 40
39 25 35 30 52 41 45 39 41 30 32 121 124 102 131 38 35 36 29 22 23 21 28 26 10 28 47 54 43 51 37 57 51 22 23 25 24 19 17 59 64 71 74 82 78 78 104 97 104 108 61 68 57 63 56 67 63 72 53 54 21 25 20 30 22 20 19 17 30 12 23 27 22 20 45 44 51 42 56 47
31 42 37 44 59 55 41 87 87 101 97 38 32 18 27 140 109 136 137 98 96 82 81 90 89 92 108 113 106 97 124 105 111 125 149 127 125 119 128 40 41 41 47 44 54 55 27 37 35 29 30 27 31 30 37 29 26 24 18 30 50 87 68 63 70 57 62 92 94 90 81 95 81 92 46 48 51 54 45 54
35 35 32 26 58 46 41 32 26 36 29 40 23 34 30 30 34 45 41 18 21 21 15 18 19 22 21 15 24 16 23 27 22 21 21 15 14 23 23 21 19 19 22 17 16 16 37 37 38 33 89 97 105 100 97 86 80 82 87 73 111 109 102 122 128 111 110 92 95 78 90 92 81 80 44 44 54 47 58 55
148 308 462 623 684 745 809 918 1042 1157 1266 1402 1542 1672 1804 1970 2144 2312 2473 2592 2710 2844 2969 3083 3212 3344 3529 3723 3880 4066 4212 4385 4547 4708 4858 5004 5149 5311 5449 5544 5646 5742 5848 5945 6042 6138 6277 6406 6527 6659 6794 6936 7080 7214 7372 7474 7555 7659 7757 7864 7990 8100 8226 8349 8479 8591 8718 8837 8976 9090 9222 9356 9482 9615 9782 9949 10108 10290 10455 10619
20 23 28 21 23 17 28 44 28 13 16 27 25 31 29 39 27 32 21 29 29 34 14 27 21 28 29 25 29 15 20 20 21 38 26 11 21 26 14 31
