40 80 60 63691
11 14 16 16 12 12 18 14 17 21 15 18 20 17 12 20 20 13 14 14 8 16 17 13 13 57 64 63 69 59 110 111 105 97 91 70 99 94 72 131 164 153 126 118 111 109 107 95 81 84 70 79 68 74 72 72 71 66 63 73 94 71 72 93 82 118 89 114 106 102 88 98 44 44 50 30 28 14 28 26
73 78 64 80 83 50 65 38 58 40 48 53 21 14 16 17 14 43 25 43 39 50 39 48 48 15 21 27 22 30 27 16 12 20 26 24 20 19 20 28 33 38 51 59 65 63 64 49 41 55 48 47 49 56 54 47 48 59 47 51 87 74 73 88 84 24 18 18 20 42 34 33 48 31 39 77 60 61 55 62
49 43 41 47 43 52 50 60 60 49 60 59 56 42 41 64 61 34 46 41 39 59 38 48 47 42 58 47 36 40 27 31 21 28 15 14 16 17 15 37 45 52 127 121 131 119 133 125 66 58 78 82 58 78 57 49 36 48 50 47 76 73 69 76 75 25 16 27 23 43 30 40 38 21 49 22 31 26 18 28
11 11 12 13 13 11 18 26 14 20 24 24 12 18 23 21 25 53 68 63 63 64 75 63 76 16 13 18 17 19 27 21 29 33 30 27 26 25 30 38 39 48 94 95 86 89 94 96 58 68 55 66 71 59 51 128 127 136 118 116 108 115 91 112 119 17 22 15 19 85 71 98 24 23 27 64 81 70 63 52
58 69 52 57 62 54 37 59 54 48 48 50 52 45 54 51 41 75 87 68 72 75 68 96 70 30 17 28 23 34 21 18 12 25 18 12 20 22 19 41 50 38 42 48 23 36 37 40 60 53 60 63 71 60 58 34 22 37 26 19 16 35 23 19 28 16 18 11 30 25 31 32 71 85 69 62 50 49 65 42
61 69 49 62 51 60 53 71 64 42 62 76 48 58 45 42 56 27 25 26 30 25 22 27 27 41 40 55 43 48 89 92 87 88 58 62 55 52 53 23 23 34 18 16 15 24 19 13 59 60 47 49 63 92 60 14 17 19 14 18 17 16 12 22 15 77 71 66 75 48 47 38 51 34 43 23 19 23 24 19
90 109 93 99 97 100 79 71 77 55 84 72 36 42 56 41 41 34 38 33 44 32 34 44 39 83 74 78 108 99 86 91 85 72 26 21 35 30 22 41 38 34 22 14 13 20 19 20 53 49 40 27 45 52 31 20 31 25 26 19 31 19 28 25 14 34 21 29 24 32 29 34 19 29 26 21 16 25 19 21
21 12 17 25 29 20 25 16 13 16 17 23 26 24 32 26 23 50 50 48 52 64 52 48 57 18 24 19 19 26 23 21 25 32 14 21 16 12 9 28 22 29 12 12 21 20 18 19 20 15 11 14 16 13 19 106 92 101 83 85 70 62 58 71 58 56 45 54 70 74 109 92 47 39 51 16 20 16 13 15
64 69 56 65 64 63 55 42 45 46 55 58 58 60 49 53 62 37 30 22 29 33 26 30 33 65 38 47 70 70 35 32 36 34 49 47 40 33 37 25 25 26 22 25 23 26 22 18 63 44 51 58 52 54 47 25 28 24 25 34 27 22 25 30 34 94 97 94 94 38 49 34 33 29 28 40 53 50 44 44
56 48 45 39 54 52 47 44 46 48 55 59 46 54 54 49 46 92 73 99 78 69 76 99 90 15 13 11 19 18 33 28 38 31 61 56 54 48 58 50 43 44 83 62 66 64 58 65 48 44 45 48 40 36 42 72 58 64 65 60 62 56 66 70 56 16 19 17 28 34 39 49 32 33 48 76 58 76 85 83
113 122 130 112 128 133 67 59 69 72 79 74 47 50 53 49 51 91 95 89 94 85 101 79 82 48 53 55 48 42 71 85 86 105 19 20 17 18 21 20 21 33 17 11 20 11 16 11 6 16 14 10 9 14 9 89 93 99 123 92 119 91 76 89 82 39 34 27 36 44 48 44 50 48 37 18 26 21 17 10
40 61 55 54 42 48 63 56 52 58 53 76 60 71 52 57 58 39 39 27 43 41 34 29 40 88 117 101 113 100 101 98 92 102 54 52 63 64 37 110 132 122 49 55 59 63 47 65 49 39 38 44 49 45 49 71 62 83 91 63 74 82 81 85 86 77 60 91 82 36 27 27 31 31 27 30 26 27 32 23
36 30 35 41 44 39 46 76 74 59 51 59 80 68 65 74 80 38 46 46 51 55 49 41 49 52 51 48 50 42 40 32 37 20 31 18 26 22 22 29 27 34 98 108 108 106 132 104 46 60 41 50 45 44 39 21 27 22 30 26 20 24 22 13 18 25 28 29 22 44 43 36 38 39 43 31 17 25 22 24
34 40 39 45 35 42 45 40 61 47 44 46 58 59 54 53 55 66 69 99 69 70 82 74 74 52 74 49 63 55 81 89 101 86 40 36 45 51 43 30 36 39 21 11 15 11 13 15 62 49 58 45 63 67 41 15 16 22 9 17 11 24 24 23 16 20 29 21 16 45 37 32 26 35 41 28 30 21 22 32
57 47 38 40 53 48 82 66 85 66 81 90 19 33 29 22 33 35 41 42 26 43 35 50 43 28 27 26 23 21 19 16 17 23 23 24 18 23 25 28 27 32 48 61 42 49 52 49 32 18 21 17 15 21 13 15 22 22 26 21 17 26 19 25 21 23 26 26 24 43 32 40 39 39 47 95 78 85 103 83
108 112 125 117 111 128 91 86 93 87 82 98 47 60 74 68 58 47 47 40 58 39 33 50 47 23 26 27 23 28 24 20 29 22 15 16 16 24 20 38 36 29 20 15 21 21 18 22 21 16 17 20 16 19 20 27 24 28 25 29 24 33 27 24 28 84 73 85 94 26 27 24 28 22 29 19 27 11 25 22
27 24 12 11 28 29 14 15 13 12 10 7 23 24 32 22 29 63 65 70 57 72 61 76 67 23 21 26 16 26 20 21 23 21 73 81 70 73 84 39 29 40 105 97 107 104 97 87 43 62 47 35 56 52 58 84 85 83 75 73 50 70 48 60 53 60 78 60 57 43 48 43 21 26 26 31 30 16 25 21
79 49 61 58 69 62 46 60 56 50 54 76 60 66 80 71 59 32 37 33 27 50 18 30 31 19 23 24 16 21 28 20 32 22 19 22 20 16 17 28 29 24 91 73 63 68 69 63 53 59 54 75 57 66 69 69 74 73 90 83 74 74 79 68 86 68 76 79 74 38 35 44 38 49 45 68 69 75 70 71
35 40 40 51 28 34 51 60 53 43 59 53 51 54 57 36 38 50 50 55 40 61 57 55 51 93 89 87 87 94 108 131 103 108 76 95 83 80 111 143 122 125 92 98 92 85 86 86 131 135 117 128 122 137 111 60 82 68 57 68 78 74 77 80 81 77 85 81 82 44 43 38 46 30 52 19 18 23 16 21
55 53 46 60 60 59 59 69 61 68 69 72 58 44 52 71 36 25 33 22 29 35 36 32 33 18 22 18 26 19 32 19 16 30 33 20 31 20 28 31 22 23 46 46 50 40 54 33 47 61 55 54 55 44 45 16 12 15 15 14 17 19 15 16 19 17 27 20 20 21 27 23 33 35 38 56 70 68 74 71
20 20 25 23 18 21 11 13 17 19 12 13 13 16 15 24 18 50 67 56 46 50 53 57 72 141 127 127 107 122 78 81 67 88 26 32 18 17 18 33 32 36 15 12 20 16 16 24 16 5 9 13 15 15 13 88 79 91 97 96 88 88 81 68 83 20 21 22 26 41 48 44 45 41 31 15 13 16 17 9
69 75 85 66 77 89 45 61 61 45 65 54 24 26 31 30 17 14 8 12 12 6 14 6 14 57 70 53 56 52 85 95 91 104 144 137 117 126 122 135 118 119 61 61 62 62 63 58 57 66 61 49 74 52 63 45 59 52 50 39 72 62 63 69 67 28 25 22 18 39 38 46 22 34 27 18 25 33 25 27
62 79 64 57 80 92 48 45 41 46 51 46 19 24 27 17 15 38 39 38 46 41 46 43 42 70 91 71 97 80 80 103 98 95 50 44 54 48 54 134 112 103 54 68 81 68 77 64 63 52 46 52 52 50 48 49 69 62 80 71 95 81 90 79 82 29 26 26 20 94 103 101 32 18 30 15 16 12 19 23
53 57 47 47 45 46 37 41 43 53 46 44 51 47 47 49 55 45 43 38 41 39 39 31 34 65 54 61 45 53 23 17 11 22 47 52 50 48 46 43 34 57 60 60 88 67 82 63 70 71 68 68 64 74 69 12 19 18 14 13 30 13 28 34 21 32 22 25 31 22 22 26 71 59 76 31 48 40 42 50
16 21 19 22 21 25 23 13 25 40 17 18 16 16 18 16 16 47 46 54 65 46 52 44 47 10 17 20 22 15 22 20 31 33 20 22 24 29 27 33 23 25 20 23 19 19 26 19 13 12 14 13 14 14 9 84 86 62 64 60 58 58 75 66 68 25 23 32 24 37 43 42 29 36 42 20 19 26 20 25
87 90 93 114 93 107 74 61 63 74 70 70 37 60 59 48 51 36 35 32 52 44 31 36 35 16 21 25 28 12 38 22 33 28 10 13 23 15 18 23 22 27 38 44 42 34 32 38 59 74 74 59 55 57 66 17 19 11 14 14 31 20 21 26 18 101 78 84 99 46 36 25 41 33 33 84 89 77 96 98
9 13 12 14 9 14 9 22 18 13 18 15 26 15 22 17 20 49 49 57 34 50 40 42 44 60 53 67 85 69 66 60 57 46 26 24 25 24 31 28 27 22 48 46 58 50 57 51 36 39 34 41 30 39 42 28 21 22 29 23 23 26 20 20 25 24 25 22 23 31 33 39 76 85 83 113 133 114 113 114
118 91 107 118 98 120 103 97 97 120 106 91 45 52 55 55 58 56 51 49 47 44 51 56 41 73 69 76 82 61 23 31 31 29 14 17 24 22 14 24 27 21 16 14 18 18 29 23 60 56 56 51 64 59 53 11 27 23 12 14 32 18 22 18 16 72 90 76 86 44 31 46 89 87 102 42 38 52 41 44
42 39 41 44 34 40 60 56 64 58 70 72 58 66 76 66 81 64 69 82 75 64 82 81 77 29 25 25 22 26 20 18 25 20 25 31 27 28 25 33 23 31 16 23 10 13 20 16 16 22 10 14 19 21 13 14 19 13 17 22 20 20 16 20 24 98 74 75 89 79 96 101 29 24 26 18 19 23 17 18
13 19 18 15 24 20 16 14 18 13 21 20 16 21 27 23 19 12 14 13 10 20 8 10 17 31 27 28 23 25 27 21 21 21 39 40 35 45 53 24 33 23 41 47 37 50 56 41 37 39 33 29 27 25 20 21 22 18 22 15 22 26 27 26 20 92 84 78 65 88 66 87 28 32 33 86 74 96 78 65
30 38 42 33 39 29 55 57 50 49 46 65 53 40 49 52 38 28 52 37 44 28 31 39 28 109 131 127 121 139 78 79 83 56 79 80 77 77 73 107 101 85 79 65 73 69 69 70 45 46 42 45 39 49 46 63 61 72 74 63 66 54 66 60 72 59 44 67 74 78 73 77 29 28 28 24 25 20 24 20
16 19 11 15 17 19 16 19 17 10 8 18 23 18 28 21 28 14 12 15 11 6 16 8 11 61 55 74 44 72 17 33 28 25 70 66 62 66 65 31 50 41 38 43 41 38 39 29 30 34 39 37 38 36 35 20 23 16 20 24 17 8 21 17 22 17 25 30 22 81 101 77 45 45 43 69 63 79 79 89
73 56 68 62 66 72 65 59 60 57 48 49 64 53 55 73 62 109 89 80 77 87 111 96 93 27 21 34 27 25 22 26 31 23 16 12 14 13 16 43 42 34 75 87 71 78 69 96 93 78 79 70 92 94 92 155 152 153 137 137 124 156 158 136 149 18 16 22 21 75 58 66 26 30 27 18 18 24 22 18
85 100 110 111 110 101 101 105 73 88 103 86 77 70 75 71 75 45 42 55 43 40 49 47 49 31 20 27 23 28 14 22 17 24 82 65 62 76 66 36 41 31 46 46 51 49 41 43 18 15 15 12 11 8 17 30 23 25 24 28 17 18 22 9 13 35 34 31 27 52 37 47 40 47 39 89 88 101 83 86
24 14 17 17 26 18 17 14 13 16 19 21 24 17 22 18 26 8 8 11 13 12 8 8 9 53 69 60 71 78 107 98 112 113 81 77 78 69 77 123 145 125 64 68 72 73 69 56 48 47 51 45 43 44 66 65 81 73 69 76 66 66 73 67 73 25 36 31 31 73 58 53 78 75 73 74 77 91 98 77
48 49 36 28 42 63 52 75 45 46 50 51 34 48 44 44 49 17 33 23 22 27 32 26 30 78 69 79 76 61 80 90 84 64 106 89 100 91 96 104 78 81 74 70 66 71 75 60 83 76 84 84 79 83 64 78 76 68 85 96 58 56 52 48 52 20 22 20 16 95 91 107 29 18 33 47 39 45 53 56
51 41 41 38 34 37 62 78 82 61 58 55 53 56 50 74 54 35 32 26 32 27 24 28 29 22 25 23 27 21 27 30 19 29 66 78 79 62 65 27 25 41 62 62 68 61 55 54 53 44 49 42 48 50 55 21 21 12 19 25 17 26 29 33 21 19 15 24 20 87 89 104 74 80 101 39 33 29 28 42
64 53 63 45 50 62 70 70 65 57 70 54 85 75 74 81 61 65 73 90 91 69 87 74 94 70 62 63 51 61 35 31 37 35 74 83 70 65 62 31 37 34 22 20 27 21 15 24 61 55 53 43 74 58 50 24 22 28 30 29 7 13 15 14 21 21 29 33 27 34 43 22 33 36 30 37 49 53 58 55
42 30 28 28 37 37 46 51 41 40 40 54 62 71 76 70 64 78 75 84 76 94 81 64 101 95 93 104 90 99 87 95 76 86 20 18 17 17 17 29 15 25 68 64 56 56 58 66 54 43 49 59 49 50 51 62 71 51 63 58 78 71 85 77 86 10 25 21 20 46 52 37 33 36 33 19 23 18 21 27
61 60 70 62 73 73 68 85 87 57 63 81 18 32 22 25 22 7 13 17 11 17 9 3 8 11 14 24 10 18 15 22 12 21 57 43 49 56 58 26 25 31 51 56 46 50 55 35 55 64 58 57 44 49 39 54 62 71 64 71 76 92 95 85 105 25 36 29 23 34 44 48 53 58 57 40 39 47 40 48
131 266 410 541 683 830 944 1061 1169 1302 1420 1529 1624 1708 1797 1887 1977 2098 2204 2314 2418 2522 2645 2755 2867 3023 3168 3309 3443 3597 3719 3864 3988 4113 4272 4424 4554 4694 4829 4987 5168 5337 5478 5612 5757 5889 6036 6175 6320 6470 6600 6742 6877 7029 7152 7324 7492 7661 7813 7965 8102 8275 8450 8601 8766 8897 9005 9131 9249 9362 9483 9602 9701 9798 9911 10036 10183 10309 10434 10560
15 17 20 21 29 26 21 41 32 26 27 22 30 20 32 28 22 27 14 20 29 19 16 18 47 25 40 25 26 35 19 44 14 29 17 14 23 26 20 24
