40 80 60 66594
73 67 70 71 56 60 26 16 23 25 18 26 22 26 16 17 27 20 23 31 35 24 35 28 38 37 43 36 34 38 41 15 16 20 19 16 22 26 20 24 29 26 23 21 49 37 41 44 44 43 21 29 22 22 29 26 39 34 25 40 37 31 41 21 27 27 29 22 27 37 35 38 32 40 31 37 41 32 31 33
20 20 17 19 34 27 56 58 58 74 66 65 48 60 66 56 51 69 46 33 37 35 47 42 46 31 30 27 48 30 34 21 19 21 15 18 29 18 22 25 22 23 17 26 50 50 45 44 43 41 23 21 22 27 24 27 39 34 51 35 46 42 38 23 38 29 31 20 33 34 34 31 68 63 64 66 136 153 122 123
65 40 61 55 60 58 52 59 55 47 55 55 90 78 90 85 79 78 80 93 79 76 80 95 102 90 105 82 79 88 89 42 52 55 51 42 45 51 49 62 68 57 68 82 47 40 38 49 44 39 85 86 97 99 96 88 65 69 63 67 68 77 70 30 29 36 31 14 31 34 37 34 56 59 72 74 136 120 128 124
52 62 55 55 53 65 54 53 65 63 66 53 100 85 86 92 79 89 87 90 73 74 81 98 90 100 78 81 85 89 108 41 40 44 59 46 44 54 60 59 46 56 59 46 149 143 129 141 167 134 33 39 41 47 56 62 40 36 35 42 28 27 39 22 38 23 26 23 32 33 39 31 79 62 82 71 33 33 33 37
55 41 63 63 47 56 90 86 90 94 78 75 32 47 41 46 47 52 49 83 83 100 77 32 38 28 26 43 28 34 36 53 41 42 49 48 45 56 21 19 18 25 23 19 35 49 48 45 46 37 66 54 52 54 51 41 75 70 72 83 66 56 78 26 30 31 25 36 120 97 85 99 63 60 74 83 31 34 40 40
109 76 112 99 83 99 57 65 66 60 61 65 50 47 49 59 62 55 54 90 94 97 91 34 43 26 30 24 39 30 38 68 63 73 69 72 77 66 84 73 83 78 75 80 42 41 46 62 38 50 22 18 21 21 15 27 25 20 17 18 20 18 21 31 30 33 28 30 105 93 107 84 78 64 56 64 46 38 34 33
63 63 59 72 54 58 67 67 65 75 55 63 91 83 84 73 64 90 88 98 92 93 86 92 82 73 73 110 92 75 90 40 64 57 47 51 49 45 66 57 65 72 56 72 142 152 136 148 157 154 25 16 32 24 18 20 42 40 43 38 53 41 45 25 24 27 23 27 33 40 32 26 81 74 80 61 34 35 36 38
69 53 53 68 52 52 18 31 25 16 31 21 51 55 43 58 52 50 51 27 37 42 31 41 24 30 46 31 31 41 35 25 25 16 13 16 14 16 20 26 29 18 28 13 30 56 61 52 49 48 19 21 23 32 17 18 41 46 46 33 32 28 35 20 29 28 22 28 37 34 36 28 83 73 69 56 36 36 36 36
108 97 83 94 93 84 86 107 98 80 105 86 47 55 46 56 39 42 57 89 103 87 108 93 96 94 93 91 80 91 95 46 53 41 47 54 44 38 43 65 61 67 64 55 43 34 49 49 45 41 28 26 27 24 26 21 23 46 53 40 42 39 37 69 82 89 90 101 28 22 30 42 85 74 75 72 39 36 37 25
22 23 23 20 13 20 67 69 62 52 57 56 21 26 19 23 12 16 24 30 40 39 42 38 29 32 37 29 41 32 32 49 69 58 45 65 66 52 93 61 68 84 81 71 50 49 47 37 48 40 35 52 40 53 49 36 39 40 45 43 39 42 33 27 35 18 27 33 40 42 30 33 77 70 89 71 30 35 39 28
60 49 54 60 63 57 53 56 65 55 57 67 112 80 90 94 105 72 90 88 117 93 93 84 71 94 107 80 88 82 73 42 50 52 44 54 54 54 58 64 74 65 52 63 147 128 132 165 152 159 57 49 56 55 67 50 71 71 49 76 90 64 75 27 23 29 31 29 106 125 105 116 72 78 64 76 106 123 111 124
54 58 51 57 60 51 40 52 47 58 65 52 48 54 51 47 38 47 44 65 81 86 74 30 29 35 33 34 27 32 29 117 102 89 93 109 86 108 75 82 71 75 80 74 41 53 43 45 35 47 52 46 38 45 50 51 18 24 25 17 14 20 18 97 109 99 112 69 33 34 40 42 55 77 63 70 33 23 29 40
48 51 67 73 62 53 16 21 24 18 20 25 53 45 67 48 58 60 56 33 30 46 25 101 120 94 87 104 107 84 91 51 47 47 59 58 62 49 55 61 71 63 57 58 33 50 45 38 49 40 76 90 73 83 73 83 41 58 42 35 52 43 48 32 21 15 28 28 117 107 110 102 29 30 51 34 39 34 34 43
109 101 85 92 87 84 61 55 49 55 59 55 51 58 57 36 45 49 44 86 89 79 88 130 81 97 93 75 90 72 96 92 90 79 74 61 75 71 64 73 56 62 60 68 42 45 44 41 50 40 56 50 55 78 58 54 42 48 38 50 41 43 47 32 32 33 23 27 31 29 33 29 69 73 60 67 31 38 36 37
23 27 20 26 24 31 64 66 68 64 62 72 19 27 16 20 13 16 19 33 49 25 35 90 104 99 97 100 99 84 84 103 102 104 94 105 103 113 95 97 95 117 103 102 44 46 55 59 28 53 64 66 55 54 66 58 53 47 31 59 52 61 53 75 96 98 83 112 29 29 33 31 56 69 61 76 29 36 35 30
54 42 57 66 65 62 81 63 55 51 71 69 54 58 61 56 52 46 62 94 96 81 95 150 140 158 154 129 126 134 131 71 84 87 72 78 78 95 83 83 92 97 78 93 42 60 47 50 54 40 55 58 65 59 71 63 78 60 58 62 68 64 89 20 32 29 27 39 107 86 111 97 87 77 70 79 39 32 34 36
31 22 28 17 19 21 23 19 18 31 16 24 64 51 48 48 53 58 53 31 36 42 34 31 31 43 36 34 35 42 37 15 28 17 23 17 16 18 27 22 33 18 27 16 39 56 41 47 60 40 48 61 48 57 50 44 38 34 34 44 45 45 49 88 86 96 74 72 100 130 119 93 33 45 32 31 23 30 37 32
105 97 100 87 104 100 65 59 66 49 49 62 47 45 42 45 57 34 35 65 85 82 73 34 32 39 31 32 28 40 33 20 22 21 19 19 17 22 17 24 26 28 21 29 44 44 39 56 45 41 23 18 20 20 17 24 50 41 34 43 42 50 30 93 87 82 91 94 43 36 35 35 73 70 69 77 31 36 31 27
18 26 25 26 25 23 51 73 54 63 56 56 17 16 22 21 10 23 13 39 32 32 31 33 27 39 34 28 33 46 34 12 27 18 18 10 21 20 26 19 23 16 22 23 49 46 50 44 42 47 72 54 63 42 68 63 53 61 38 46 46 46 45 77 105 102 97 90 116 112 108 116 67 68 79 63 34 35 29 38
20 26 23 19 25 15 20 14 21 20 22 27 59 64 54 53 57 59 50 31 28 26 39 34 41 39 37 34 26 40 42 69 54 49 56 55 45 67 72 88 70 82 85 88 35 44 52 36 41 46 65 53 55 48 51 38 41 47 52 34 45 41 56 107 88 87 97 94 35 37 33 26 46 30 38 32 121 144 130 115
52 49 54 72 42 50 118 85 111 96 112 102 78 88 81 84 84 83 86 80 73 86 83 89 88 71 74 87 81 78 88 39 56 59 51 55 38 52 63 76 61 58 54 68 48 41 37 44 42 53 73 46 53 68 52 67 78 78 65 69 68 47 53 26 26 27 28 24 34 48 36 29 76 72 51 62 23 25 42 39
106 89 86 70 95 86 64 64 55 50 74 54 88 89 84 78 74 98 84 99 87 72 79 31 39 26 28 43 33 34 40 62 54 39 53 48 43 52 23 20 24 22 21 25 56 47 36 43 40 42 52 65 53 60 39 59 19 17 17 15 30 17 23 21 24 23 31 23 30 35 30 39 65 78 69 90 32 29 32 36
22 27 21 26 24 23 20 29 23 22 30 26 53 53 59 49 50 51 45 44 32 26 30 43 30 34 21 26 39 45 41 16 18 18 21 15 30 22 25 23 22 24 21 22 158 154 159 150 159 166 54 65 54 49 56 44 69 58 58 83 63 49 66 28 26 21 30 28 112 96 102 107 73 68 51 78 154 123 127 129
16 21 22 24 21 23 17 22 28 17 30 29 17 12 17 18 21 19 20 29 36 31 27 89 98 102 86 88 99 112 95 104 87 83 82 81 92 67 110 106 107 100 109 118 150 146 146 157 147 130 53 56 55 69 59 67 73 59 72 64 67 55 72 32 27 31 25 27 94 81 100 95 35 34 25 37 34 28 30 42
21 20 14 29 24 25 56 62 63 60 59 45 11 22 15 19 15 21 21 28 28 29 39 82 73 96 76 88 80 90 79 53 48 58 50 68 50 59 79 66 61 63 54 72 49 52 31 45 51 53 79 89 88 94 87 91 46 45 46 38 52 50 45 101 105 93 84 89 113 86 88 104 40 39 28 41 50 26 38 37
22 26 15 23 19 17 62 59 68 55 64 53 54 45 61 75 53 44 53 35 29 34 44 27 34 31 38 37 27 32 27 20 24 19 22 21 18 20 23 26 24 23 24 29 53 48 46 51 43 39 47 66 52 51 54 63 48 55 57 48 63 59 43 34 23 29 29 23 28 35 30 29 32 33 41 43 31 22 47 36
47 50 62 48 50 48 56 56 70 66 52 60 41 39 36 49 46 52 51 85 115 82 93 26 29 41 40 36 35 26 39 17 22 18 13 16 25 21 21 30 24 24 25 19 33 44 46 41 44 44 83 89 85 79 86 84 82 74 64 67 70 62 71 35 32 28 28 23 33 33 28 39 60 59 72 78 33 39 27 41
72 59 63 68 61 74 65 62 54 61 59 78 54 52 48 49 64 46 60 43 39 36 31 31 45 39 35 35 33 34 30 71 67 57 73 71 65 64 58 65 75 67 72 81 49 37 52 37 46 45 20 21 23 20 21 28 22 18 16 19 19 17 23 29 22 25 23 30 29 38 30 29 40 43 30 32 127 145 136 129
25 23 34 24 22 21 25 22 17 17 28 29 51 50 48 54 55 62 56 36 32 27 28 32 24 36 31 34 36 42 36 57 68 62 61 54 60 73 104 84 61 64 75 96 46 43 44 55 51 42 69 85 83 78 78 77 70 50 55 56 52 51 48 24 31 33 18 22 34 45 30 39 75 79 60 84 109 129 129 107
108 91 110 106 115 102 53 48 52 65 50 51 107 92 88 110 92 97 85 78 97 84 87 147 141 130 154 156 162 148 159 86 68 69 83 83 92 84 99 94 78 89 104 94 134 171 173 158 151 165 63 50 55 62 56 49 74 64 59 51 65 67 62 27 27 24 24 20 31 51 32 32 77 78 77 75 37 41 20 25
23 23 23 25 22 25 51 68 44 43 45 71 19 18 20 15 8 24 22 34 33 38 26 76 87 88 105 93 101 96 78 67 63 59 60 56 53 42 45 58 60 56 53 55 155 169 167 155 159 157 47 67 63 66 54 54 61 61 66 61 66 70 60 28 26 21 34 38 46 28 24 30 77 67 53 81 31 41 41 32
85 93 86 79 79 97 62 70 64 68 61 51 84 95 89 80 84 82 98 99 92 93 88 29 43 36 34 29 37 24 32 44 43 49 49 40 42 62 21 24 25 28 18 28 44 55 41 43 52 46 19 27 34 16 35 17 25 25 25 29 15 10 20 83 98 93 92 82 89 84 99 104 67 71 86 82 124 140 151 135
54 54 54 53 64 59 67 51 66 55 49 51 45 44 51 47 57 37 48 82 91 91 101 82 98 87 80 73 95 91 82 70 73 82 90 101 84 78 69 57 65 71 64 59 48 36 42 40 43 42 55 64 57 42 55 60 44 51 52 49 45 62 58 105 80 109 77 97 26 28 42 32 70 77 67 67 37 35 35 43
57 49 60 45 52 65 51 47 65 58 55 56 47 46 50 55 52 40 49 84 95 96 97 30 39 37 34 29 33 26 45 27 22 27 22 15 16 20 18 21 18 25 23 18 51 44 44 36 56 33 92 97 85 79 96 105 54 41 42 44 42 57 43 89 99 86 100 96 31 39 33 37 63 68 84 71 21 49 38 37
111 82 122 104 138 91 69 63 55 56 60 66 75 83 81 80 97 84 90 103 96 103 85 89 99 98 80 96 88 105 82 37 47 53 50 39 43 55 54 52 58 52 51 50 56 40 51 44 40 40 18 28 29 26 18 22 15 18 30 20 18 18 15 24 32 40 21 25 103 106 100 90 81 89 68 58 139 137 135 141
66 65 55 70 67 64 60 55 54 56 49 62 48 64 53 51 54 57 47 90 77 93 91 81 98 91 90 77 94 84 101 99 88 100 93 94 97 82 123 116 120 112 118 138 38 38 52 41 50 38 45 45 49 58 64 56 63 64 76 75 65 73 61 99 99 76 74 78 34 35 29 43 60 71 64 77 36 31 32 39
50 47 57 59 67 58 28 26 23 22 24 27 20 27 21 16 21 21 22 32 37 30 43 71 80 104 95 101 96 85 113 60 62 66 48 63 51 53 66 48 52 59 55 57 44 48 42 52 45 54 66 64 62 63 50 55 67 59 64 70 61 60 60 33 32 29 25 29 99 110 92 98 68 73 76 66 37 27 29 37
27 22 21 20 20 15 48 72 57 67 57 56 14 19 23 21 20 13 22 36 38 35 42 100 85 90 100 83 89 86 74 53 42 60 45 52 50 38 54 60 46 61 58 53 41 52 43 43 54 41 78 75 92 63 72 78 84 67 61 67 81 74 65 90 82 89 77 91 36 37 38 38 36 38 37 30 33 36 34 34
16 28 26 29 25 18 26 32 18 18 20 21 24 17 22 16 17 8 18 44 33 29 37 30 38 28 37 38 39 35 39 60 55 56 56 60 58 57 74 91 76 80 75 80 159 143 145 154 149 156 78 92 78 70 89 74 65 69 68 65 55 66 64 27 27 21 28 23 74 93 108 99 35 31 34 41 32 32 37 31
116 106 124 105 116 98 75 69 99 73 86 68 111 77 70 79 90 56 75 105 122 95 114 78 118 138 95 151 91 86 153 94 93 90 100 82 111 115 85 67 111 104 102 74 152 117 58 56 132 143 113 98 104 97 103 114 77 81 74 63 64 51 80 100 81 71 69 120 88 123 129 90 69 94 72 93 163 88 150 126
129 241 376 494 647 760 891 1010 1133 1240 1364 1477 1601 1707 1807 1929 2046 2155 2264 2378 2508 2622 2742 2908 3064 3239 3409 3582 3761 3925 4101 4231 4344 4459 4563 4684 4798 4923 5059 5188 5321 5451 5582 5735 5911 6100 6291 6474 6659 6843 6958 7066 7174 7284 7391 7508 7601 7688 7773 7865 7965 8051 8150 8269 8390 8511 8635 8759 8892 9036 9168 9297 9394 9493 9592 9692 9862 10031 10198 10354
43 34 22 24 27 23 25 38 18 34 11 19 25 19 19 14 37 43 37 32 30 27 29 26 29 41 26 22 28 11 20 18 24 24 16 12 26 18 28 1
