40 80 60 69747
54 43 66 58 34 55 43 50 41 53 54 65 60 50 59 69 57 61 39 31 33 31 29 29 31 64 63 68 83 49 51 47 51 57 50 69 46 65 61 65 74 66 68 61 83 79 42 23 28 34 31 31 33 88 84 76 73 64 12 11 16 6 12 7 12 7 15 11 18 10 52 37 56 53 25 16 18 21 29 17
76 68 65 78 64 55 68 51 78 58 73 31 30 30 26 22 24 27 47 42 49 55 55 51 64 67 75 73 70 59 44 50 54 62 62 67 64 51 67 59 42 44 44 35 30 42 45 46 48 43 53 50 49 82 70 71 77 77 93 91 109 106 101 91 59 59 52 69 61 54 34 42 26 31 65 58 53 81 85 88
21 24 22 18 20 43 34 38 40 51 43 14 12 13 15 11 14 12 34 32 26 25 31 25 39 19 27 23 20 12 13 9 15 20 19 14 17 14 20 13 20 15 12 19 22 19 90 89 83 105 86 96 105 114 116 108 89 112 86 58 66 74 78 74 53 45 58 52 44 60 53 41 43 52 40 14 31 30 28 26
59 67 49 60 57 58 54 54 51 54 54 44 40 53 55 55 53 46 47 41 42 44 44 42 29 59 59 58 69 51 45 43 42 61 51 99 111 115 118 107 48 56 53 57 65 53 40 41 33 36 35 39 39 40 29 49 37 46 99 110 111 92 77 96 52 45 46 45 49 54 60 50 51 48 23 35 29 39 39 29
50 44 42 43 48 37 44 41 42 31 39 107 92 105 113 109 108 99 35 46 30 48 35 41 55 82 68 50 73 42 52 40 48 56 53 46 52 55 50 51 47 48 50 48 63 58 39 40 39 28 30 37 39 53 53 54 42 47 38 35 29 25 25 34 42 33 40 43 48 39 116 92 115 82 49 52 70 92 87 92
8 14 14 15 10 71 56 63 59 54 74 12 13 17 10 16 8 8 10 23 30 27 17 19 17 22 23 26 27 12 12 13 12 18 13 12 14 15 20 16 11 15 22 17 22 14 47 55 66 61 57 56 50 41 41 48 27 40 127 116 143 129 126 135 59 57 63 68 60 59 55 53 32 31 29 26 31 33 29 30
16 13 22 12 19 12 15 11 10 16 8 10 5 9 4 13 9 10 26 35 33 47 36 46 33 18 25 17 16 17 18 13 11 17 20 41 36 37 40 32 11 17 15 15 13 15 10 15 11 15 9 8 17 16 18 18 12 19 12 11 21 25 9 17 9 11 11 11 16 13 35 42 39 30 23 43 30 41 33 24
98 91 88 94 110 54 60 64 70 65 68 87 60 82 78 60 78 70 76 67 75 67 66 70 85 75 97 77 93 40 27 44 29 33 33 46 33 38 45 38 52 53 59 49 52 45 40 40 39 42 44 38 41 71 72 86 82 100 13 13 11 22 7 21 8 7 6 12 13 16 49 58 45 40 54 52 65 88 88 103
40 41 47 56 48 73 76 101 83 85 96 48 36 42 48 48 43 43 50 57 37 48 54 37 51 59 45 58 54 56 57 64 63 58 55 63 47 47 61 65 38 39 33 32 38 47 37 42 32 41 40 37 42 83 90 75 90 77 15 13 18 14 12 13 9 4 11 9 16 12 44 38 48 46 74 63 56 99 108 103
81 88 86 104 87 78 66 68 96 90 80 41 48 39 46 53 58 61 63 67 57 55 70 70 65 88 93 73 87 79 84 84 80 89 87 47 50 44 65 67 32 45 36 28 37 31 44 51 47 52 38 47 44 40 62 52 45 61 74 85 95 92 84 98 57 51 52 56 50 52 43 42 43 57 32 35 39 29 27 19
69 76 87 78 86 63 54 51 54 64 67 36 28 28 16 33 31 41 37 51 44 32 36 46 57 57 60 64 42 90 62 81 76 104 79 34 48 35 41 40 37 30 29 28 29 36 52 37 37 52 35 33 38 74 71 60 69 82 54 46 54 54 53 64 69 89 92 94 97 78 43 39 53 38 15 21 22 32 31 18
9 14 6 13 14 11 6 7 9 13 14 13 14 5 14 10 10 8 29 33 23 27 32 25 37 20 19 18 20 9 14 9 25 17 13 13 15 11 15 14 38 43 46 50 43 40 47 55 57 45 44 61 55 66 72 65 78 54 127 102 114 113 116 134 72 73 61 72 75 51 49 53 49 62 31 38 26 23 21 21
47 34 39 41 37 55 40 47 39 53 42 42 40 26 37 49 38 31 56 51 50 59 55 75 68 64 65 60 62 61 70 63 52 57 58 70 68 73 76 68 35 30 35 39 33 30 20 24 28 29 31 16 34 63 52 43 45 53 23 27 25 20 28 27 45 35 41 51 35 35 72 80 104 101 130 105 109 160 170 146
73 74 64 60 78 51 52 68 59 70 46 25 36 40 32 27 37 35 26 25 31 30 28 30 30 84 68 76 70 24 31 28 30 37 34 95 97 98 113 95 35 32 31 27 30 36 64 69 52 54 82 52 63 69 65 75 68 71 12 24 13 20 19 19 10 16 7 12 11 19 42 34 40 35 102 96 90 81 73 80
73 50 71 58 60 55 55 49 50 59 55 107 110 117 116 109 127 127 68 69 69 78 74 76 65 57 65 70 62 56 40 38 55 59 36 49 63 58 48 55 67 66 67 57 65 68 80 67 73 66 82 76 75 71 71 89 74 62 84 62 71 64 69 89 60 68 70 55 47 51 40 46 58 46 37 33 33 35 35 40
39 47 44 37 54 60 55 47 51 47 56 95 73 83 73 82 74 82 32 32 33 39 39 36 42 53 67 71 54 51 52 60 61 65 52 31 33 38 47 42 77 72 64 78 61 72 30 27 35 40 40 41 33 31 36 30 27 26 22 32 37 48 37 33 32 29 27 28 26 25 107 122 154 117 57 73 72 84 73 84
66 79 54 67 50 54 49 49 56 49 70 32 26 31 31 36 24 38 57 68 55 63 47 46 46 84 70 76 83 56 51 47 53 48 52 38 59 58 65 52 84 88 84 96 90 91 41 47 31 31 49 43 42 16 13 12 9 13 15 10 17 11 10 15 15 10 19 10 13 12 40 33 46 42 28 34 35 23 17 27
65 63 75 66 53 47 61 52 50 55 60 52 59 49 49 52 52 64 97 89 87 87 93 75 90 71 82 83 73 63 65 62 40 70 49 63 53 53 55 57 25 24 37 27 42 40 75 82 68 79 67 59 83 50 65 63 52 55 49 58 61 46 43 51 33 39 33 36 34 40 38 39 52 51 34 28 30 28 32 35
86 51 68 71 60 112 104 117 101 92 102 38 43 35 50 34 35 45 63 62 64 48 66 64 67 64 61 68 60 33 33 32 41 34 31 86 67 54 65 67 44 57 55 53 52 55 25 39 47 46 31 45 28 32 22 17 13 25 19 17 11 16 18 17 13 12 12 12 5 12 52 55 33 46 26 21 31 22 18 17
53 54 49 59 55 60 52 53 62 68 55 23 30 28 33 31 22 34 52 58 47 46 49 54 63 85 90 86 90 55 50 68 58 68 56 74 89 58 72 66 36 39 47 36 45 39 30 31 39 37 36 42 45 26 16 12 13 19 14 22 22 14 13 15 8 12 10 8 11 10 52 42 30 28 103 112 102 59 61 52
43 43 42 50 60 90 98 94 91 83 93 53 44 46 54 53 52 63 65 60 52 76 59 56 52 62 62 43 63 39 34 36 45 33 49 62 54 49 48 56 36 36 33 36 33 35 41 33 31 36 37 26 33 42 60 71 55 43 36 40 38 43 42 38 46 47 51 44 43 42 77 85 148 119 110 102 112 116 122 114
20 22 25 22 17 10 9 12 10 8 10 31 48 41 35 37 28 43 35 48 35 31 43 41 44 11 19 13 16 46 40 36 40 37 37 19 17 23 22 24 12 21 13 9 16 15 56 40 39 53 39 38 54 63 61 73 61 65 10 13 16 13 10 8 12 12 14 6 15 14 34 24 43 47 82 78 94 101 110 107
37 51 35 36 44 48 49 48 48 59 56 46 47 48 54 42 39 40 59 53 58 62 71 65 74 75 80 99 75 37 30 37 33 48 33 67 57 69 67 79 39 35 27 29 36 33 47 60 60 61 62 57 60 53 70 56 75 75 49 43 45 48 50 44 44 37 29 36 34 37 33 42 37 29 28 33 22 43 19 20
8 20 10 14 15 59 65 56 63 52 61 42 21 36 22 28 27 32 66 59 59 57 53 55 47 24 26 17 31 9 15 16 24 24 18 13 13 8 14 17 19 22 12 12 11 17 23 21 20 30 18 20 19 26 17 23 18 22 49 40 39 35 39 46 39 47 46 48 45 58 39 37 26 46 22 18 25 24 24 30
23 19 21 17 20 60 55 66 75 70 58 45 50 46 42 40 43 39 24 18 22 25 33 17 22 32 21 27 23 15 19 19 17 21 16 19 9 16 12 21 31 41 40 27 33 35 45 40 39 33 31 38 47 23 20 21 20 27 19 23 10 14 15 20 9 11 9 11 8 11 45 44 62 41 90 88 93 100 89 88
22 20 16 14 17 8 15 12 9 8 11 45 29 41 48 48 36 40 29 47 35 39 48 40 35 24 23 31 21 29 20 27 38 42 38 8 14 19 12 22 10 6 11 17 14 7 63 63 60 62 57 73 68 55 65 63 63 50 82 91 78 87 85 88 44 59 55 61 50 48 48 51 45 43 30 26 26 36 26 18
58 65 49 68 61 48 51 70 53 61 35 37 31 26 41 43 35 32 25 28 27 30 25 26 30 51 67 59 47 56 61 61 55 47 55 57 52 44 60 53 96 80 85 91 84 78 9 8 9 3 7 14 9 22 17 17 21 24 57 32 44 46 44 41 42 34 36 44 41 42 29 42 36 42 24 27 23 29 29 34
30 29 22 35 32 33 31 30 32 35 35 96 66 88 79 78 71 76 26 25 14 19 17 22 19 44 41 45 36 60 46 54 53 65 64 39 32 49 35 34 70 73 61 74 68 62 67 49 45 62 55 47 51 31 23 24 28 33 32 28 23 31 26 22 27 33 22 29 29 30 101 122 91 94 58 72 77 51 70 57
49 37 43 52 32 40 41 32 30 49 45 28 21 28 31 32 18 29 29 22 30 34 15 25 26 61 52 54 53 26 22 29 36 20 21 43 41 45 42 38 38 38 45 35 41 47 71 65 75 84 63 57 71 80 87 86 79 80 93 100 105 105 108 98 73 62 87 92 93 66 93 80 106 127 61 78 60 65 62 70
36 41 31 33 41 32 40 36 27 29 30 69 69 72 74 64 65 75 51 49 61 53 54 37 50 77 73 73 90 53 70 54 50 50 52 69 67 54 38 43 34 32 42 32 32 33 9 11 4 7 9 9 9 9 9 15 12 11 46 59 62 49 54 54 46 44 50 37 45 26 48 35 27 47 96 99 121 56 46 65
18 11 27 15 17 21 18 15 21 14 19 49 42 50 36 36 47 40 27 27 25 34 33 32 28 29 20 25 21 34 35 27 24 36 36 14 13 14 13 18 11 7 17 13 16 21 35 23 37 37 29 31 53 56 62 54 42 41 55 41 40 55 53 42 43 51 42 39 36 38 37 31 36 38 82 84 62 71 64 72
38 38 44 38 40 40 49 47 48 49 36 60 59 63 59 69 81 57 27 31 36 23 44 35 27 76 74 83 67 33 45 33 47 35 31 71 88 75 77 59 75 75 72 82 78 77 56 46 48 42 34 59 48 65 76 75 76 65 82 83 92 88 98 82 46 65 59 66 68 52 58 52 33 29 26 32 22 20 26 29
44 50 48 42 41 25 33 28 28 31 34 55 51 36 44 47 46 44 54 45 42 52 53 50 45 45 58 54 48 58 85 59 66 78 86 19 24 35 39 27 35 25 21 21 24 21 33 27 27 27 20 40 29 35 25 26 31 31 69 75 72 73 72 72 81 61 64 84 62 65 105 115 116 120 51 65 60 57 57 58
77 55 71 65 51 52 42 57 49 55 48 45 53 48 53 57 44 57 39 34 48 52 40 40 40 115 115 89 112 51 51 42 48 56 46 122 123 139 121 111 57 62 50 67 66 79 84 68 74 71 80 75 83 87 89 82 99 103 126 91 96 102 104 98 58 64 72 53 63 60 93 94 136 133 54 69 60 86 78 61
58 51 55 57 53 41 56 40 42 47 52 60 63 64 64 80 66 56 125 113 123 119 96 104 124 107 86 122 123 79 88 81 75 88 81 87 86 94 71 68 49 49 53 50 55 56 48 42 42 52 41 52 47 109 110 119 110 104 36 34 36 23 28 30 38 36 47 46 33 41 132 143 108 106 108 82 68 80 83 93
25 21 21 14 31 12 20 11 18 21 18 27 28 26 26 21 37 20 39 37 51 40 37 41 39 15 22 26 18 18 21 13 16 19 18 31 45 40 33 39 26 18 18 11 16 11 28 29 25 23 29 26 26 21 18 19 15 17 26 52 33 37 40 51 28 42 26 29 35 28 41 39 36 36 22 15 22 34 35 26
74 78 86 67 83 130 146 139 152 129 114 31 41 33 27 28 32 35 31 34 33 36 45 30 26 80 69 87 75 55 37 48 67 53 56 78 91 91 96 89 48 44 37 46 49 35 8 12 7 12 7 9 10 19 19 18 16 16 33 29 39 38 37 41 37 25 24 30 30 24 28 31 44 39 21 19 20 20 21 19
77 85 101 76 78 76 73 76 77 83 89 80 73 82 66 62 78 71 40 73 54 59 55 70 71 91 58 76 97 97 92 87 75 82 72 87 98 104 103 87 94 83 80 73 84 93 67 73 73 65 51 64 59 104 85 110 96 110 53 67 70 59 80 68 72 79 70 84 77 82 96 96 116 97 78 66 80 47 62 47
38 38 43 41 38 54 44 61 59 54 47 40 42 37 32 31 32 31 39 47 42 58 51 45 36 75 87 78 73 97 77 79 86 69 91 71 67 81 61 58 30 33 30 35 39 34 25 20 27 29 27 22 29 8 16 16 11 13 17 24 11 15 14 15 14 7 10 7 9 12 37 37 44 53 35 34 29 37 32 35
66 81 63 45 52 126 143 119 81 84 96 76 68 48 36 56 72 77 82 60 50 25 80 81 69 90 67 120 67 96 58 40 58 53 48 47 80 53 47 74 69 36 39 66 62 69 55 54 53 103 65 84 80 89 99 103 96 103 104 98 129 98 93 125 79 74 89 48 71 74 101 86 143 125 121 110 117 156 168 147
99 191 293 398 509 640 787 927 1080 1210 1325 1433 1544 1662 1779 1889 2017 2145 2271 2385 2509 2629 2726 2831 2956 3072 3188 3311 3435 3533 3626 3714 3801 3906 3998 4121 4245 4385 4507 4619 4716 4805 4891 4988 5079 5173 5264 5354 5438 5544 5631 5728 5834 5949 6066 6186 6297 6410 6538 6655 6799 6929 7056 7192 7274 7364 7457 7552 7650 7733 7866 8010 8165 8299 8430 8543 8665 8826 8997 9145
20 27 29 15 19 34 75 21 26 14 20 35 22 26 12 15 33 17 20 18 24 44 28 43 31 30 23 27 25 23 38 16 18 14 12 46 27 6 26 1
