20 40 60 59600
12 17 19 8 15 13 8 10 8 13 12 15 17 13 13 15 17 13 8 7 11 13 6 11 42 39 39 32 46 69 58 45 59 69 35 33 26 39 27 27
44 54 53 38 44 53 14 14 16 17 9 37 32 38 33 31 31 81 79 102 87 93 99 92 16 15 11 11 10 19 15 12 13 12 18 20 17 81 66 81
84 102 85 81 82 81 125 98 116 106 120 81 81 83 67 69 71 140 101 113 106 101 132 116 36 45 26 39 30 48 48 56 44 40 83 72 86 64 86 75
33 40 41 29 24 29 57 50 61 62 57 33 38 34 46 30 26 47 59 39 62 57 48 49 19 22 18 14 19 13 16 16 28 21 38 25 36 13 25 19
64 56 54 50 60 55 32 47 25 43 39 72 78 71 80 58 98 61 65 73 63 52 70 54 57 58 51 42 56 39 48 39 34 37 95 91 87 71 72 67
42 44 34 46 36 43 48 45 37 43 41 29 38 47 42 41 39 69 91 82 71 86 81 82 98 114 111 106 117 121 107 103 113 106 104 97 82 109 97 89
11 15 11 10 11 10 16 17 16 14 16 45 50 50 56 49 39 50 48 60 46 63 57 61 32 38 39 29 46 74 77 72 50 77 38 34 20 15 13 25
100 79 88 88 92 83 105 115 113 114 113 49 25 26 35 35 24 31 37 22 33 23 32 30 74 85 66 73 84 109 112 117 111 101 58 57 67 163 164 176
41 56 59 42 45 45 75 70 77 60 53 13 14 19 15 13 13 44 35 35 30 64 46 30 22 10 13 11 13 19 19 13 18 17 28 35 31 19 18 26
65 80 86 77 73 67 51 53 48 47 43 59 47 67 49 54 59 71 73 72 79 80 72 78 18 17 19 26 17 16 16 21 12 12 28 27 24 17 22 11
115 112 87 117 97 107 95 97 110 83 102 40 55 35 62 43 44 39 46 38 46 39 41 40 52 41 42 45 29 30 34 39 35 38 97 118 104 104 106 105
55 36 60 53 56 59 48 48 62 42 27 53 57 63 67 54 59 18 29 31 30 18 32 39 48 46 46 50 60 60 51 49 66 62 76 94 78 63 82 71
36 22 30 29 30 28 55 45 34 46 51 102 102 87 111 90 103 75 87 90 83 82 74 77 95 85 94 97 114 72 68 68 55 70 93 121 112 74 68 101
65 69 64 60 75 65 102 87 89 89 84 82 86 95 105 110 101 83 82 80 85 76 67 63 94 85 86 97 88 111 112 111 105 102 99 105 127 67 62 65
11 19 21 12 11 11 20 13 17 14 27 57 60 71 74 81 86 47 28 46 42 41 33 28 67 85 64 74 55 60 69 68 63 68 24 26 12 37 24 38
68 69 58 73 66 57 59 53 58 71 69 64 63 53 64 51 43 17 24 34 29 21 31 22 113 109 117 113 109 103 110 129 133 122 112 113 87 93 78 101
48 50 49 57 61 51 60 75 67 77 73 28 33 20 26 19 30 9 11 11 9 10 16 19 66 69 67 60 66 76 74 61 63 50 27 29 22 33 31 30
92 100 89 93 79 108 104 104 106 86 93 44 44 40 46 40 39 43 44 42 58 57 50 43 71 57 66 57 51 59 48 51 43 56 70 63 67 168 170 187
15 15 12 12 14 10 13 6 14 11 12 80 65 55 70 79 60 82 73 80 68 58 64 69 30 48 41 35 34 52 67 53 48 50 27 33 29 19 30 17
113 83 78 112 85 81 120 97 44 86 86 101 82 33 81 107 62 45 68 106 87 61 77 102 101 113 105 99 115 117 73 128 74 79 103 90 40 160 51 172
116 229 319 437 535 644 770 886 1003 1118 1239 1342 1445 1541 1653 1764 1868 2009 2111 2225 2332 2434 2567 2684 2798 2913 3031 3145 3263 3385 3498 3628 3762 3885 3998 4120 4248 4417 4588 4776
128 69 20 71 28 42 65 19 102 53 36 36 32 27 66 32 83 34 56 1
