20 40 60 61679
16 26 24 21 14 10 29 21 22 24 43 28 35 46 34 40 43 36 22 12 22 22 24 58 51 50 45 46 47 39 51 42 48 55 48 62 53 54 63 54
49 66 78 65 74 56 96 98 93 118 65 86 56 59 69 75 62 65 87 57 83 86 70 67 52 67 55 48 50 86 103 92 96 98 97 62 59 58 64 58
55 60 49 46 46 62 28 24 27 24 33 37 28 32 36 49 31 39 22 21 22 15 16 60 47 54 55 48 65 53 49 59 69 56 56 17 21 26 17 16
19 14 24 17 18 17 24 26 29 26 40 46 31 37 30 40 41 29 16 25 19 17 22 73 40 68 60 55 44 97 86 91 83 110 80 113 116 115 118 136
58 71 57 55 62 54 107 96 107 101 82 85 110 122 96 103 97 91 102 95 89 117 94 66 58 57 63 57 50 13 15 18 12 20 20 79 69 67 71 83
15 17 20 22 17 14 23 16 34 29 44 28 42 34 32 45 41 39 18 19 19 22 18 46 53 52 48 63 49 54 53 46 52 49 47 113 122 120 111 102
114 92 100 120 88 111 95 112 109 94 64 69 61 59 68 79 68 64 135 80 105 114 103 66 65 51 61 47 57 24 9 20 12 20 21 28 13 18 23 24
92 91 112 103 110 110 102 85 110 107 102 90 95 106 88 102 106 97 108 106 114 109 91 56 54 55 52 53 50 55 57 48 59 51 47 22 25 20 16 21
46 48 38 44 53 41 28 30 20 31 34 39 35 43 48 39 52 37 16 18 28 21 12 61 64 59 64 41 64 39 62 56 54 61 49 71 73 68 74 72
110 79 87 82 89 76 80 99 117 102 92 82 68 81 74 77 83 74 92 85 69 82 81 72 54 49 53 50 42 17 14 16 23 20 19 79 74 77 106 76
49 43 55 48 39 37 27 29 28 29 32 35 39 46 35 34 35 18 18 21 22 29 23 55 58 52 60 45 46 12 12 14 19 16 22 55 86 80 68 58
71 79 62 60 71 53 96 84 113 98 112 87 101 90 111 93 110 100 96 96 103 96 116 29 22 27 27 65 45 71 56 68 59 65 54 85 84 83 75 78
64 50 70 53 73 57 92 88 107 92 76 75 63 76 55 81 67 66 117 109 120 136 121 26 25 26 20 40 53 87 83 74 84 81 84 58 58 51 51 50
57 57 70 76 60 48 105 77 74 110 53 68 58 70 71 57 60 66 107 107 132 101 126 50 49 52 62 50 46 50 55 49 57 63 49 23 24 17 23 19
100 90 70 93 100 82 91 104 110 85 94 109 88 109 102 103 123 96 126 121 119 135 111 48 59 53 61 45 47 68 83 93 92 96 74 96 114 120 102 95
104 105 84 88 104 74 92 90 88 88 47 63 51 48 48 49 62 56 71 73 103 67 68 62 61 50 63 55 47 48 54 52 45 47 54 53 57 53 45 64
16 21 16 23 14 20 28 32 22 26 37 40 48 31 44 33 30 37 25 18 17 19 14 26 28 19 29 46 54 57 43 56 67 60 47 19 20 15 19 20
87 98 100 90 104 86 95 110 83 96 75 72 74 79 73 68 62 79 120 113 114 121 99 34 56 49 78 55 52 89 91 90 118 92 91 57 65 65 61 69
60 77 75 77 74 61 91 88 87 96 71 63 70 69 63 61 61 65 103 96 108 114 119 58 45 66 51 45 46 18 21 17 19 14 19 20 16 19 21 16
102 99 97 92 94 88 109 122 106 89 92 105 86 76 75 103 81 85 106 109 109 96 114 67 52 66 58 54 58 55 38 43 45 40 52 49 61 66 62 66
126 243 367 500 622 745 866 1001 1131 1262 1386 1507 1629 1764 1887 2001 2137 2248 2398 2532 2678 2829 2969 3050 3123 3199 3286 3359 3432 3540 3654 3757 3888 4010 4118 4243 4378 4511 4642 4793
90 41 86 59 31 77 31 32 67 32 74 32 31 37 23 40 104 34 37 42
