20 40 60 66677
40 49 55 40 46 51 45 44 50 60 49 83 62 64 72 82 67 108 122 87 98 116 97 96 39 50 46 27 71 73 91 73 70 70 66 76 69 79 86 70
83 83 78 87 90 75 87 82 82 69 87 52 49 41 42 29 47 38 36 43 30 30 27 37 47 48 42 49 67 96 82 71 79 64 74 69 65 62 67 58
74 71 67 72 74 105 104 122 121 114 107 79 64 62 64 66 81 67 77 64 63 73 76 76 44 44 34 46 94 76 80 81 66 60 71 57 65 59 82 80
62 54 55 52 49 50 49 43 33 42 50 50 57 45 44 45 35 74 67 95 90 75 80 77 32 48 34 37 99 94 80 81 68 70 72 69 74 74 78 65
38 49 38 46 46 59 47 28 48 42 33 36 57 45 51 43 52 37 37 45 41 33 29 42 45 35 46 30 82 80 91 92 71 72 72 89 67 74 82 73
11 17 15 11 15 20 17 10 16 15 14 46 43 44 47 35 48 52 29 42 36 53 55 48 45 49 29 40 24 22 25 21 8 9 13 9 8 8 9 11
61 43 65 42 52 69 77 75 81 78 68 75 68 71 74 86 94 76 89 84 78 105 83 76 35 39 41 40 93 83 81 92 45 63 49 45 40 44 29 46
51 54 38 51 63 43 45 36 41 41 49 96 106 90 92 90 100 79 70 65 54 57 67 68 153 118 138 121 116 148 118 123 63 53 60 56 52 59 48 50
19 12 18 20 14 19 15 15 15 15 8 14 19 10 9 14 4 16 10 11 12 15 12 11 39 35 43 47 70 60 74 82 60 65 66 57 78 63 65 50
94 98 91 87 93 72 64 58 59 51 60 45 52 44 56 63 55 89 86 89 63 92 94 80 46 39 43 52 24 10 17 17 40 47 38 45 51 43 42 57
82 83 86 114 110 84 77 89 63 62 84 50 39 53 55 53 55 38 35 36 44 46 40 45 131 133 100 104 70 79 58 66 59 50 55 48 55 43 58 55
49 53 51 75 39 76 86 64 79 74 77 36 42 45 37 46 46 32 30 33 37 31 43 38 45 48 46 40 19 14 23 16 49 45 46 45 53 44 47 46
100 85 80 94 86 112 138 128 98 128 120 40 45 38 43 29 35 50 43 45 49 44 43 43 39 35 48 44 17 29 12 27 32 39 38 45 43 35 39 21
59 68 67 64 50 48 62 46 43 66 44 81 99 100 83 99 101 86 96 84 79 70 93 68 104 100 87 125 66 50 51 67 35 36 35 36 35 33 41 33
97 77 84 70 75 107 121 116 126 136 109 102 91 92 94 97 91 55 70 69 50 64 57 53 38 45 55 36 16 17 22 17 38 40 36 34 31 53 46 60
64 80 84 85 77 72 69 59 80 81 77 98 87 74 95 85 99 106 116 98 120 107 101 122 41 28 48 44 75 80 79 59 25 39 46 37 31 49 41 56
44 47 48 36 53 27 38 35 28 40 36 18 17 8 16 6 12 9 20 14 12 9 17 14 47 48 45 35 78 73 74 92 47 40 36 58 31 39 38 47
10 17 18 25 14 20 11 8 13 11 17 64 66 57 54 54 57 39 55 40 45 56 45 50 51 37 38 52 96 74 83 98 65 75 78 78 76 82 81 76
61 74 84 84 80 66 60 83 62 69 76 55 41 51 44 58 64 61 79 78 53 55 84 82 43 52 39 42 71 67 90 66 74 83 72 74 77 81 92 95
100 92 84 94 86 75 84 64 66 93 74 44 38 42 40 37 48 44 37 49 48 52 41 45 42 45 34 47 90 73 78 52 40 33 44 42 39 57 31 47
101 200 292 407 518 631 770 899 1026 1163 1284 1387 1494 1595 1691 1791 1893 2002 2125 2224 2345 2462 2564 2687 2841 2975 3114 3240 3357 3506 3625 3749 3829 3913 3992 4082 4161 4244 4337 4433
30 36 24 40 56 122 43 29 91 53 29 63 38 29 46 31 97 64 27 52
