20 40 60 70696
53 72 65 60 67 85 86 80 68 79 36 37 33 39 25 34 32 32 49 41 35 31 48 48 89 78 73 69 77 77 66 63 95 109 112 96 67 43 58 65
69 70 71 66 57 59 57 66 59 47 73 70 61 75 75 61 63 62 65 75 60 67 62 70 82 74 76 69 57 61 64 63 107 119 87 106 60 82 66 59
69 79 80 60 62 54 67 58 64 64 76 88 89 80 86 85 71 93 64 53 54 64 78 64 37 49 63 41 49 55 58 55 66 80 60 52 25 22 20 21
117 103 133 115 84 97 99 79 90 88 57 59 73 67 63 55 48 77 74 86 91 93 74 93 67 76 72 58 57 68 72 62 92 93 87 94 109 94 95 116
106 111 102 127 92 102 90 83 109 88 78 84 92 81 77 83 89 85 140 121 112 131 137 139 118 120 92 74 94 81 85 84 78 95 96 85 58 57 66 50
73 58 67 86 50 33 36 51 40 42 79 64 61 68 78 77 41 62 72 82 65 72 66 84 74 90 80 87 91 104 95 85 84 75 73 71 119 114 116 111
24 29 29 22 17 11 15 16 11 13 23 29 32 19 24 16 34 32 47 33 33 37 54 55 47 48 56 62 58 44 51 49 18 21 24 18 76 90 77 82
153 165 152 130 116 99 93 76 94 98 119 127 135 127 122 125 116 131 100 80 116 96 92 96 111 116 106 121 89 115 96 96 70 61 68 88 79 79 78 77
72 77 78 89 41 41 40 40 47 42 57 82 75 77 73 68 50 74 66 58 51 53 61 61 108 111 105 133 114 122 100 116 68 63 57 75 57 60 59 61
92 120 99 96 86 97 88 86 104 100 91 96 91 89 109 88 97 92 60 72 70 71 58 76 22 21 28 26 17 20 18 21 56 54 61 67 26 14 24 21
21 15 27 17 32 31 29 46 31 43 22 36 37 34 40 46 42 30 9 16 22 8 20 10 29 22 13 27 15 16 21 24 17 21 27 26 25 17 20 20
60 67 55 76 46 51 49 44 42 43 56 51 69 53 59 50 55 58 59 76 91 70 83 78 66 67 59 68 79 71 78 78 90 96 96 94 71 74 71 85
23 20 20 22 15 12 15 18 18 17 12 13 13 12 14 15 9 9 14 18 10 22 13 14 48 45 50 43 66 54 49 57 18 25 27 26 21 15 24 22
88 80 76 93 62 74 58 65 66 78 71 66 73 68 73 78 62 61 68 56 49 71 69 64 45 56 52 59 44 55 49 42 28 18 14 23 75 67 70 74
168 134 145 142 87 111 107 88 108 79 68 54 67 67 64 61 52 54 71 74 90 84 69 96 80 74 74 70 85 91 67 74 86 61 88 70 65 73 80 71
63 77 53 60 46 51 59 58 63 55 41 41 25 36 29 27 32 35 28 40 39 41 48 31 59 51 62 53 57 59 71 58 63 57 57 47 102 122 119 129
71 69 75 86 83 81 85 103 102 82 70 78 83 80 76 67 77 72 51 67 69 58 62 79 19 21 23 16 21 15 30 26 17 28 24 19 22 25 24 20
19 18 25 21 35 33 39 26 36 37 49 50 60 47 47 59 46 52 50 55 41 41 43 40 61 56 67 57 54 48 62 57 27 23 19 18 29 15 26 24
72 82 67 67 78 66 92 72 82 76 70 60 42 46 50 50 49 50 64 63 69 61 64 57 104 116 113 108 113 108 119 102 117 113 123 121 82 75 82 71
75 92 78 95 90 102 100 76 91 91 59 64 53 87 85 68 67 65 69 69 66 64 59 69 22 27 14 25 23 20 23 30 58 63 53 56 75 79 70 66
186 369 537 694 823 946 1065 1179 1300 1411 1543 1684 1834 1975 2110 2249 2378 2523 2678 2812 2941 3086 3238 3392 3523 3656 3781 3928 4054 4189 4321 4450 4580 4712 4848 4982 5114 5249 5381 5524
57 27 51 23 27 36 72 16 26 51 136 29 157 30 23 39 52 79 32 37
