20 40 60 62876
44 59 56 67 57 30 31 27 19 26 25 25 28 33 26 21 13 12 15 17 51 62 70 54 69 77 66 60 58 51 55 50 66 42 47 52 37 34 35 37
75 86 90 90 68 54 54 62 47 94 89 112 67 75 57 75 54 52 56 61 32 45 38 29 46 41 79 91 85 92 81 83 82 82 87 113 122 129 116 132
89 87 112 93 87 49 40 49 55 67 45 46 52 56 53 109 117 107 110 94 57 50 60 40 54 58 56 58 48 47 53 53 43 57 52 77 55 67 66 58
54 56 42 58 58 36 59 38 62 75 73 78 98 91 104 65 68 74 73 58 69 56 60 67 46 56 62 57 54 64 64 46 62 51 53 119 101 134 107 119
50 45 67 47 51 49 44 46 62 47 55 52 55 61 53 59 66 64 57 48 36 33 44 42 35 46 32 38 40 51 52 46 36 44 39 85 70 74 63 66
28 27 17 30 18 23 19 19 17 52 34 42 30 21 26 18 15 15 14 15 12 13 16 11 18 8 24 28 29 32 36 32 31 26 32 53 53 47 41 54
47 41 49 55 63 45 39 59 49 55 51 60 88 90 76 18 14 11 10 12 21 14 20 20 23 17 11 8 6 7 14 11 10 7 8 19 15 15 18 16
53 49 52 34 51 55 54 57 74 38 27 42 30 30 35 64 63 58 58 58 16 15 22 16 15 18 26 24 34 18 31 28 25 32 18 16 14 19 14 23
66 86 81 88 56 83 91 86 67 102 106 88 81 86 89 61 62 55 59 54 18 16 22 27 20 15 27 29 21 30 33 38 29 29 30 20 16 12 10 21
35 31 32 38 47 64 88 59 68 27 37 35 39 48 41 96 108 94 92 87 40 43 27 25 41 50 63 67 69 62 69 56 74 60 65 66 62 71 66 67
26 13 24 22 18 15 26 29 18 41 27 43 38 47 40 26 13 17 11 16 46 47 44 51 54 61 20 27 27 18 33 34 27 29 30 20 26 26 23 25
79 75 63 75 72 44 63 58 46 87 82 78 102 93 94 27 22 20 19 17 51 43 41 51 47 54 35 26 22 39 41 41 30 33 37 20 17 21 26 30
55 43 50 46 54 61 61 62 58 61 48 48 58 60 66 52 38 51 38 45 52 96 66 70 82 69 85 78 84 80 77 90 76 79 60 68 81 68 82 71
47 43 27 43 40 46 39 40 32 63 71 83 88 70 61 89 96 88 94 117 65 65 61 69 54 64 109 115 116 122 101 99 110 106 105 150 122 127 131 125
48 42 39 39 50 45 51 41 37 47 35 46 22 29 23 26 28 31 37 38 17 24 24 19 18 14 82 73 68 76 58 62 69 65 72 62 71 77 70 77
18 12 14 14 18 33 26 22 29 28 29 29 39 23 26 56 48 49 57 62 50 50 60 48 62 55 30 32 31 49 32 32 32 41 38 9 10 14 18 14
41 32 26 31 29 48 40 29 35 37 24 32 28 23 28 26 32 28 18 20 11 30 18 20 19 21 10 9 9 15 15 13 11 6 8 16 13 19 17 16
21 23 18 13 17 17 17 16 16 35 48 37 26 26 19 113 108 123 109 116 66 70 68 45 73 77 58 58 54 63 59 71 71 59 69 82 99 94 87 84
29 34 47 31 37 49 52 44 50 76 76 70 78 88 68 65 68 71 70 84 67 72 68 76 51 56 36 40 45 47 37 38 39 34 38 135 138 121 135 111
95 54 53 60 69 86 110 123 107 73 78 113 110 94 110 117 128 117 118 128 103 107 112 116 95 97 107 74 116 59 111 95 80 117 83 95 142 115 124 90
99 196 320 423 520 613 724 849 958 1071 1189 1313 1426 1529 1644 1769 1899 2035 2157 2287 2396 2506 2621 2740 2844 2942 3063 3191 3320 3455 3567 3677 3799 3917 4034 4200 4353 4501 4651 4797
50 23 33 35 36 88 77 88 56 32 67 48 26 27 51 76 115 46 25 1
