40 80 60 69280
79 76 82 82 86 78 124 128 126 97 103 65 82 64 70 60 50 58 39 41 52 60 57 54 47 58 61 74 62 79 58 66 79 80 81 68 65 73 81 68 87 89 92 90 74 71 75 79 63 95 108 82 91 90 73 109 98 48 32 43 40 42 53 84 95 96 89 88 56 57 55 51 55 62 95 83 76 72 67 67
34 43 49 49 50 57 70 68 72 75 64 74 69 66 84 117 124 94 102 86 95 51 42 52 49 51 51 64 60 68 68 85 92 86 92 88 62 76 64 67 129 112 103 118 83 92 82 72 75 140 147 142 128 107 103 105 119 93 90 81 90 92 95 95 93 89 86 77 82 77 99 83 82 92 98 85 89 79 78 83
13 17 13 15 14 15 15 14 26 9 11 23 28 21 23 13 12 11 12 17 19 41 39 35 28 23 34 52 46 45 57 43 20 14 20 19 13 26 20 19 24 21 24 20 16 19 13 18 13 21 28 27 20 20 21 24 24 61 49 56 52 53 41 15 14 18 11 11 13 14 12 15 14 35 49 33 30 28 27 49
57 51 60 63 57 66 83 60 77 77 74 99 69 84 95 63 51 46 48 51 60 84 82 75 90 91 71 105 117 106 104 100 91 77 92 88 67 71 85 68 63 73 60 57 107 100 109 95 95 57 59 69 53 61 67 74 59 105 117 111 101 122 124 91 104 89 116 93 111 115 102 92 106 74 69 62 73 74 75 74
79 95 93 95 90 80 135 125 145 156 116 98 93 94 94 70 84 84 71 67 75 105 91 98 112 117 120 96 86 91 108 97 105 105 102 106 105 109 113 99 116 121 121 106 121 106 109 99 121 146 120 113 136 131 110 127 121 34 63 60 80 61 58 87 78 67 58 68 94 69 95 92 92 76 83 68 61 87 81 89
93 98 104 99 106 105 58 75 57 77 79 80 91 95 85 44 64 65 58 71 45 86 81 67 73 76 105 72 92 82 97 95 102 124 112 120 103 90 92 96 105 101 91 86 69 86 59 75 67 79 81 87 79 90 75 78 69 68 72 67 77 65 72 74 85 67 75 95 96 74 93 83 85 76 81 81 71 85 76 72
48 50 46 54 49 52 55 52 55 51 54 75 83 70 89 89 100 94 105 102 95 45 47 60 56 56 58 62 76 71 82 72 84 90 92 84 90 82 105 83 133 119 107 114 83 97 106 103 90 88 104 106 97 92 97 91 95 106 130 132 150 141 122 79 75 82 79 83 96 98 88 97 96 73 77 72 74 78 78 67
52 48 55 57 60 77 63 77 91 71 68 72 104 72 83 96 77 94 98 76 100 65 63 65 60 69 68 93 80 74 77 82 80 91 71 88 71 91 100 85 103 94 84 81 72 89 83 96 105 120 99 123 131 122 97 89 112 85 86 74 82 67 91 102 99 99 110 120 93 74 113 92 99 66 81 69 75 73 55 69
74 67 49 67 70 60 68 65 94 53 71 44 47 56 52 30 26 26 20 31 31 46 44 45 54 40 53 34 33 38 35 33 35 39 40 33 37 54 53 54 39 35 51 39 37 33 30 37 41 42 46 46 50 53 38 43 33 60 63 66 56 59 74 73 68 78 85 86 102 100 93 83 81 103 82 92 103 113 84 95
71 81 86 75 91 75 51 59 69 56 59 67 72 83 78 56 41 45 53 61 39 71 67 82 84 69 65 87 95 129 109 92 64 70 70 68 78 72 78 67 64 60 80 50 110 120 104 116 101 67 62 65 48 64 68 57 62 82 68 73 71 78 87 64 53 53 52 59 47 63 49 46 51 40 41 31 37 47 37 42
18 11 12 15 8 15 19 10 15 16 20 29 17 23 18 12 14 17 12 13 12 35 44 34 46 34 44 38 42 40 43 71 21 17 19 11 26 28 20 19 14 22 19 17 53 56 58 48 52 52 62 41 44 15 19 19 22 54 47 49 52 44 47 42 47 45 39 53 13 16 19 15 13 10 15 16 13 9 20 11
96 84 83 80 95 110 106 112 112 104 114 99 84 84 83 91 79 96 101 94 78 47 48 45 51 44 50 53 56 45 61 50 77 76 98 90 57 80 81 58 96 93 102 102 68 75 79 62 71 83 93 99 78 106 111 112 130 53 40 41 77 49 51 98 79 84 109 106 80 92 84 85 80 82 67 80 70 87 76 78
44 38 52 50 46 51 53 51 49 57 66 73 60 68 88 93 96 79 77 77 90 50 52 57 64 67 60 62 56 54 47 55 85 89 76 79 72 56 75 70 88 102 102 88 117 126 117 146 146 109 83 90 95 93 79 104 100 96 89 109 87 80 92 146 166 142 143 142 118 112 99 107 112 62 62 60 59 61 67 57
57 56 55 71 69 63 56 72 56 54 56 78 100 88 98 55 59 56 48 55 45 43 53 50 54 58 47 69 69 66 74 79 87 91 85 75 97 73 92 86 116 117 123 137 80 88 86 78 67 92 120 93 93 95 90 106 87 102 106 104 72 112 101 112 114 110 123 132 93 87 82 64 88 77 80 71 75 69 92 79
62 57 77 69 59 57 87 78 79 79 73 109 103 97 104 73 77 87 82 67 75 145 135 134 142 132 122 119 128 132 121 119 112 109 130 118 96 83 89 95 81 80 78 93 84 70 62 61 74 131 137 158 142 93 81 80 94 54 56 66 53 63 57 88 78 66 89 76 105 94 96 109 91 65 82 74 97 84 61 60
63 60 58 53 52 51 74 72 82 56 75 63 75 76 74 108 86 116 92 105 99 94 85 87 91 103 79 82 101 111 71 76 77 101 92 82 101 99 81 84 92 106 113 83 76 70 73 78 68 152 146 165 156 125 124 107 112 82 81 85 80 74 97 86 97 84 93 110 87 72 81 69 82 67 68 61 57 81 68 77
106 92 72 94 117 100 114 136 139 132 158 86 95 95 92 50 69 74 60 54 64 78 72 70 68 77 63 63 75 69 81 74 93 82 86 76 91 86 90 100 119 113 101 108 106 81 86 81 81 124 126 111 119 145 133 136 118 61 60 68 68 77 72 100 72 71 71 73 98 77 78 75 101 74 80 80 83 73 90 75
37 27 27 33 44 28 42 44 30 30 23 42 46 53 52 30 40 23 35 33 37 77 76 101 87 81 110 71 80 78 69 69 36 29 49 33 42 43 52 42 51 49 41 57 34 37 40 35 44 33 35 47 37 26 42 36 41 73 73 62 60 62 73 25 36 33 33 34 44 48 60 38 44 49 41 38 51 41 46 42
57 52 64 62 40 68 65 68 74 83 81 85 89 108 79 98 93 101 100 98 107 71 99 89 98 89 93 111 82 111 95 109 70 58 62 75 66 71 79 89 16 28 19 22 23 16 17 16 16 22 20 25 25 16 24 20 17 11 8 13 12 15 14 16 24 19 19 17 15 25 16 23 17 7 14 13 20 15 12 8
35 42 53 43 60 53 50 60 51 63 52 99 90 97 81 55 48 38 49 59 48 56 62 52 61 53 53 52 45 68 52 53 88 75 93 86 92 76 92 96 61 67 74 75 64 59 59 53 52 63 57 68 66 60 53 63 59 82 73 66 76 74 79 80 104 85 93 85 98 108 110 106 109 66 86 87 70 71 83 70
93 92 63 72 83 82 63 63 68 67 64 39 47 39 34 38 21 28 22 29 38 31 26 29 26 35 33 43 38 39 35 34 59 46 45 40 58 46 41 43 40 37 39 46 97 88 82 94 93 55 24 45 35 48 47 49 51 62 53 68 68 62 58 24 40 31 32 26 61 53 47 61 49 69 64 64 75 71 88 73
65 53 56 63 64 63 90 89 78 85 88 89 127 111 95 53 74 73 88 78 73 81 72 56 58 61 53 69 69 70 66 70 96 94 82 93 80 89 104 79 42 48 37 49 29 41 33 37 33 48 48 37 62 42 47 32 47 83 52 69 64 67 77 86 126 108 100 116 76 93 82 83 81 57 77 60 61 58 56 65
65 65 61 57 79 79 62 65 75 70 78 108 133 124 108 58 51 68 61 63 62 97 84 88 84 89 107 94 97 89 89 103 108 92 84 79 104 98 107 102 96 75 81 80 71 95 78 67 71 86 84 88 92 103 87 78 91 60 68 65 72 73 80 90 100 107 104 118 94 94 86 98 97 103 73 90 87 92 94 113
45 39 44 40 42 55 73 53 49 55 66 73 83 76 62 58 49 36 47 59 56 54 50 61 49 62 58 52 46 55 55 58 63 64 70 66 84 89 93 83 17 19 20 14 20 12 22 11 17 53 62 55 49 30 28 16 19 13 10 13 13 11 14 15 11 18 17 11 23 13 12 12 14 14 9 8 6 14 10 12
29 35 23 40 36 37 14 13 16 17 12 21 22 25 18 51 50 55 66 60 53 12 15 17 11 19 18 7 12 17 16 25 16 22 20 23 16 21 13 20 21 18 24 12 69 58 82 50 66 23 30 23 16 19 16 19 20 50 32 55 47 41 33 20 12 22 15 16 38 28 36 30 44 15 21 24 26 29 20 22
59 91 68 87 89 76 67 83 76 76 73 111 120 112 100 112 105 82 112 106 110 76 80 85 82 70 78 96 97 91 94 98 108 93 122 117 91 88 107 92 33 52 43 47 77 87 71 87 88 51 49 48 47 37 30 38 35 30 21 28 21 23 21 29 28 30 33 37 48 37 61 56 58 50 43 46 49 31 36 43
48 51 63 54 58 64 63 43 54 42 43 15 20 22 20 9 6 17 11 12 17 54 40 55 39 41 35 43 62 52 44 57 22 25 25 21 20 17 17 14 21 24 22 27 19 17 16 15 25 21 13 20 20 22 25 21 18 13 16 17 18 25 7 17 13 14 9 20 18 19 20 12 16 43 42 46 42 44 39 39
45 50 62 63 57 40 72 92 70 68 60 74 84 67 80 55 40 44 48 35 49 42 50 59 35 39 43 53 57 44 67 58 64 71 67 93 93 99 82 99 19 21 20 10 11 18 18 14 12 22 20 23 28 29 19 21 26 99 92 89 82 107 81 76 88 87 89 76 81 72 83 70 69 56 63 64 50 63 48 73
57 57 44 58 49 68 70 74 84 59 59 88 81 85 80 87 99 81 97 78 74 47 52 50 69 63 45 63 72 50 68 68 89 93 85 94 86 66 85 73 23 21 25 23 15 27 15 13 24 16 21 21 18 17 23 14 19 16 16 18 12 10 20 17 14 15 14 10 16 10 14 12 20 17 10 14 10 14 19 11
62 74 78 54 81 64 52 62 69 58 53 13 18 24 21 7 16 9 12 12 17 10 11 11 14 11 15 20 17 17 16 15 18 19 17 18 23 22 12 21 17 13 26 16 20 16 20 19 15 58 43 45 35 24 20 23 24 8 18 21 14 16 17 51 42 49 57 49 15 17 13 11 13 41 41 36 39 50 34 31
89 121 83 87 100 87 121 109 117 113 113 94 79 101 95 61 59 58 45 52 61 89 86 68 73 95 78 112 99 86 122 114 94 80 71 96 92 92 88 74 66 84 94 84 66 84 76 73 79 139 132 139 128 71 72 93 81 53 63 58 39 42 59 85 74 82 69 75 90 81 79 87 76 106 87 98 108 83 98 100
72 80 71 66 72 82 66 52 58 49 71 62 72 63 66 69 60 44 51 50 61 44 46 41 47 58 41 66 52 74 66 67 64 65 71 63 85 82 74 77 117 96 96 109 86 72 79 101 86 137 116 107 156 88 87 101 83 44 49 39 49 45 50 86 80 106 77 80 58 70 51 59 57 31 47 33 39 36 46 31
27 27 25 30 27 30 31 36 36 35 38 42 37 24 38 51 55 62 63 42 68 52 42 41 46 47 43 38 34 33 39 40 44 44 42 39 25 41 34 47 28 41 43 42 71 71 80 69 58 63 54 73 53 52 43 50 47 26 24 22 22 19 29 39 33 35 35 36 48 66 48 50 48 65 71 69 85 72 70 65
59 89 70 70 76 61 72 72 74 71 79 108 97 81 93 109 100 85 74 88 74 92 82 76 79 89 77 77 72 72 73 81 112 96 69 100 108 103 104 111 139 129 162 136 171 174 164 158 155 136 167 163 133 148 147 86 136 108 88 122 97 112 116 103 107 94 102 104 146 126 139 122 120 101 97 103 94 102 86 78
49 55 46 65 46 58 66 72 70 70 74 65 70 74 82 51 50 42 43 48 46 52 56 63 46 54 58 56 56 61 55 54 69 72 75 74 86 76 74 70 116 100 114 105 109 73 85 94 77 162 144 165 168 91 114 108 111 100 86 91 76 102 90 57 70 45 78 66 69 83 53 70 79 52 61 38 66 66 54 51
63 47 69 68 56 63 81 59 64 56 75 91 90 91 101 120 115 138 95 137 115 74 72 74 58 64 83 79 81 95 74 74 105 133 129 109 89 87 85 77 41 44 53 39 102 95 78 80 92 44 34 33 34 54 43 44 45 30 38 27 24 34 34 38 43 40 42 35 43 40 48 54 48 70 55 52 58 60 73 50
15 13 16 17 21 11 9 9 20 18 12 10 26 25 27 7 13 14 15 14 10 36 45 39 50 49 39 55 47 42 55 52 15 21 25 29 16 16 19 23 15 23 27 20 63 76 73 72 48 11 25 22 19 23 16 25 23 40 53 46 59 45 51 12 18 15 21 23 14 14 18 11 11 40 39 45 42 42 43 41
40 57 39 36 50 49 68 55 75 65 77 74 73 84 90 80 86 71 65 81 82 44 53 33 66 44 48 51 49 59 46 56 68 93 73 71 76 86 60 65 91 110 106 92 90 74 85 90 86 122 107 89 112 106 120 122 112 78 80 94 86 81 94 97 81 85 79 83 130 140 119 135 151 94 102 88 81 80 86 80
36 47 55 58 42 51 61 65 62 64 65 42 51 35 47 68 73 73 86 73 79 57 45 46 42 60 49 59 58 71 64 64 36 46 54 37 46 40 41 52 39 40 36 37 38 28 35 35 34 53 47 46 47 48 43 55 50 32 36 40 29 30 28 77 77 87 89 74 72 63 73 48 60 63 65 76 79 77 56 75
103 132 113 83 100 104 115 71 83 68 115 116 96 95 110 130 132 122 122 146 117 72 54 127 87 95 111 64 109 132 101 78 84 116 140 95 102 98 87 118 142 136 163 127 121 171 123 159 109 146 167 135 162 152 125 108 141 80 90 41 60 106 83 139 138 155 85 94 143 88 63 84 147 78 74 54 92 110 95 112
118 252 367 477 607 729 879 1030 1191 1364 1539 1662 1809 1946 2066 2199 2336 2489 2613 2765 2893 3054 3204 3352 3509 3655 3790 3922 4064 4210 4345 4477 4601 4748 4892 5025 5145 5266 5391 5514 5668 5811 5990 6142 6331 6523 6704 6879 7051 7230 7415 7598 7784 7948 8111 8262 8413 8533 8677 8823 8989 9145 9282 9444 9628 9785 9943 10100 10262 10417 10571 10721 10888 11006 11119 11233 11353 11478 11587 11712
15 17 94 17 8 8 17 15 30 16 50 13 9 10 16 17 9 30 36 16 33 17 17 25 52 11 75 23 32 68 4 13 26 8 15 27 69 15 26 1
