40 80 60 63996
35 34 59 50 47 48 26 44 31 26 13 22 18 13 17 26 33 26 22 25 26 25 33 27 33 20 63 52 53 55 56 42 86 98 80 82 85 112 72 41 40 46 46 42 42 46 46 39 25 41 33 43 32 36 15 14 13 19 14 15 72 62 64 62 62 49 63 10 11 15 13 8 14 61 63 50 64 67 71 58
183 177 154 131 164 141 67 64 63 56 82 96 92 99 95 86 84 87 87 85 94 77 58 41 47 49 47 69 47 48 45 51 62 59 61 66 59 54 67 48 57 60 59 66 55 56 50 43 58 39 43 51 37 45 74 74 80 76 57 74 70 80 72 79 71 82 70 119 115 126 118 110 107 61 48 48 57 52 46 57
56 62 36 45 38 44 21 19 26 20 23 31 35 28 30 22 26 44 33 24 27 25 18 29 31 16 45 51 60 40 41 45 81 65 69 60 69 73 72 90 78 91 90 79 82 87 69 53 42 46 37 42 49 37 84 103 91 92 104 98 93 111 89 105 91 100 89 13 16 17 17 16 17 16 14 13 17 18 9 13
49 51 66 61 38 59 36 33 37 20 26 18 12 14 30 34 25 25 19 17 22 24 30 17 20 14 26 19 28 19 19 18 54 64 56 44 50 42 55 39 34 39 37 27 29 46 42 50 51 70 53 58 64 54 53 51 58 56 53 66 18 15 19 13 19 19 18 28 22 30 38 36 21 10 9 12 12 9 14 12
36 46 45 38 52 63 34 23 32 33 24 31 28 28 17 21 21 15 34 22 28 38 16 15 16 19 34 35 38 46 45 37 43 44 48 41 33 59 53 28 34 33 47 28 35 30 35 26 25 27 22 30 24 32 24 32 25 31 26 29 86 80 82 87 97 85 85 87 87 78 70 83 69 17 25 21 23 24 26 25
37 32 43 41 51 43 77 72 81 83 13 19 23 13 11 21 18 23 27 26 27 34 26 35 25 15 127 122 129 123 123 134 70 73 81 62 74 71 76 57 61 49 55 46 44 51 62 133 115 107 120 113 112 124 32 44 46 45 38 33 33 34 28 35 29 26 28 50 51 47 36 41 43 29 27 23 26 17 28 25
48 48 60 51 44 64 22 19 16 24 84 89 87 88 75 66 64 90 68 66 80 68 75 86 53 63 74 63 56 61 74 71 52 64 52 57 47 43 50 76 73 75 69 60 67 68 66 31 24 42 27 28 45 45 12 13 19 16 19 19 13 27 14 14 15 14 21 67 87 78 83 76 73 112 125 99 107 116 94 88
36 37 54 53 58 45 40 59 62 37 17 18 18 16 27 22 19 28 21 19 16 27 28 33 33 25 43 45 36 45 53 46 15 15 17 13 17 9 14 42 45 35 53 47 42 46 39 11 14 12 13 17 10 16 16 23 21 22 25 21 15 16 15 9 20 13 18 74 78 82 86 88 80 37 20 46 36 35 30 38
33 34 35 48 36 46 20 15 24 18 13 27 20 20 49 41 37 36 34 28 33 28 29 28 31 33 91 76 77 81 85 77 43 45 63 44 42 53 55 85 81 73 79 68 65 59 60 62 57 80 65 84 63 76 103 95 107 95 112 94 113 115 129 138 147 133 147 35 29 26 25 24 24 34 26 32 32 32 31 32
34 38 49 60 69 59 59 60 65 53 29 17 34 33 57 72 67 63 30 20 30 28 22 35 31 35 19 26 22 23 17 14 18 20 15 13 13 18 14 12 6 5 9 7 7 10 10 7 9 10 13 7 11 15 19 19 23 21 14 19 16 16 18 13 12 6 19 46 53 55 51 58 50 7 9 9 8 7 14 12
37 55 44 40 50 38 25 31 26 22 27 30 29 30 30 31 27 29 26 22 25 36 35 35 27 20 52 39 48 45 42 45 35 36 33 27 31 33 32 55 55 47 53 42 53 56 56 37 35 44 36 39 31 37 93 94 109 100 113 114 54 43 47 63 52 51 34 62 62 68 72 68 89 119 120 125 138 108 121 128
49 42 42 47 52 56 26 31 19 23 53 67 48 45 86 101 92 80 59 59 50 46 55 52 60 64 31 36 33 46 30 37 20 26 22 24 32 26 21 59 77 58 76 53 70 60 88 21 36 35 34 44 37 36 133 104 128 140 121 131 84 73 92 92 86 94 89 83 81 60 71 68 87 83 74 94 80 56 80 85
44 39 36 41 39 37 90 88 77 81 19 27 18 17 21 25 21 23 19 14 19 18 30 23 23 24 46 57 50 61 50 55 31 38 34 30 32 48 31 59 61 54 59 52 67 65 60 27 30 22 32 20 23 18 109 106 86 105 92 91 48 52 51 56 40 61 52 29 38 25 31 30 31 77 72 88 82 76 80 84
61 61 48 45 71 55 64 60 76 75 62 70 62 51 76 85 79 79 88 85 89 78 53 65 50 52 20 29 33 30 27 29 19 22 13 26 23 22 27 24 20 16 9 23 24 22 21 31 39 36 37 31 40 35 31 26 25 32 22 22 80 91 84 84 80 91 84 54 47 33 32 63 48 34 39 34 27 26 30 31
115 113 165 162 92 113 61 43 44 47 67 64 59 73 91 97 104 115 67 72 86 72 55 60 74 65 113 102 116 112 134 109 101 84 84 82 87 84 102 130 102 103 104 112 124 84 120 85 76 67 77 54 83 73 102 98 117 96 109 125 97 106 95 85 105 127 111 85 84 70 84 91 77 44 42 56 54 55 49 52
53 53 43 62 47 36 78 61 73 71 30 38 26 30 18 20 19 20 26 34 34 28 31 33 21 31 14 22 30 18 19 25 15 19 20 17 21 16 21 50 50 51 50 61 48 49 38 20 20 17 16 19 13 14 57 43 43 55 43 49 55 69 53 65 70 66 55 11 8 17 16 13 14 12 13 19 13 14 13 14
36 36 36 40 39 48 85 68 90 85 65 81 72 82 130 123 106 107 92 93 101 96 68 83 65 77 14 12 12 17 6 10 15 23 12 13 23 14 20 43 41 46 33 39 49 29 35 12 14 10 9 16 18 10 13 7 14 9 11 12 37 33 46 44 51 34 33 17 21 24 22 18 23 8 11 13 17 15 9 14
120 94 106 95 105 92 72 110 91 90 83 80 70 69 81 78 96 83 50 70 43 59 65 62 62 80 36 47 54 47 42 39 76 65 62 77 83 83 84 27 29 26 19 30 32 26 26 27 31 39 36 32 46 36 42 51 51 56 56 48 71 61 53 61 56 57 53 51 56 58 67 57 61 79 63 52 71 57 64 59
34 37 58 38 31 36 24 25 26 16 64 53 54 43 64 55 52 51 74 59 63 63 100 89 85 107 22 17 19 9 16 18 78 56 57 55 69 56 55 19 11 14 13 15 17 17 9 49 45 55 45 49 46 48 8 15 10 14 12 14 41 35 42 32 33 38 37 11 11 21 10 16 17 14 10 10 13 11 16 13
60 53 49 40 49 43 21 31 30 36 34 26 30 23 67 74 57 67 41 37 25 24 31 29 29 22 83 86 83 80 82 66 79 50 59 50 54 65 46 69 68 47 54 50 49 61 59 66 52 64 51 58 65 70 32 31 30 40 22 40 43 32 37 36 40 37 36 87 86 83 94 89 101 70 70 86 100 78 68 75
63 49 55 49 53 71 43 64 45 50 17 20 17 27 41 35 40 32 22 31 26 22 29 26 19 16 104 62 69 72 69 72 62 45 61 54 43 48 49 44 45 55 51 53 65 64 51 58 64 73 77 74 66 59 34 25 40 38 35 44 24 25 13 24 17 23 17 48 34 45 37 40 38 29 29 37 28 27 33 44
55 68 37 38 32 38 28 35 26 34 87 101 94 93 105 125 104 109 88 85 77 96 48 55 61 53 10 17 11 12 12 15 58 46 50 57 53 59 47 17 18 18 14 15 16 10 12 15 14 9 21 12 12 16 26 19 11 16 19 17 16 16 16 14 9 12 12 41 46 46 35 46 36 57 45 66 62 73 62 63
60 42 34 43 53 60 17 17 31 31 18 23 16 19 20 13 22 17 29 22 24 25 18 18 18 22 12 9 13 12 15 17 17 14 12 11 7 8 7 10 16 17 7 12 14 13 6 37 58 44 36 41 48 50 14 12 19 24 19 18 34 30 37 26 44 39 42 14 11 14 8 19 16 12 20 22 21 20 12 20
52 64 59 70 48 47 22 24 19 20 26 19 30 24 19 27 26 21 14 18 22 31 15 15 25 21 12 20 16 19 14 23 49 63 54 57 68 65 43 13 3 9 8 7 12 10 10 74 59 63 55 64 55 58 23 14 24 18 17 19 48 45 35 36 56 46 44 12 12 12 14 16 12 59 80 78 60 66 65 52
35 31 33 33 50 66 24 24 15 13 25 24 35 27 30 38 33 26 19 18 17 20 25 20 16 17 70 59 57 53 58 59 87 79 87 76 77 75 96 63 85 66 70 75 51 79 70 39 53 50 48 56 57 50 26 17 19 21 17 23 9 6 14 17 18 18 12 48 51 52 59 50 44 48 49 37 39 42 44 52
32 37 58 64 49 44 17 14 19 18 23 24 24 25 28 35 32 34 21 38 21 22 35 33 27 27 85 84 95 77 94 73 74 72 67 78 84 88 77 114 116 99 128 136 112 94 123 71 70 61 69 70 81 76 69 49 56 60 62 57 23 16 26 31 30 25 21 35 36 39 35 35 36 35 29 45 33 37 36 37
112 89 150 160 117 131 113 118 127 131 85 98 83 100 74 81 70 77 60 78 62 71 43 53 45 52 74 74 74 77 55 72 66 69 67 61 68 68 54 40 33 39 27 35 28 25 38 49 58 54 55 70 54 66 62 78 63 51 63 62 62 64 78 70 59 62 61 71 71 85 76 78 82 77 76 78 56 68 64 88
49 55 57 53 45 52 29 21 21 28 20 27 15 16 19 14 17 17 39 27 30 33 30 37 31 28 29 31 24 38 29 30 51 53 62 54 47 48 50 46 55 58 54 40 58 61 65 27 26 30 27 32 31 32 51 47 39 41 48 40 83 68 74 66 62 65 70 72 72 62 88 82 69 70 63 62 54 66 54 66
30 35 59 50 39 46 42 52 43 53 18 23 15 16 25 21 23 21 25 31 37 34 26 35 37 26 64 77 59 75 58 48 27 26 21 22 19 22 32 61 54 56 53 62 55 58 60 84 67 59 53 77 68 72 96 103 96 95 91 102 29 29 37 54 28 34 35 46 34 40 27 40 35 26 29 24 21 23 22 22
35 37 59 44 40 44 62 68 54 48 73 61 68 68 87 83 86 84 89 80 91 103 93 92 113 89 65 64 67 64 60 59 103 116 91 101 105 105 91 55 60 66 49 58 52 51 53 92 105 90 116 104 115 99 10 9 12 13 8 14 13 13 15 9 9 9 8 15 20 20 19 19 18 10 21 16 14 18 17 16
41 42 48 40 48 54 68 75 81 98 30 32 22 36 11 15 23 19 19 20 15 12 33 28 17 24 52 58 53 46 61 42 17 16 15 15 11 17 18 10 16 10 5 10 9 5 8 17 11 15 15 12 12 9 27 12 32 24 14 20 15 15 12 22 13 12 18 62 63 72 53 69 61 47 49 31 45 43 33 36
139 140 145 138 130 141 65 51 48 67 75 69 70 69 69 86 91 88 93 85 91 88 65 73 74 75 63 71 72 53 70 56 50 46 42 48 40 44 46 55 62 43 70 51 45 54 52 58 71 58 68 52 61 54 69 72 65 88 75 72 103 97 104 99 96 96 94 114 110 93 113 109 96 125 143 107 118 116 104 93
47 41 53 58 55 58 71 66 71 73 87 87 62 87 99 99 110 84 99 95 96 92 52 62 38 62 20 18 15 23 20 26 14 12 15 14 18 10 14 52 47 59 46 51 38 45 51 43 57 60 50 66 51 55 62 71 72 55 75 76 9 13 13 13 14 12 8 25 20 15 26 16 23 56 44 49 59 56 56 40
55 62 43 28 55 45 80 85 71 81 26 28 32 31 28 27 23 32 28 16 15 30 18 21 24 27 22 20 22 22 20 20 10 11 18 18 18 26 11 50 38 39 39 28 30 37 32 14 14 15 15 13 16 14 95 83 116 89 106 112 65 72 69 73 61 66 58 78 59 60 83 73 61 60 49 48 60 50 44 46
48 38 59 63 45 48 38 31 28 31 24 27 27 25 85 63 66 57 22 25 23 19 17 14 22 22 66 63 57 65 71 60 72 58 53 56 53 56 58 95 94 98 90 100 82 82 100 31 34 34 45 31 42 43 92 86 90 81 79 85 62 70 58 60 66 58 52 11 10 8 11 17 11 50 56 54 53 50 51 50
52 39 39 42 49 33 77 89 95 75 10 18 22 19 43 45 53 47 16 17 19 16 31 38 34 27 47 42 27 37 36 44 11 11 11 15 20 13 16 9 9 8 12 15 7 15 8 56 55 48 43 54 34 36 16 20 18 13 12 21 60 55 46 40 51 61 48 18 12 11 13 10 14 57 55 60 66 47 66 77
53 68 49 48 67 48 54 64 64 71 73 74 73 76 91 108 103 91 96 75 96 68 100 104 77 101 48 61 56 55 45 46 80 96 67 102 78 80 80 37 26 20 29 31 32 33 26 26 31 32 39 38 24 44 17 25 32 21 26 23 31 26 36 34 34 33 38 30 36 34 48 35 38 88 94 97 83 79 85 74
41 34 36 55 54 56 31 25 22 23 80 73 84 78 66 86 65 66 78 75 61 82 69 67 57 65 14 15 13 16 11 8 13 14 9 18 13 17 18 47 59 70 58 59 58 62 62 67 54 69 78 69 64 75 71 67 63 83 67 71 19 17 15 11 9 14 14 24 21 14 16 15 19 19 17 7 22 23 12 15
63 52 68 62 76 52 23 37 25 25 75 71 79 65 98 108 94 97 72 78 50 68 70 83 90 86 30 31 38 32 34 30 32 29 30 41 33 19 40 25 36 30 24 29 23 27 22 33 48 38 31 47 32 40 29 28 26 30 29 22 36 21 19 26 30 29 23 130 118 124 142 126 152 67 83 79 94 67 84 76
154 161 157 178 129 145 56 61 70 85 140 119 142 129 126 139 134 127 91 96 100 99 95 79 91 91 66 64 63 83 88 67 76 80 89 60 57 85 76 90 91 82 60 85 79 77 77 89 87 94 84 98 83 101 58 54 69 52 62 68 80 71 83 77 73 62 69 80 79 94 80 82 89 44 48 56 52 52 51 40
184 362 528 707 872 1018 1132 1251 1379 1511 1652 1772 1915 2045 2176 2316 2451 2579 2679 2776 2878 2982 3083 3188 3302 3410 3538 3661 3791 3915 4050 4185 4289 4406 4498 4601 4707 4820 4923 5054 5171 5275 5404 5541 5666 5761 5885 6019 6135 6243 6364 6478 6594 6719 6853 6960 7089 7230 7352 7484 7598 7714 7844 7983 8131 8265 8413 8544 8663 8790 8933 9060 9213 9339 9483 9609 9748 9865 9987 10116
29 9 22 28 38 14 17 31 15 64 19 18 22 18 7 46 30 12 29 19 19 24 57 39 37 20 15 27 21 15 43 7 22 17 19 40 27 27 30 7
