20 40 60 69383
58 57 59 54 64 32 39 35 44 53 50 38 29 27 36 38 23 26 36 31 39 41 41 35 35 34 17 12 13 16 17 18 28 22 34 32 27 42 31 23
16 16 21 19 24 30 39 29 34 42 53 45 76 84 74 89 78 97 82 70 85 64 71 91 72 72 62 60 56 72 68 72 41 44 51 44 33 45 48 49
54 69 64 59 54 35 39 32 39 41 44 50 12 12 11 11 7 5 18 12 22 16 12 14 16 10 10 19 21 19 9 14 15 12 8 13 6 16 11 16
53 64 67 55 57 26 37 28 40 48 46 52 65 79 62 79 56 81 63 73 79 72 84 77 85 72 69 60 63 54 54 65 83 83 73 76 70 65 71 61
142 108 135 120 106 138 137 142 159 169 223 188 101 131 131 123 133 136 125 116 121 118 116 123 143 112 120 134 138 117 145 164 98 97 117 108 118 99 115 102
79 79 67 83 85 107 91 104 168 152 157 165 115 107 102 82 102 106 101 91 122 107 127 118 112 114 88 96 99 77 99 80 87 81 73 67 77 67 82 73
68 65 64 57 47 22 37 33 47 44 46 61 50 49 49 49 52 41 42 57 55 61 57 41 60 75 64 72 64 60 69 73 44 52 55 49 50 36 53 50
68 62 71 73 93 76 133 93 216 208 171 176 122 137 97 121 137 117 117 132 130 130 141 149 151 152 139 142 134 128 121 135 107 117 141 138 119 120 135 132
73 72 82 87 47 112 100 94 37 45 41 47 75 61 69 61 87 64 58 69 69 71 75 62 80 55 92 107 84 120 106 98 74 56 62 68 77 76 70 64
51 67 63 75 76 33 25 22 53 54 45 45 30 30 29 26 32 22 23 19 18 16 17 15 19 19 18 20 22 13 14 15 12 10 12 10 11 9 8 7
14 12 20 18 15 28 35 28 38 43 38 39 66 55 59 61 67 52 67 55 74 92 84 68 74 84 88 106 92 104 107 119 77 76 78 83 74 78 79 77
20 24 17 20 19 27 24 36 49 49 40 51 59 42 45 56 55 49 53 58 46 42 65 49 51 46 56 51 52 49 55 50 55 62 55 57 40 57 57 71
19 17 15 25 22 123 121 144 38 40 54 50 47 52 60 37 61 40 36 58 54 49 59 59 39 45 75 66 80 77 55 63 71 55 58 75 74 56 80 73
85 64 81 65 82 94 106 118 161 162 202 181 105 113 86 89 93 106 88 93 127 101 146 92 113 121 104 113 117 102 101 113 100 119 119 114 123 103 128 86
16 25 23 14 23 29 27 32 48 40 51 36 20 32 21 24 26 28 23 32 17 13 8 15 12 15 15 20 22 19 18 14 37 22 36 33 33 32 27 35
122 109 123 108 106 141 122 105 167 181 166 158 70 90 76 79 68 79 86 79 114 103 104 113 121 113 114 110 107 98 91 115 85 68 95 99 92 90 102 96
54 62 74 69 63 28 27 29 55 37 53 29 88 76 98 86 92 62 89 82 103 96 86 81 65 84 92 102 104 87 106 93 67 61 66 54 61 53 63 70
120 125 111 140 130 100 116 112 233 189 163 166 98 125 110 120 106 104 110 109 123 137 135 157 167 128 142 151 144 158 125 134 121 127 135 123 137 142 153 127
76 73 73 83 71 113 107 101 207 204 219 191 134 127 131 119 135 105 137 134 114 105 115 113 142 122 129 151 112 132 143 135 96 124 107 115 109 103 102 114
62 61 70 59 55 111 134 120 179 185 199 216 101 97 108 90 80 92 90 102 139 109 110 92 126 133 88 89 83 101 75 99 87 100 104 103 100 112 88 96
143 269 405 546 677 819 957 1102 1336 1545 1769 1986 2121 2259 2391 2515 2653 2790 2928 3063 3203 3341 3488 3646 3814 3967 4110 4262 4407 4566 4712 4877 4999 5127 5269 5408 5546 5689 5843 5976
90 45 153 44 18 17 56 11 34 117 39 48 36 17 176 17 28 15 15 24
