40 80 60 68102
28 31 26 24 28 35 24 26 35 39 38 35 30 41 38 53 34 36 56 64 50 65 59 70 77 49 75 35 33 41 31 28 45 39 50 59 60 69 54 66 21 11 23 19 20 22 20 17 17 21 23 25 13 14 20 10 21 24 22 25 24 26 24 25 76 60 78 54 65 42 27 41 27 28 30 67 65 66 63 63
56 80 79 56 60 54 48 62 119 127 134 85 85 84 88 72 87 92 19 17 17 22 20 35 16 19 27 28 40 53 46 47 43 43 45 25 14 7 10 26 21 21 19 18 21 19 15 15 23 15 61 81 65 57 57 81 55 50 45 41 33 29 43 40 69 62 60 52 47 38 30 42 32 33 19 11 14 20 16 22
17 30 19 17 60 63 59 68 27 35 47 13 19 15 14 16 16 14 61 55 40 42 46 22 33 26 26 52 46 37 54 44 57 60 52 27 18 16 18 15 19 25 13 16 15 19 23 13 12 17 63 74 70 54 69 51 53 56 52 48 56 58 49 56 12 26 15 21 23 23 32 32 28 33 37 52 56 58 51 54
23 27 23 31 22 29 21 33 34 34 30 11 13 8 9 11 15 16 19 14 15 19 15 14 22 21 26 89 62 82 86 80 88 70 75 51 42 54 65 54 91 85 85 90 79 63 73 93 54 83 92 102 83 113 96 91 103 81 101 87 88 92 77 99 18 22 11 15 16 26 44 39 22 31 33 28 24 20 22 15
17 24 33 23 14 21 25 23 38 32 36 61 45 42 40 60 52 54 23 19 14 19 17 22 24 23 25 69 53 54 66 55 61 66 70 53 52 59 51 50 22 19 28 18 26 19 17 24 16 19 11 16 12 7 18 20 15 13 9 11 9 9 11 12 24 25 26 17 24 33 27 30 37 35 32 60 62 75 66 78
28 31 27 27 13 24 26 36 42 42 31 53 48 57 40 50 56 52 48 67 43 58 58 23 24 27 25 14 12 18 13 16 14 15 13 22 21 18 18 20 79 81 84 76 92 64 63 58 65 65 97 86 89 92 90 95 53 70 57 63 62 67 70 75 63 64 62 72 68 30 34 32 38 25 24 25 18 25 22 21
23 32 23 24 56 60 50 68 80 93 114 96 127 81 99 87 84 74 29 23 23 16 22 19 25 11 33 21 12 10 17 17 10 8 14 20 13 20 28 28 87 72 90 77 89 94 73 82 102 72 64 38 55 51 53 57 61 55 66 56 49 63 57 49 70 71 68 84 80 34 39 38 38 44 26 19 15 19 17 18
50 52 59 59 48 49 49 69 118 123 110 69 64 68 66 68 67 69 24 21 21 15 28 34 32 20 19 36 50 51 46 34 44 36 40 66 71 63 70 63 65 76 83 68 76 74 64 78 68 68 41 51 50 59 54 56 43 50 60 44 39 48 60 42 62 64 67 82 66 34 42 28 39 32 32 48 60 58 60 48
25 32 29 25 52 69 64 66 39 41 34 48 49 49 48 63 58 47 14 12 20 20 22 28 28 23 23 13 10 11 11 11 11 8 8 17 22 15 20 16 68 55 69 62 61 75 94 67 66 70 73 94 89 91 94 92 85 70 89 81 97 67 73 73 81 65 70 77 69 31 40 43 30 37 34 70 67 54 66 58
28 24 28 36 33 21 29 29 38 30 37 11 16 15 15 14 14 13 58 65 60 66 59 77 88 65 96 91 92 89 101 101 84 81 105 82 95 111 80 112 79 79 93 69 83 78 92 78 79 82 56 53 56 47 58 45 25 57 48 48 38 33 40 44 19 25 28 17 19 31 22 34 27 32 30 19 18 16 24 20
25 28 30 19 27 24 29 15 36 35 36 46 40 38 50 59 42 42 71 88 93 72 91 95 75 82 82 94 91 71 91 105 87 89 95 99 120 90 102 103 19 14 17 22 17 20 18 19 18 20 16 14 17 14 7 17 11 9 11 11 14 9 23 10 79 76 66 80 69 28 37 33 33 38 31 17 22 22 25 22
82 73 65 102 102 93 94 87 119 108 115 77 72 83 99 89 88 94 88 89 71 77 79 94 109 92 113 80 83 78 85 76 82 83 85 82 73 87 89 70 28 15 8 17 23 16 19 11 20 17 22 22 20 23 14 12 24 24 17 27 24 17 20 26 13 19 32 19 26 28 45 26 36 32 30 60 65 63 63 61
32 28 26 26 18 27 32 29 113 109 95 71 97 72 95 96 71 77 83 93 89 87 68 110 106 132 127 60 66 60 48 50 64 50 62 96 84 110 103 106 64 67 77 54 59 66 99 70 78 72 66 68 84 48 57 73 49 47 59 50 44 56 76 58 151 138 130 144 132 111 103 100 125 130 130 68 66 79 80 73
25 25 22 23 26 33 22 34 25 27 31 55 36 45 38 50 44 40 17 16 18 13 19 39 23 29 23 69 50 59 48 54 47 45 48 28 28 12 18 19 128 142 115 128 142 107 117 141 110 113 86 99 97 89 100 109 73 74 77 62 73 62 67 75 140 130 138 143 126 111 91 104 114 108 77 51 63 85 62 82
86 66 68 66 67 65 79 81 38 35 32 19 10 12 13 14 17 14 25 20 20 22 19 15 31 22 30 63 46 42 48 50 45 71 53 26 19 16 25 24 21 24 24 25 20 27 17 21 17 16 22 13 23 21 15 22 29 35 32 28 27 20 21 24 15 23 21 17 29 34 26 39 34 52 30 76 74 64 61 74
18 24 18 27 31 18 25 21 48 29 31 12 15 23 20 12 11 21 21 30 21 16 21 23 25 32 18 53 51 47 47 56 41 40 57 19 17 25 17 15 12 13 18 22 22 24 20 19 17 17 22 20 11 11 16 25 37 29 22 28 28 31 26 29 21 17 28 20 30 23 33 33 34 32 24 26 20 14 15 23
29 16 25 35 23 25 18 19 34 32 35 53 56 57 51 45 47 38 41 32 47 32 39 52 50 45 50 45 37 44 49 62 53 52 64 16 21 23 20 19 65 67 77 67 63 67 80 80 77 82 45 51 55 58 48 53 38 35 35 42 44 58 23 48 56 54 66 78 58 104 118 108 143 112 138 66 50 58 58 86
24 26 28 29 25 19 21 19 30 31 39 29 49 45 50 46 38 42 15 15 15 25 16 17 28 31 28 57 55 53 59 37 49 47 47 19 20 21 16 13 57 75 61 66 72 63 66 72 72 66 49 46 50 52 47 62 37 41 48 61 46 59 45 54 78 76 86 76 73 40 43 26 45 22 37 18 20 24 17 21
47 72 79 84 55 64 56 78 38 28 42 20 17 17 16 11 21 12 41 51 43 42 47 17 26 22 25 12 11 9 14 14 17 12 13 22 28 11 26 18 138 150 143 122 125 130 133 134 131 124 89 105 98 82 88 91 94 77 99 76 80 76 81 87 69 57 63 74 63 97 101 103 93 99 105 65 70 58 67 62
26 31 26 23 26 26 24 27 30 42 29 36 62 53 47 49 53 58 37 42 48 44 47 56 56 56 58 40 42 46 43 42 56 26 35 49 51 46 54 48 109 105 102 109 98 131 119 128 137 121 110 117 144 115 110 95 77 85 90 87 65 79 89 69 116 134 138 122 134 112 99 104 121 146 102 98 101 102 114 100
65 70 64 60 76 99 107 81 21 27 34 41 41 47 39 51 40 35 83 65 65 78 74 59 68 62 54 8 11 13 15 20 14 11 16 28 22 19 20 27 63 72 66 74 58 75 72 94 84 73 47 62 53 61 64 62 67 57 59 54 62 52 61 66 112 135 107 119 125 110 132 133 118 130 108 69 65 66 73 70
74 72 73 51 58 56 52 56 28 30 37 40 53 51 52 43 44 52 24 18 22 20 26 24 19 25 21 42 36 33 55 38 39 25 44 59 55 60 52 60 18 20 16 16 16 16 18 16 16 23 16 17 19 17 15 14 23 23 23 20 25 26 26 22 18 19 25 23 22 31 46 32 29 36 35 63 64 74 75 54
19 21 27 26 22 23 24 23 27 23 36 9 8 12 18 22 16 8 18 18 20 13 26 34 30 26 24 66 59 69 70 64 65 65 57 56 52 47 72 50 121 129 113 155 126 121 114 105 114 104 107 85 90 76 102 76 96 94 106 109 93 95 110 94 66 50 75 66 58 119 130 149 131 107 117 75 60 60 58 58
118 98 100 101 122 108 129 114 225 219 212 119 121 102 148 144 121 137 133 127 138 127 146 138 147 120 137 35 37 40 45 42 41 38 33 51 65 65 68 72 85 66 73 61 71 64 69 72 60 58 54 68 56 68 38 50 58 47 55 50 49 61 63 59 124 127 121 103 113 122 125 133 111 118 118 67 73 81 81 76
148 152 154 154 115 120 113 119 102 114 115 110 90 72 83 92 93 92 123 122 106 114 119 137 118 126 127 38 41 45 40 43 38 33 40 76 83 79 91 80 74 70 84 69 84 71 70 65 89 84 58 48 41 52 60 56 38 31 43 53 40 30 32 35 74 74 69 78 64 102 100 106 139 127 128 83 74 78 84 70
34 29 24 30 21 26 20 20 34 29 36 42 64 36 53 51 39 55 29 17 20 29 21 20 19 25 24 66 57 48 62 58 65 60 60 73 69 67 63 77 83 63 66 80 72 78 82 89 77 78 73 51 57 55 49 55 63 68 60 60 67 74 69 65 26 18 20 16 18 32 36 33 40 37 35 14 16 14 21 18
20 33 35 26 65 80 67 54 123 105 129 89 85 101 90 97 96 90 82 73 94 61 102 85 94 84 98 48 49 51 48 39 39 51 51 76 70 63 76 55 18 14 20 27 19 15 17 14 22 14 17 13 22 13 13 15 24 26 25 29 28 24 25 29 77 86 73 73 78 21 38 32 33 31 32 59 59 61 46 61
27 19 19 27 28 24 26 32 39 43 32 20 15 15 10 19 8 12 130 139 136 117 142 118 97 126 109 44 39 33 41 43 37 40 35 50 63 59 58 57 93 106 99 111 114 92 110 103 112 102 152 166 143 176 182 151 119 130 124 107 109 114 108 118 90 70 62 66 62 104 113 125 126 106 118 71 73 80 70 79
129 150 112 139 145 150 148 168 145 127 127 49 55 43 47 66 53 57 72 69 78 81 72 85 82 63 88 71 85 81 79 67 81 79 65 55 68 69 64 61 16 21 19 29 21 12 12 22 17 22 50 62 58 43 39 47 43 46 42 39 44 44 49 43 19 14 29 19 17 32 35 36 29 38 43 31 27 18 15 16
27 18 24 13 26 30 31 24 33 23 32 46 38 35 43 43 43 34 64 48 69 43 58 28 30 31 23 10 10 11 16 17 10 14 16 19 17 16 21 25 57 55 57 75 60 69 77 87 77 93 53 50 51 44 60 58 63 58 77 54 80 71 72 61 70 62 70 69 71 121 111 125 105 107 122 114 113 124 96 108
64 80 60 66 60 72 68 62 28 28 33 14 11 8 17 17 16 18 65 57 74 88 55 48 69 68 69 32 41 36 38 33 33 37 35 69 68 64 57 55 81 65 70 86 82 56 59 64 60 62 59 58 62 71 74 65 59 64 63 67 70 67 65 72 80 58 81 76 77 121 112 118 107 97 102 66 59 57 52 65
141 152 126 147 134 140 139 151 112 110 127 66 85 66 74 81 85 73 88 74 92 72 79 100 105 101 106 82 84 83 82 62 81 93 72 120 147 142 135 127 20 23 8 16 29 29 14 18 17 13 18 23 16 15 18 22 9 15 14 19 15 11 11 16 51 82 56 54 72 39 29 30 44 37 29 19 23 21 26 24
17 23 29 26 56 57 54 63 36 37 28 19 19 9 8 14 17 15 98 111 107 94 92 102 111 129 115 64 64 68 72 54 67 54 61 67 59 56 65 69 68 65 50 72 71 71 72 81 72 85 69 53 75 65 65 82 62 63 91 54 78 56 58 87 70 72 96 76 78 121 106 111 148 131 110 86 69 86 97 71
89 87 87 83 116 101 93 101 186 181 167 128 117 127 117 114 109 123 72 80 91 76 97 104 122 123 112 71 86 65 74 73 84 70 69 113 144 120 117 131 144 141 106 149 123 114 112 115 103 110 115 110 88 104 111 110 82 74 88 53 62 70 73 77 117 122 121 142 142 115 131 129 101 106 106 77 79 77 74 74
26 25 24 20 23 19 20 20 35 33 34 43 31 42 50 46 44 53 64 76 58 68 79 90 91 82 81 109 108 106 93 95 116 103 102 88 103 74 91 89 84 79 77 91 82 65 69 73 52 55 61 65 64 62 77 85 50 32 64 42 62 58 50 51 79 79 85 66 72 33 29 34 31 39 42 11 23 18 18 20
54 58 53 51 77 57 74 72 33 38 41 44 55 39 44 37 54 41 60 74 60 67 63 89 77 83 79 39 34 47 44 44 34 45 42 64 72 66 70 78 72 85 71 70 75 74 68 62 76 75 66 69 72 59 72 72 53 44 51 51 56 41 52 61 60 72 77 49 58 109 123 115 121 128 125 114 109 119 117 125
75 70 65 60 68 90 63 58 29 31 38 33 47 43 42 52 52 50 51 54 52 48 63 75 76 82 86 30 42 34 42 36 39 36 38 79 71 75 75 79 17 26 13 15 27 20 16 16 23 19 67 60 59 59 60 72 78 64 55 77 65 68 65 71 24 22 15 21 23 36 36 37 29 31 28 18 18 32 12 21
60 72 60 59 78 66 78 73 119 135 110 88 85 81 82 71 95 74 44 46 56 60 47 25 27 29 20 9 8 10 6 14 13 18 14 20 23 22 19 20 81 67 77 65 75 62 74 63 70 57 50 66 50 54 52 54 60 64 67 74 57 66 67 65 144 133 125 142 128 104 105 115 132 147 139 78 71 71 65 79
81 90 77 106 98 94 80 83 225 208 209 114 113 115 121 115 126 129 66 74 64 68 77 98 124 96 107 58 54 53 37 53 57 49 64 83 89 82 87 83 74 100 73 94 88 69 73 59 69 67 65 60 61 73 63 62 47 32 38 44 44 50 49 48 56 54 63 60 69 33 36 41 29 49 34 16 19 26 14 15
121 110 118 146 125 75 137 145 199 168 208 98 114 86 82 90 97 110 125 110 123 102 98 118 124 123 96 102 101 94 98 93 114 102 86 115 145 124 116 118 71 79 70 155 54 104 27 62 132 72 27 87 90 47 159 60 105 74 40 58 90 29 53 103 125 61 87 79 96 100 45 108 45 73 97 54 90 29 55 89
149 302 457 612 758 909 1058 1227 1453 1673 1886 2015 2143 2271 2420 2565 2692 2830 2964 3104 3243 3371 3518 3657 3805 3938 4076 4186 4295 4402 4504 4610 4727 4831 4937 5058 5206 5349 5485 5617 5762 5913 6057 6213 6356 6488 6622 6764 6902 7027 7180 7347 7492 7669 7852 8004 8124 8255 8380 8490 8600 8715 8826 8945 9097 9236 9375 9520 9663 9786 9919 10069 10218 10366 10506 10621 10735 10860 10978 11104
35 28 31 30 47 34 39 25 22 26 32 23 8 12 53 81 26 31 22 20 17 39 18 8 18 38 17 12 14 26 21 16 15 12 18 15 31 22 17 1
