40 80 60 66165
84 70 65 71 85 74 80 104 37 34 39 33 32 27 43 25 28 26 32 37 32 21 30 94 95 90 105 81 94 88 73 79 76 79 60 73 60 44 48 51 49 57 46 56 50 52 23 23 30 100 84 82 95 28 22 32 34 25 22 31 12 19 91 87 83 84 92 121 103 101 115 75 48 61 77 56 30 38 35 20
71 78 87 95 77 83 94 100 35 38 45 32 36 50 45 34 36 39 46 42 42 41 43 110 111 99 93 98 99 93 83 95 96 89 94 111 50 50 54 50 44 42 48 52 32 46 61 67 82 71 75 65 81 15 21 19 19 21 31 26 11 23 19 21 27 18 13 22 23 26 27 46 67 74 55 52 20 25 25 22
23 37 29 29 32 41 34 23 19 20 15 17 15 18 19 16 17 17 17 17 15 10 10 17 13 16 18 9 9 13 9 15 9 17 17 6 18 19 29 25 15 9 23 23 11 21 25 25 23 77 76 63 66 25 26 23 22 42 35 35 33 42 59 51 44 50 51 13 15 24 23 67 70 74 80 79 21 30 30 29
56 61 65 46 47 37 48 35 37 23 30 25 35 28 36 31 47 36 44 22 34 41 33 56 76 61 56 75 61 81 32 36 37 32 27 23 79 83 80 62 49 64 58 54 51 50 80 108 76 58 63 77 88 108 110 98 107 109 93 102 92 101 38 41 41 46 37 52 52 50 59 35 45 53 30 30 48 60 54 68
28 12 28 23 25 31 25 27 58 59 58 58 51 63 66 46 54 56 67 44 68 44 51 21 18 19 14 15 20 18 25 13 20 17 21 18 28 24 27 26 26 21 24 18 24 21 20 31 24 90 70 70 87 30 18 20 25 19 20 15 17 18 22 25 25 21 15 33 26 32 34 29 19 28 32 25 34 29 33 32
75 81 78 71 107 109 96 90 61 68 62 70 66 75 63 51 50 42 50 45 41 49 52 71 65 82 88 61 80 65 104 101 99 98 112 116 82 78 73 78 83 90 69 98 77 81 143 143 130 118 100 121 109 70 42 61 53 60 56 60 54 57 33 31 47 35 35 71 72 51 58 48 57 58 49 55 94 95 80 95
31 28 28 34 31 21 25 38 57 40 52 54 51 43 52 48 43 45 50 50 43 35 43 58 40 37 60 60 50 46 45 47 53 54 52 37 35 36 31 32 29 22 31 11 16 20 25 30 30 31 33 23 28 77 71 77 100 50 46 39 38 52 23 10 20 19 20 36 24 36 32 101 97 74 101 88 25 28 21 19
76 81 83 82 57 71 74 70 55 57 56 62 56 56 49 46 41 39 44 39 43 43 47 41 44 53 53 52 48 55 91 91 72 73 69 91 74 80 73 78 33 41 26 38 28 25 57 66 59 51 56 67 54 56 51 58 59 73 63 72 75 55 67 88 63 69 75 27 36 37 38 21 13 22 23 14 25 24 29 18
25 43 24 42 25 17 12 25 40 40 52 52 34 50 35 87 79 92 71 76 74 82 96 46 46 37 46 43 55 46 33 49 47 47 40 51 24 28 32 28 13 16 20 16 11 9 30 31 31 103 108 98 114 24 18 24 32 25 14 17 22 34 81 72 84 76 87 114 106 129 115 24 14 18 15 22 19 16 24 27
65 56 65 59 63 66 78 54 100 96 91 90 85 101 89 58 59 59 50 59 54 57 50 36 30 28 39 44 40 35 65 62 68 70 50 49 66 98 81 76 95 77 70 98 76 91 36 46 37 26 33 32 27 83 72 76 78 53 63 58 70 78 19 18 30 25 32 42 31 27 24 14 18 15 11 18 33 30 27 27
36 23 36 24 34 32 32 30 61 49 37 66 40 39 42 76 62 59 65 85 68 70 72 77 92 88 80 63 75 69 37 54 54 67 47 70 21 24 16 21 16 20 17 15 20 16 34 36 30 23 32 23 29 35 43 26 33 12 17 26 21 12 93 87 98 88 83 86 87 86 96 25 12 26 23 22 18 24 30 31
108 82 82 85 64 57 74 51 82 79 83 69 91 76 81 98 113 107 109 104 126 115 108 78 74 54 65 59 60 76 52 50 50 43 50 45 76 77 94 70 47 32 41 49 41 42 87 89 102 39 42 49 36 32 33 37 35 19 22 24 26 27 41 58 54 57 60 173 184 180 176 16 15 18 16 18 23 17 13 23
26 16 12 21 32 37 30 22 46 45 45 55 41 44 47 100 112 104 107 93 89 101 117 13 8 12 16 13 12 7 49 53 48 51 60 49 21 34 35 19 62 63 61 65 60 63 25 24 29 34 35 37 30 76 62 72 85 59 49 70 67 65 33 40 21 25 21 30 29 24 32 51 61 46 53 48 68 66 68 62
80 81 88 67 44 45 49 46 96 71 99 95 96 89 89 79 87 81 72 63 62 86 91 52 58 68 70 64 68 71 62 47 58 46 56 42 79 78 87 71 65 75 78 68 70 57 37 59 44 23 29 36 28 35 26 23 36 57 56 62 50 72 105 102 88 88 91 69 74 66 68 23 38 32 24 22 21 22 27 16
19 32 25 34 31 28 23 29 8 11 14 16 9 11 9 10 13 12 12 10 21 8 14 13 16 11 21 14 21 20 36 35 44 39 42 34 29 36 34 26 19 14 23 19 19 19 37 42 31 18 24 24 13 28 23 35 33 42 41 37 27 40 18 23 16 19 17 21 27 20 24 39 43 38 45 40 77 84 76 84
55 54 65 49 91 83 80 81 92 102 107 85 79 94 89 60 60 66 74 72 73 70 58 49 48 37 60 49 37 49 75 100 104 91 77 90 96 80 83 77 104 94 85 104 90 95 61 45 48 43 27 42 48 26 28 19 23 31 20 26 24 13 17 17 16 25 17 77 77 79 74 78 94 81 83 88 34 38 30 39
31 33 27 23 25 24 28 32 21 19 10 11 11 15 9 18 21 10 21 3 18 15 15 57 48 43 45 61 50 53 15 10 15 11 11 17 23 25 24 35 18 18 14 20 18 19 35 52 55 29 24 26 24 70 80 82 77 63 82 81 76 74 50 72 72 58 65 17 23 18 14 57 53 51 64 48 69 68 76 79
35 45 38 42 70 67 71 68 54 62 75 63 67 57 75 111 111 124 116 104 116 101 108 32 40 43 39 48 29 36 42 53 57 55 46 50 47 63 48 47 31 37 51 26 38 31 78 73 72 88 84 83 96 45 39 41 33 109 77 100 85 83 42 39 48 41 40 45 53 51 49 50 36 33 46 49 47 57 47 66
22 24 34 33 18 19 20 28 25 13 16 11 21 11 13 13 8 12 8 5 7 10 9 66 74 87 61 81 69 70 37 34 26 38 40 28 25 20 25 21 29 23 26 20 23 18 37 44 48 27 20 22 27 24 20 11 21 25 22 15 21 25 55 52 48 47 66 91 68 87 110 18 26 19 23 26 28 35 23 19
18 13 25 21 33 21 23 31 16 23 18 9 26 19 16 14 11 17 10 10 8 13 9 61 52 54 57 55 64 64 51 38 58 44 51 46 34 31 31 22 18 18 16 15 18 18 39 28 42 45 37 24 35 57 56 49 53 65 58 42 48 53 49 58 49 49 41 75 81 86 90 56 46 63 54 59 105 86 88 70
55 48 48 58 79 76 80 61 64 66 64 65 63 69 57 133 144 122 116 139 158 151 120 26 49 31 31 23 22 31 95 81 104 97 99 88 77 102 94 82 102 74 91 113 111 85 56 52 61 42 53 48 56 20 23 36 32 18 20 19 18 14 30 23 25 24 34 30 33 33 31 83 94 90 88 76 38 27 33 24
23 24 23 16 31 31 22 25 4 13 13 15 11 15 18 16 9 16 11 19 16 10 12 71 63 62 61 57 60 59 18 10 22 16 18 15 29 24 23 28 71 65 74 56 58 46 90 80 74 40 41 39 50 42 52 63 60 48 43 39 32 42 15 12 11 19 21 17 20 35 18 60 74 65 64 65 48 60 54 48
63 64 77 62 64 41 59 60 38 63 64 54 45 48 43 65 59 63 68 60 57 67 70 77 100 92 101 64 72 86 55 54 52 42 42 30 57 34 46 41 91 92 96 115 89 105 80 69 52 42 42 38 36 57 61 50 55 50 37 43 31 39 52 55 62 50 53 57 52 50 56 72 89 94 93 78 83 99 82 96
95 107 90 89 129 117 127 125 42 35 47 30 38 43 42 54 63 56 38 44 55 67 74 130 114 135 145 141 130 129 71 85 82 91 95 88 115 114 128 116 62 48 50 43 55 65 68 86 80 59 58 61 58 54 67 73 72 40 45 44 55 35 102 115 115 100 98 55 56 67 57 60 48 46 55 65 75 70 65 71
61 81 62 72 54 51 46 55 91 100 93 97 73 93 78 34 55 52 65 57 51 50 58 86 73 64 57 78 60 74 78 100 86 86 107 95 63 54 70 83 46 35 41 46 43 45 43 42 40 29 28 36 40 26 25 30 21 26 17 22 19 13 136 143 140 127 148 103 86 59 67 21 23 28 32 38 17 23 18 17
54 46 51 47 74 77 73 59 52 44 40 37 41 44 41 36 45 42 45 34 27 37 41 78 85 86 75 87 70 82 41 68 41 36 58 59 73 77 67 91 47 45 57 47 49 54 44 23 38 18 15 16 23 18 27 22 21 53 51 53 48 50 24 19 19 18 19 80 70 68 72 21 32 20 28 21 22 33 32 33
86 53 81 88 43 57 42 67 39 32 36 18 20 28 28 37 28 40 35 36 35 41 43 109 103 92 109 107 119 111 70 48 63 76 52 73 67 56 66 75 76 61 57 61 58 89 79 81 83 51 48 47 38 28 18 18 26 25 23 13 29 20 18 22 17 14 21 34 36 32 38 17 21 25 15 28 20 20 24 32
125 94 111 113 119 113 131 137 68 56 57 78 60 63 51 54 45 50 42 48 42 26 34 40 41 44 43 43 42 36 95 102 101 90 100 88 89 94 84 99 91 88 91 74 84 66 108 96 87 70 69 63 53 73 85 74 81 73 92 82 72 67 40 26 35 37 30 68 71 74 84 94 77 106 81 93 121 107 101 103
64 79 70 71 64 67 67 60 41 45 39 34 34 29 36 24 42 24 24 29 25 21 30 34 37 39 35 36 42 40 87 86 79 78 84 70 70 56 55 60 30 43 40 33 46 30 93 99 93 33 47 43 39 78 86 80 81 71 60 74 60 51 37 20 23 20 17 13 22 25 14 105 111 110 104 99 42 41 17 31
23 28 18 25 31 35 37 39 60 66 66 63 60 62 57 32 19 25 34 37 25 31 34 16 18 25 16 14 15 15 70 42 59 57 49 64 20 28 22 26 23 16 13 27 22 21 46 50 45 95 96 112 123 30 23 23 30 12 16 16 18 12 6 19 17 21 19 21 25 21 26 84 79 85 93 98 26 18 32 26
26 25 33 27 23 16 25 30 51 46 46 48 51 46 56 81 93 79 78 89 86 84 76 11 12 15 16 8 11 10 42 47 58 50 52 52 25 30 26 25 38 50 54 48 53 49 28 40 37 16 20 32 17 16 23 26 19 23 25 24 30 21 28 19 26 32 31 20 21 20 15 67 55 70 56 66 49 73 47 33
72 71 83 60 79 69 90 77 83 88 82 107 99 107 94 81 72 63 66 71 68 67 68 40 41 35 35 46 40 41 53 70 65 77 69 68 64 49 56 54 61 51 65 53 48 54 36 21 22 28 33 23 22 41 19 26 32 72 62 65 59 54 92 75 87 85 79 28 31 30 39 72 61 67 62 49 82 80 71 67
66 68 77 81 107 71 82 93 59 48 64 40 56 68 53 114 106 103 107 95 101 109 94 33 27 30 38 23 25 30 101 88 90 85 86 106 65 70 65 72 40 36 40 33 39 40 64 73 54 51 58 43 50 19 21 18 16 24 18 25 18 9 30 26 35 28 22 103 116 120 117 13 14 13 17 17 28 26 35 29
26 27 44 29 28 31 29 22 50 40 42 58 50 52 50 90 74 79 97 83 68 74 98 19 6 10 17 11 9 15 29 14 22 20 18 11 21 25 19 17 12 15 15 17 15 13 37 31 25 20 22 21 18 28 32 34 36 20 19 15 12 12 95 92 102 89 86 26 15 27 14 22 22 25 21 22 29 25 26 38
24 11 26 22 20 24 14 22 12 13 11 13 10 15 15 24 17 15 14 13 17 17 14 68 60 57 57 67 67 57 47 40 52 31 40 36 30 24 34 23 42 49 35 46 45 37 82 79 76 66 65 66 67 25 21 29 38 48 55 51 53 57 21 19 27 19 23 29 19 23 25 18 9 17 19 22 16 31 23 16
38 48 39 39 73 78 75 50 27 23 23 21 37 20 19 28 27 23 25 28 14 31 34 82 98 88 87 85 85 88 45 40 40 54 56 43 73 88 82 62 29 28 28 28 39 27 135 128 145 169 166 167 176 48 47 38 46 36 32 47 34 35 79 90 73 74 67 45 26 37 50 29 28 35 25 37 53 56 61 46
36 33 24 29 24 25 24 21 15 15 12 13 10 10 9 14 22 17 10 11 19 22 16 69 84 80 69 62 55 78 40 41 49 46 40 42 23 23 22 27 10 14 10 12 13 15 59 60 57 54 63 47 50 86 94 82 77 82 65 83 88 76 23 31 25 26 22 26 36 35 23 24 21 30 27 28 19 34 26 28
32 26 29 19 35 28 35 30 47 50 47 43 49 52 45 41 40 37 42 24 40 39 32 8 8 11 18 14 9 10 41 49 37 52 34 45 35 45 30 25 32 49 46 49 37 41 22 29 26 28 28 25 24 22 13 15 23 23 27 21 24 23 70 84 53 72 69 23 25 16 21 44 50 37 44 54 87 72 87 82
49 45 55 54 85 76 90 73 26 43 36 35 52 53 37 22 36 46 35 30 34 36 29 107 99 121 92 113 103 101 99 84 88 80 94 82 58 71 56 57 62 63 68 56 90 60 44 39 41 74 64 87 87 40 36 25 26 24 26 20 22 19 84 110 79 100 102 160 160 151 119 22 20 20 19 24 39 31 41 27
37 57 99 83 84 76 139 118 89 97 109 64 85 96 78 101 155 129 124 120 151 160 57 114 106 125 75 91 117 142 92 60 33 95 64 78 106 82 87 93 88 65 64 67 121 116 59 49 47 52 119 120 146 68 89 106 90 114 102 110 101 100 64 60 125 87 68 180 54 102 127 71 121 85 61 57 115 45 86 38
139 258 381 506 649 779 924 1076 1187 1300 1419 1538 1648 1767 1871 2018 2177 2314 2443 2597 2772 2939 3072 3216 3342 3492 3653 3809 3953 4096 4211 4324 4439 4548 4672 4801 4929 5055 5197 5326 5441 5545 5652 5780 5903 6020 6178 6336 6497 6684 6868 7053 7248 7368 7490 7599 7718 7839 7948 8061 8163 8275 8426 8584 8739 8880 9044 9235 9438 9637 9832 9949 10072 10194 10309 10419 10553 10672 10784 10898
17 20 40 12 45 12 32 19 22 17 34 21 30 12 43 21 38 18 47 36 18 27 15 14 17 33 22 7 21 39 39 16 10 42 37 20 37 33 16 1
