20 40 60 69327
86 115 103 83 51 67 54 57 55 61 32 32 25 34 19 19 23 23 19 22 58 92 55 90 62 49 61 53 61 69 74 48 48 60 45 43 46 51 45 53
91 109 106 103 56 54 45 62 45 43 24 30 28 25 40 48 48 42 44 44 166 158 160 171 149 158 182 166 102 104 93 96 111 100 76 86 84 106 95 84
44 19 24 37 62 55 51 51 75 56 101 89 91 94 55 54 43 59 52 54 27 21 31 36 35 25 21 20 83 80 80 66 61 68 60 53 57 61 53 54
24 23 24 25 68 62 73 64 68 56 27 27 22 22 15 20 26 22 27 13 32 26 30 33 35 37 26 30 88 79 64 65 83 72 61 64 59 72 73 57
109 90 91 108 49 39 58 48 57 62 103 95 99 123 96 112 113 103 86 102 145 126 137 113 158 161 143 149 29 44 48 35 42 52 46 39 46 41 50 55
98 106 100 86 17 22 21 17 17 23 86 81 92 111 74 77 92 80 67 73 29 32 37 26 25 32 31 28 76 72 81 72 92 59 75 81 68 92 66 69
85 99 81 107 61 72 59 55 48 58 75 68 91 77 95 93 86 94 103 108 54 63 57 56 73 67 30 50 37 49 39 44 52 33 53 44 51 48 42 37
71 71 72 77 53 48 51 59 48 70 107 98 92 111 58 55 47 41 62 46 60 61 60 60 54 63 55 65 130 114 100 116 134 121 106 111 104 99 91 104
34 30 36 31 23 26 21 16 7 22 21 26 37 40 48 50 39 46 42 38 31 20 34 25 26 31 33 31 24 17 23 26 27 14 13 15 21 22 17 23
30 26 37 25 51 52 53 54 73 56 105 99 93 98 57 71 66 67 57 55 27 30 27 23 36 21 30 34 23 17 19 16 13 16 22 17 17 15 19 13
37 30 36 28 71 58 53 65 81 56 74 77 91 89 63 67 55 56 67 66 140 132 128 163 126 126 139 127 34 38 43 49 45 48 49 43 48 46 40 56
36 37 26 32 58 69 52 67 67 55 40 20 32 28 12 17 26 20 21 11 37 34 25 26 25 28 35 32 15 17 21 25 20 15 17 22 16 24 22 16
91 91 92 83 62 53 67 61 56 52 31 24 22 30 40 43 32 38 45 44 77 60 68 81 63 44 55 59 49 68 59 52 48 47 45 44 41 29 34 36
26 26 24 29 70 64 65 57 63 66 100 94 89 105 76 71 61 66 62 59 39 50 64 64 72 69 65 63 128 125 131 114 136 138 82 82 93 92 90 77
22 25 21 38 60 49 66 57 56 67 33 27 29 26 21 18 26 21 20 20 66 43 56 49 48 52 61 59 68 69 74 89 76 65 36 34 27 46 35 38
30 20 21 36 55 53 41 56 55 55 101 89 86 99 108 97 71 129 93 86 130 126 146 140 167 164 158 158 35 49 43 42 46 48 51 54 61 41 52 44
79 73 72 66 66 47 57 45 47 54 25 23 20 30 17 22 23 18 22 27 77 62 96 64 52 63 62 58 92 86 88 116 77 97 92 92 87 90 84 93
34 32 24 45 18 20 19 23 21 22 82 103 83 91 111 91 90 99 77 108 38 28 26 39 30 20 26 21 71 56 61 53 57 51 52 47 58 47 53 63
99 63 79 66 19 34 13 20 24 23 22 32 30 45 37 57 46 40 51 47 26 24 31 29 34 36 30 34 51 65 50 47 71 75 65 53 70 64 53 60
84 77 81 86 58 76 69 60 61 58 102 88 83 77 79 91 69 63 79 77 77 53 75 67 64 65 59 57 135 107 119 137 120 128 78 72 85 76 77 75
121 249 367 487 566 651 732 807 897 975 1094 1208 1318 1454 1577 1701 1826 1969 2083 2203 2387 2562 2739 2928 3113 3294 3495 3679 3829 3968 4113 4265 4416 4569 4687 4810 4925 5043 5149 5264
38 26 52 65 23 42 35 23 141 57 29 118 49 28 69 22 40 49 73 21
