40 80 60 64963
34 34 28 33 52 54 55 63 66 37 30 33 38 32 25 23 28 20 29 16 23 21 20 24 17 14 36 25 32 37 37 62 45 52 71 88 90 77 76 31 31 28 38 28 31 27 28 30 29 32 30 28 40 44 44 38 104 90 112 116 109 108 122 121 126 130 118 109 110 111 95 117 113 108 121 125 119 118 109 107
37 27 24 32 71 63 56 68 52 64 67 58 81 74 16 31 27 17 21 20 58 63 65 82 77 77 93 98 83 80 82 58 47 54 31 31 17 30 21 120 114 110 127 70 84 86 74 107 36 29 28 25 25 43 37 31 45 54 51 39 50 43 74 62 55 54 61 56 29 24 30 25 27 16 24 24 30 26 25 28
39 27 44 35 16 14 26 22 22 24 66 85 74 80 78 62 76 87 55 82 61 77 63 77 79 71 53 71 57 75 68 128 137 136 96 90 97 112 77 37 38 42 32 26 29 32 32 42 74 79 95 90 33 38 42 41 105 112 99 100 108 97 83 77 81 82 80 88 103 94 89 112 78 100 90 77 78 72 83 95
29 26 35 31 50 46 58 68 49 32 30 39 35 30 61 74 60 64 53 61 65 57 65 63 63 47 18 27 25 27 28 45 54 48 26 28 31 33 35 95 102 81 108 118 113 87 111 121 26 30 35 31 45 32 32 31 31 23 29 16 35 17 20 18 32 32 26 26 47 41 43 48 58 38 24 29 28 19 19 33
30 40 40 50 49 60 64 47 54 57 91 89 100 98 68 80 67 89 68 68 25 22 18 14 29 30 24 30 33 28 36 42 41 41 99 86 63 80 67 112 111 108 148 99 94 74 90 87 68 74 66 53 38 37 23 24 45 54 64 60 55 61 39 47 54 45 59 41 23 20 23 21 20 25 22 23 25 28 30 23
35 46 29 34 28 29 36 29 23 18 69 75 86 78 62 72 76 71 61 75 67 100 90 95 89 82 91 85 92 82 70 46 38 51 28 26 19 20 25 29 38 33 26 33 22 37 33 30 34 45 38 29 35 42 43 32 20 17 25 37 25 19 26 28 29 25 18 27 63 55 53 53 42 55 23 26 31 24 29 32
32 38 33 37 31 15 32 19 28 22 27 41 28 41 79 81 88 81 74 83 118 98 87 97 113 90 74 85 70 91 74 44 45 43 94 86 84 86 83 41 46 29 41 27 22 32 22 19 83 83 93 84 104 98 94 100 18 38 30 19 25 29 12 23 30 20 16 20 17 25 12 28 19 19 23 17 19 23 17 19
32 44 17 40 25 31 24 20 20 22 33 25 25 35 86 67 69 78 76 75 61 62 70 64 65 62 76 90 58 69 57 47 47 47 64 76 76 78 85 37 44 32 45 28 28 23 30 34 66 76 55 66 72 82 74 87 29 34 22 19 20 29 17 22 31 15 25 25 44 51 54 54 53 52 27 24 27 27 24 32
43 33 38 34 53 56 48 56 56 49 76 89 75 87 64 77 76 68 70 74 42 26 16 27 29 22 32 23 24 21 29 142 143 133 27 42 27 41 29 114 99 92 102 75 89 87 78 72 29 30 37 30 45 34 47 30 34 23 30 26 25 29 20 19 17 25 26 22 57 50 52 53 72 60 33 13 20 25 29 21
36 35 36 32 19 17 23 25 27 26 68 71 80 81 68 70 66 86 66 75 61 60 67 52 52 58 31 25 35 24 29 48 41 54 26 28 22 27 29 33 40 39 33 21 25 31 27 24 95 74 94 74 26 23 43 32 17 24 23 24 15 20 27 31 27 23 37 22 52 56 54 61 50 63 28 23 29 21 26 24
24 28 33 34 45 45 44 49 50 68 99 90 83 94 69 64 58 74 68 79 44 62 60 46 59 62 79 94 83 78 78 140 158 142 25 22 22 23 26 30 43 41 39 19 16 22 28 34 85 79 65 80 26 33 31 32 88 88 85 88 98 87 79 77 77 80 90 80 93 91 88 101 104 103 87 82 96 92 89 83
44 43 37 34 18 24 19 26 21 14 87 93 86 87 17 27 25 16 24 23 94 107 92 93 89 95 97 87 77 107 68 101 122 105 24 24 29 24 21 31 25 39 28 25 20 24 25 42 34 40 36 40 32 39 29 31 83 87 88 95 88 102 96 86 88 110 96 107 139 135 125 118 149 132 105 107 97 95 106 123
36 29 29 36 58 58 61 59 70 72 42 42 41 41 94 68 102 70 95 82 61 60 64 60 52 63 26 23 37 36 35 47 44 33 31 37 39 27 23 128 130 148 131 79 79 86 93 88 78 80 94 88 82 91 90 78 22 24 24 37 28 24 24 25 28 23 29 26 20 25 30 28 22 28 32 23 22 23 18 23
34 33 41 29 66 55 70 58 50 55 83 95 65 77 27 35 31 22 26 22 31 23 20 23 18 31 23 29 30 25 22 40 39 45 65 83 97 81 70 99 105 91 131 115 112 104 110 122 23 33 27 39 102 100 81 87 20 21 23 29 24 19 26 25 22 19 23 21 21 18 16 20 20 33 26 26 36 31 19 26
31 38 26 34 53 46 51 49 47 50 47 47 31 32 25 19 29 27 24 26 57 62 67 65 58 68 18 23 23 26 44 42 44 37 33 18 28 30 31 115 124 137 125 86 78 76 78 77 31 40 38 34 32 34 32 39 41 48 51 57 48 55 63 58 40 50 68 38 54 48 51 52 50 42 24 25 18 24 27 28
42 31 25 24 31 25 26 22 20 32 37 35 25 37 29 26 25 22 21 21 62 66 51 52 66 59 26 24 22 24 29 55 44 60 33 33 38 29 27 39 35 29 38 57 68 70 55 66 38 33 37 28 39 35 27 25 23 21 20 27 17 19 33 28 30 37 17 21 58 60 55 57 52 70 33 22 21 16 35 21
31 40 48 35 24 21 27 32 28 25 34 31 44 34 88 71 69 78 79 77 70 60 64 53 61 67 62 64 79 81 82 46 55 59 20 26 19 20 34 40 36 37 32 21 22 36 30 18 45 23 43 33 106 89 98 114 25 24 25 23 36 33 24 20 22 15 25 21 21 23 28 27 15 19 23 25 20 20 21 23
28 33 31 28 24 22 31 20 9 19 43 43 46 29 24 25 24 38 26 23 55 47 44 47 62 44 21 28 29 14 35 48 37 44 26 32 30 28 32 43 40 31 33 54 49 68 50 48 41 38 20 33 90 90 101 98 57 69 54 54 64 55 66 47 56 51 78 45 63 58 66 42 57 53 26 27 22 31 26 21
29 37 30 34 36 12 23 17 31 25 76 92 84 72 23 35 29 29 23 29 57 62 70 72 82 71 70 80 85 74 65 52 56 53 82 69 77 77 78 34 41 43 40 56 46 54 50 46 27 40 40 31 43 33 29 34 60 53 45 74 58 58 46 56 47 52 36 49 20 18 20 29 12 19 18 20 25 25 12 20
45 33 30 36 26 23 21 24 17 19 26 37 46 30 28 25 31 18 25 23 67 49 63 42 45 47 27 22 23 18 27 49 36 48 31 33 18 19 22 36 33 40 41 40 28 28 27 33 36 40 35 39 70 65 81 90 137 134 121 117 119 133 147 128 147 132 112 129 146 140 145 139 126 132 106 120 92 111 118 138
30 35 26 41 17 18 27 24 32 25 48 35 41 32 73 74 69 57 72 62 23 26 24 21 24 24 25 30 27 33 29 55 39 37 81 87 78 69 76 38 31 38 50 36 30 31 29 26 39 36 30 33 104 92 100 93 26 23 22 19 18 20 34 22 28 19 23 20 33 23 29 30 31 21 20 22 20 17 23 18
104 99 83 109 76 88 78 91 79 96 34 31 34 43 80 78 83 91 75 91 80 64 59 62 54 57 84 70 96 102 96 45 43 48 108 102 91 98 109 38 41 34 52 70 76 68 49 71 32 36 37 34 43 38 33 51 29 23 19 28 16 18 15 26 12 18 32 16 28 28 29 24 23 26 19 18 27 28 32 20
36 30 34 32 50 47 41 53 54 56 92 114 93 96 67 60 69 55 53 68 49 73 48 66 63 64 78 73 73 70 59 36 53 43 35 30 30 34 37 43 39 37 41 26 23 32 26 27 41 28 30 32 85 89 80 95 25 32 27 23 27 24 25 25 27 21 30 27 27 27 29 21 21 15 24 29 25 27 34 26
108 132 114 118 120 112 119 111 124 105 35 52 28 38 91 89 79 86 68 78 52 56 64 57 52 80 40 29 35 35 27 49 42 44 19 28 28 18 27 35 40 42 36 30 27 29 31 32 30 37 28 30 29 39 30 32 78 76 95 84 69 91 114 103 95 121 111 123 90 100 96 96 81 87 147 125 136 127 125 145
34 39 48 39 16 16 28 21 21 18 38 42 32 36 52 66 72 78 68 74 20 20 29 23 18 23 36 24 42 32 30 39 45 40 85 93 76 96 82 45 41 32 50 61 66 70 41 49 69 66 79 71 51 41 41 31 134 141 158 148 132 135 118 121 120 118 121 115 105 90 102 108 99 106 95 124 87 112 105 103
43 48 31 41 25 21 28 33 22 21 80 80 101 91 75 72 60 69 76 79 27 22 28 19 26 18 28 30 33 29 35 120 123 112 82 84 88 123 121 31 39 25 46 51 44 45 46 63 31 38 36 42 37 38 38 44 89 105 80 86 83 75 85 97 81 85 88 84 105 107 105 106 105 96 77 82 72 74 92 86
49 44 31 38 23 25 34 25 16 31 30 30 44 36 77 82 89 86 77 93 14 31 16 18 28 30 35 28 31 40 25 35 59 51 70 82 78 92 98 30 36 30 29 28 35 28 37 19 74 85 77 79 34 42 27 42 145 126 128 115 114 127 140 147 127 144 158 129 93 95 91 90 82 97 108 92 102 98 100 117
98 87 105 82 103 99 110 101 100 93 41 38 54 34 60 71 68 84 72 72 117 112 122 106 114 126 72 71 74 70 59 50 50 42 29 28 23 23 18 33 40 23 36 28 38 38 29 31 92 96 98 70 81 93 111 98 20 23 26 18 24 24 25 19 21 20 24 33 37 23 23 28 26 22 21 17 23 27 20 20
49 40 28 34 52 41 64 50 52 50 40 39 28 37 29 27 25 28 20 29 48 49 59 52 66 61 20 26 28 21 32 32 46 43 32 33 37 28 34 28 48 41 41 28 37 37 29 28 43 36 35 47 30 39 56 30 104 84 95 113 122 103 77 85 77 87 86 80 86 124 104 106 107 99 139 154 135 131 123 139
33 24 33 39 55 63 60 62 50 68 102 83 89 82 23 30 23 30 18 32 20 21 26 23 21 24 23 29 19 18 29 46 42 34 64 86 94 86 84 40 36 36 40 27 34 37 28 34 40 31 34 46 22 37 42 34 28 33 20 26 19 25 17 19 13 24 28 18 22 21 20 27 36 21 21 29 20 29 23 30
44 42 35 29 48 60 65 55 59 60 41 32 23 39 81 68 84 69 65 63 53 67 62 75 71 63 26 26 31 37 21 48 54 56 26 24 30 34 33 26 44 41 32 24 19 37 29 34 85 83 82 65 40 36 34 29 46 59 49 31 48 49 52 67 59 69 69 48 59 67 65 54 60 46 28 19 19 15 15 22
137 110 136 112 86 96 101 68 79 89 31 28 30 38 75 81 67 91 83 66 23 22 29 30 29 26 24 38 23 34 18 68 46 49 26 28 36 31 31 37 40 24 30 27 32 26 31 27 65 61 73 69 48 39 31 49 125 99 124 137 106 124 130 119 134 138 123 138 80 82 71 70 88 79 110 105 124 115 94 94
33 41 46 43 41 49 43 49 38 59 109 98 92 90 36 35 16 26 26 22 23 27 23 28 22 25 34 32 29 24 21 46 32 46 17 26 23 27 28 39 35 41 33 45 45 58 46 55 47 42 31 34 88 95 116 92 33 17 20 18 19 23 28 22 22 23 31 29 23 32 31 32 16 19 20 26 23 17 31 26
26 33 41 36 26 21 34 17 17 20 89 82 88 90 25 27 28 27 28 32 62 62 74 72 65 68 72 82 78 67 69 49 43 65 80 78 74 74 97 24 29 32 35 22 27 23 26 24 42 34 36 51 69 80 77 74 16 25 28 22 21 20 16 20 23 27 30 16 47 43 61 51 54 41 25 19 25 17 18 16
113 109 109 125 95 117 105 106 115 114 88 87 104 85 87 67 82 78 65 79 55 56 49 52 66 54 25 28 25 27 34 43 56 52 26 27 25 29 16 37 34 36 34 32 29 28 33 28 38 33 39 25 48 38 41 41 97 90 110 106 100 89 95 103 103 115 80 103 93 93 74 66 86 89 93 87 90 101 99 81
107 101 106 100 94 99 98 102 105 109 34 37 33 36 21 18 20 17 22 23 58 58 64 68 70 65 39 32 27 29 25 54 52 50 83 78 82 77 69 31 30 42 37 35 22 31 29 31 49 25 35 21 46 27 32 34 136 120 131 127 127 125 151 150 102 148 141 158 107 93 114 98 116 129 88 80 89 84 84 83
33 31 39 29 27 25 25 25 29 33 29 33 36 27 21 25 24 20 33 32 74 90 71 75 67 62 60 76 81 63 77 59 49 58 97 102 115 103 105 32 32 39 27 31 25 39 28 24 31 35 28 26 31 36 29 32 89 94 99 91 107 85 86 91 120 87 87 99 118 92 93 105 96 97 137 163 145 148 131 149
104 77 97 102 104 80 88 102 104 103 24 39 36 38 26 22 26 21 25 15 32 18 29 31 18 23 32 32 27 36 34 49 48 49 28 29 36 27 29 18 43 39 33 30 28 29 32 37 40 34 36 34 18 31 30 43 45 47 46 46 33 44 40 34 42 54 48 47 24 24 19 24 26 21 19 21 25 29 20 15
28 31 27 38 50 50 58 46 51 57 76 90 79 83 91 87 80 71 90 101 52 63 49 53 57 68 100 104 77 98 83 141 142 139 30 31 35 29 25 111 105 97 116 80 82 92 95 102 87 82 93 84 35 39 31 36 102 111 114 106 106 80 111 95 121 111 105 102 79 84 71 81 71 83 88 103 99 90 86 103
103 134 64 90 111 71 35 109 27 117 83 120 104 78 88 86 83 82 93 86 71 91 113 52 103 63 87 70 43 32 82 117 154 154 99 62 78 101 62 70 104 117 64 84 107 53 101 39 56 105 66 72 76 92 64 56 121 107 131 134 130 112 114 157 107 124 169 150 125 100 148 145 113 90 147 142 146 117 92 125
152 298 449 588 721 851 983 1106 1243 1369 1490 1616 1731 1840 1944 2043 2156 2257 2363 2475 2606 2730 2865 2983 3109 3249 3360 3475 3582 3701 3808 3965 4140 4297 4417 4530 4658 4794 4928 5070 5214 5378 5542 5673 5798 5913 6036 6171 6277 6384 6493 6593 6711 6822 6951 7077 7238 7394 7569 7733 7879 8029 8196 8362 8525 8689 8864 9039 9201 9356 9517 9671 9836 9982 10145 10325 10486 10650 10795 10960
19 17 19 23 24 28 30 23 32 31 9 17 34 27 32 53 38 31 26 17 36 27 30 13 17 22 16 18 26 31 25 14 38 32 23 21 16 51 13 1
