20 40 60 61937
39 44 33 35 42 46 14 24 24 20 14 32 33 28 51 59 41 36 49 45 43 43 42 49 38 18 15 30 29 16 66 57 64 56 60 67 70 54 75 51
70 75 85 72 86 94 75 75 64 77 69 80 82 77 57 53 42 44 33 24 35 37 43 33 29 126 110 122 115 98 72 84 76 81 64 71 71 60 76 73
47 60 60 52 56 54 62 87 57 57 81 112 121 122 183 177 97 102 81 87 93 94 88 80 93 109 115 112 118 102 92 107 120 112 116 111 117 108 103 93
26 44 40 34 25 33 15 19 19 27 24 85 77 72 50 48 45 42 46 54 32 30 42 46 32 60 55 64 65 57 12 17 18 21 26 18 19 22 19 21
98 81 106 86 106 87 67 63 78 89 83 32 27 36 50 49 32 42 48 40 35 42 35 28 41 58 81 70 60 78 75 72 74 64 61 75 79 62 88 83
72 89 77 92 86 90 74 64 69 82 73 37 33 40 55 38 37 49 36 40 51 31 48 36 44 16 22 22 16 22 67 61 77 70 70 79 66 62 66 71
50 70 81 56 63 62 76 66 89 67 99 34 30 36 44 49 41 47 54 45 33 57 41 48 45 19 21 19 18 19 67 62 45 75 58 77 58 57 62 72
17 15 11 18 27 17 25 25 17 21 12 30 28 33 49 45 71 62 74 86 65 78 82 61 79 65 85 86 66 79 110 125 128 113 126 116 104 122 88 107
117 132 154 151 129 138 112 125 116 107 123 158 166 174 162 177 77 53 72 63 74 74 73 54 59 54 63 80 72 71 73 74 68 74 53 68 81 51 52 64
67 73 77 67 78 71 69 69 70 83 61 81 87 80 40 53 59 64 77 68 67 60 57 54 86 61 59 71 68 55 102 113 108 118 122 125 129 137 113 121
67 58 65 58 64 71 80 76 62 66 73 32 33 39 50 39 49 44 45 43 47 35 53 42 47 52 62 62 62 74 19 22 19 22 27 21 21 14 13 24
51 61 70 64 59 46 90 73 69 63 92 81 70 78 52 54 61 43 37 62 47 36 54 48 41 62 58 65 58 71 14 20 21 25 15 18 17 14 23 17
67 66 76 75 59 72 75 89 78 87 100 34 35 38 56 43 79 75 65 81 71 75 69 74 79 66 69 72 76 81 115 110 121 94 96 82 104 108 128 147
16 15 12 20 13 26 13 19 24 18 16 33 30 28 49 40 50 47 42 34 45 53 50 42 40 71 57 65 55 69 21 19 28 20 21 20 22 24 11 22
131 107 112 115 108 110 128 101 117 119 107 166 156 161 167 180 85 69 72 55 76 83 66 66 74 92 109 110 110 102 71 61 58 51 57 70 64 72 79 82
74 65 54 50 59 69 82 62 86 93 76 27 32 37 47 43 77 80 71 71 57 87 85 75 67 119 115 128 116 101 109 98 96 120 92 119 125 112 117 120
63 81 62 60 80 74 83 80 75 73 75 76 64 62 54 46 83 70 80 73 78 76 70 81 69 114 112 122 106 117 61 75 66 72 75 82 82 68 67 68
14 14 15 21 19 15 16 24 23 18 18 67 69 69 54 48 36 43 35 41 56 46 36 37 37 20 22 18 25 22 62 75 66 62 62 72 75 73 82 58
29 35 35 38 42 37 30 18 21 21 17 38 31 36 50 58 30 35 49 34 39 43 46 50 46 50 57 53 62 60 23 21 15 15 21 18 19 16 20 19
118 65 78 89 134 87 93 72 125 94 103 46 149 119 160 68 101 97 70 94 96 94 90 88 72 126 115 139 112 114 118 66 72 88 78 109 136 85 131 112
145 291 461 628 771 924 1066 1205 1335 1467 1603 1787 1971 2163 2365 2564 2672 2785 2875 2972 3075 3179 3277 3367 3470 3610 3738 3880 4011 4141 4269 4408 4550 4683 4823 4962 5105 5257 5399 5562
74 32 25 104 46 45 49 39 23 12 66 65 36 133 19 27 28 71 105 1
