40 80 60 70645
47 55 63 50 66 61 58 17 17 20 19 56 45 52 35 40 32 47 35 40 14 13 12 10 9 12 12 17 31 33 24 25 22 28 20 20 20 65 77 83 74 95 80 62 68 67 73 117 118 97 109 109 95 89 102 118 113 63 55 60 57 71 53 77 74 68 75 79 49 74 75 69 39 47 39 35 44 41 43 37
51 32 55 67 98 84 92 24 22 21 31 43 41 39 37 50 41 42 55 41 8 7 10 11 9 14 10 22 19 22 23 24 18 16 13 17 15 42 34 46 38 36 46 23 20 18 13 16 18 23 23 19 21 16 19 18 17 53 52 47 49 40 56 31 29 28 25 39 33 20 32 24 70 64 59 71 58 59 52 58
40 30 67 59 28 25 25 16 24 16 19 99 72 75 88 77 96 91 99 85 89 89 67 86 80 95 78 46 60 48 49 48 76 62 80 54 77 35 31 34 43 34 40 25 25 32 32 33 42 63 53 52 44 27 20 25 14 15 18 29 27 14 22 35 48 43 45 38 33 35 40 31 18 24 22 23 22 36 26 21
48 49 42 45 38 28 35 18 27 26 32 50 44 40 55 44 33 46 50 47 17 12 12 11 9 8 13 61 49 45 47 47 67 44 40 51 57 71 59 63 118 138 99 101 87 91 77 53 68 50 57 61 68 57 53 44 53 32 45 47 41 54 52 39 33 35 46 39 29 37 33 28 32 38 37 39 42 32 36 30
39 46 47 44 36 32 51 101 96 99 92 8 6 5 12 10 8 11 7 14 40 27 38 20 37 41 35 16 11 20 18 18 20 18 27 22 32 29 22 22 32 39 40 27 32 16 35 45 36 40 41 38 35 18 9 18 23 10 12 12 10 11 15 56 63 61 72 62 46 46 66 61 33 35 34 46 18 33 41 33
62 53 50 54 37 31 51 71 77 76 69 33 31 24 28 29 25 32 16 28 13 12 21 12 22 13 19 14 6 13 20 19 28 23 22 17 17 100 120 105 100 101 111 46 49 53 54 27 35 36 28 33 30 102 88 81 67 55 58 61 58 53 62 36 41 35 29 37 39 32 22 46 43 40 34 48 34 33 44 41
37 36 60 63 34 40 23 26 21 23 27 82 80 63 80 75 75 74 79 92 104 102 92 106 103 114 116 49 41 35 53 54 69 59 61 63 61 83 82 66 122 112 126 70 80 79 87 64 48 58 65 56 44 144 141 117 135 50 59 56 58 49 52 58 51 61 51 44 45 45 49 45 81 91 101 94 99 87 88 97
48 40 64 68 72 58 56 53 48 53 67 48 41 63 54 49 67 60 50 47 26 43 38 30 34 39 31 62 63 53 67 58 75 79 68 61 75 41 48 41 21 23 28 72 106 81 73 19 22 24 18 14 25 83 72 81 74 56 48 58 38 70 40 30 34 22 32 25 23 27 27 33 38 19 19 24 31 27 29 30
41 42 69 49 83 88 68 79 64 63 73 48 50 63 54 57 62 53 57 66 45 59 48 38 46 38 39 55 56 63 44 72 64 60 62 52 50 90 104 107 93 90 91 84 99 95 94 35 42 34 40 28 43 65 63 70 85 55 55 55 42 66 47 38 40 46 39 30 47 38 29 56 20 28 30 30 25 25 29 36
41 39 38 37 39 42 35 22 26 34 27 7 7 9 8 8 9 5 9 6 52 53 63 60 58 54 55 76 68 65 68 79 67 75 72 61 64 20 25 33 46 33 48 24 19 15 27 11 10 13 24 15 17 86 96 84 81 54 54 52 46 34 50 30 26 31 18 31 29 28 34 31 55 64 57 57 72 55 58 63
57 51 63 50 35 42 40 45 54 53 63 44 46 42 46 42 40 51 47 44 12 9 8 16 14 16 7 25 25 15 20 21 16 24 17 17 15 28 15 23 40 34 51 32 27 34 15 77 55 60 80 61 58 37 28 32 36 29 27 38 34 26 37 12 12 14 11 22 13 12 13 6 28 36 46 37 43 44 36 30
40 36 39 32 79 69 85 16 28 24 19 76 64 86 75 70 73 68 72 86 56 55 65 62 59 52 59 22 14 15 26 15 12 15 15 14 14 40 32 35 28 20 22 17 13 15 24 14 10 16 16 14 14 21 18 18 21 22 19 17 16 15 16 58 56 69 45 55 68 61 60 47 30 23 23 17 23 27 29 31
67 60 49 59 36 45 44 27 24 21 19 109 116 88 105 98 110 115 110 95 118 118 111 131 105 107 115 45 52 48 45 42 60 60 81 71 78 37 38 52 26 22 27 83 69 74 59 36 59 53 35 44 43 29 17 28 29 13 15 22 23 29 20 39 39 36 47 31 41 28 35 30 63 56 43 54 53 50 56 59
46 49 43 58 80 88 99 12 23 26 22 25 35 33 26 19 22 27 25 23 14 14 15 10 22 18 17 12 16 24 25 16 15 18 17 12 11 33 41 23 27 37 28 47 55 44 50 33 23 23 35 39 37 29 30 21 28 23 10 10 13 20 11 38 48 47 49 44 45 37 47 53 57 59 60 67 62 69 76 55
30 38 54 46 70 69 72 78 88 108 107 57 53 65 49 41 53 57 61 69 48 72 66 50 61 68 57 68 86 59 68 71 47 63 51 47 45 22 26 26 25 24 26 29 22 27 27 35 36 42 35 40 57 17 18 31 17 32 36 34 40 45 33 11 15 11 11 21 13 12 16 17 11 12 15 11 14 9 14 16
41 48 48 30 79 78 76 26 24 27 42 37 36 55 39 45 59 41 42 47 59 53 61 64 65 75 73 75 65 85 91 75 69 68 83 60 70 43 37 51 41 44 41 27 24 25 21 16 15 21 13 18 16 25 25 29 18 34 38 38 36 32 39 40 42 37 30 27 41 40 35 33 8 18 12 11 14 10 13 18
47 39 49 43 15 31 28 22 27 28 21 55 47 47 60 46 56 40 49 50 28 38 39 29 33 28 17 15 19 15 12 15 19 13 17 17 20 43 26 37 32 41 38 37 22 25 20 53 48 54 57 37 45 20 26 20 21 21 15 14 14 11 19 25 27 20 23 27 21 23 20 30 7 10 9 11 9 9 9 6
47 55 71 54 31 29 35 57 67 63 50 8 11 12 11 16 11 14 8 7 17 5 10 8 6 14 14 9 15 21 24 18 23 21 17 22 24 21 25 35 28 27 39 29 32 26 30 62 55 67 75 62 51 84 53 58 58 71 68 45 51 57 59 43 48 34 32 49 41 46 42 46 43 43 45 32 36 29 35 46
56 54 67 60 62 72 82 17 17 25 19 24 32 21 25 32 29 32 22 30 41 30 28 44 30 50 33 16 19 30 22 21 15 8 15 18 15 42 50 40 33 33 43 70 54 54 68 44 35 39 34 45 32 13 18 21 15 11 21 23 20 17 18 34 35 47 43 37 35 38 42 38 16 21 20 18 12 14 10 14
37 38 53 69 40 42 47 74 82 84 81 16 13 11 12 12 15 12 16 12 10 17 13 9 12 6 14 51 57 53 50 59 56 49 41 55 61 31 40 31 31 25 29 59 37 49 50 44 41 34 23 26 34 51 57 52 59 38 43 42 43 63 50 30 32 29 31 33 30 23 32 23 33 36 41 43 33 38 24 28
67 49 45 50 47 33 36 20 19 15 14 32 40 32 30 35 32 29 35 29 88 95 85 84 91 98 95 61 72 67 69 50 41 45 61 41 51 34 32 29 26 20 21 41 54 56 50 18 25 16 23 23 20 46 43 43 63 78 76 57 66 71 65 55 56 47 75 59 55 62 58 63 26 25 32 36 34 39 24 32
42 34 57 56 34 29 30 27 31 32 27 83 63 91 71 72 66 72 82 80 73 71 86 100 70 84 71 41 34 46 54 53 76 60 62 77 54 98 95 107 67 71 56 83 60 68 67 71 56 75 54 60 56 48 57 72 69 45 51 62 50 65 59 33 38 30 25 30 32 42 34 40 48 36 51 38 33 39 57 37
62 55 72 55 34 33 43 17 21 20 15 47 54 39 57 44 46 40 45 49 87 89 104 111 92 95 109 45 65 41 39 39 82 85 63 73 69 110 113 98 103 94 109 152 144 151 143 48 56 33 47 45 45 129 138 132 125 102 88 103 82 70 92 64 48 51 49 48 40 46 41 49 73 53 77 67 74 85 73 77
42 40 67 54 47 52 59 22 21 23 31 23 31 29 26 24 31 34 17 29 37 33 38 42 35 32 33 24 24 22 19 18 11 15 10 14 17 27 36 28 40 36 45 24 27 19 35 14 20 8 13 17 8 19 20 12 24 27 20 37 29 26 26 35 43 47 46 25 34 38 31 45 9 11 14 14 11 8 10 22
44 37 44 36 54 59 60 35 37 25 25 31 49 47 43 41 44 29 33 45 15 14 19 19 18 12 16 60 64 65 62 62 82 79 85 56 71 43 38 34 45 34 37 40 31 35 41 43 45 37 44 33 44 25 31 33 34 16 14 13 25 22 20 40 31 38 36 43 43 30 38 34 47 35 35 40 52 54 47 51
40 50 60 66 25 29 18 35 34 27 30 54 54 50 45 52 44 48 66 32 12 16 19 19 13 12 15 68 78 71 68 77 52 64 47 56 54 110 112 115 58 65 72 54 60 42 41 38 40 45 31 39 39 72 77 82 85 51 54 73 69 69 56 82 94 75 92 81 113 86 98 79 72 51 70 55 67 67 64 57
42 54 72 55 30 34 26 92 94 88 103 19 9 17 15 13 10 11 20 12 40 39 40 33 41 41 49 17 17 20 14 20 22 20 23 19 20 110 115 112 137 123 116 59 61 50 59 85 108 111 97 113 101 71 64 73 70 37 40 42 52 36 40 29 46 27 18 29 22 31 31 28 17 27 28 27 23 27 28 27
59 64 43 43 27 25 17 72 98 77 76 15 12 11 11 14 19 6 6 15 18 21 14 20 12 15 22 46 42 33 43 43 69 70 69 72 68 117 99 122 102 120 105 53 78 66 58 70 81 62 76 76 67 87 99 96 93 61 56 61 61 56 57 61 62 79 55 61 81 67 66 58 69 58 70 71 69 70 74 58
63 60 68 59 36 48 38 20 29 36 32 50 69 68 72 74 74 69 70 59 88 98 91 92 87 96 94 115 124 127 144 136 80 103 96 90 99 39 49 40 36 42 36 24 18 30 16 18 18 18 21 13 25 31 30 31 35 22 20 16 17 17 11 30 25 41 29 29 26 30 24 25 33 40 37 33 34 46 36 53
48 35 66 57 38 18 21 52 61 55 60 46 48 40 44 48 47 38 37 44 89 90 76 73 87 79 81 18 22 19 18 20 31 23 22 24 23 96 91 92 111 107 103 87 99 85 81 38 47 58 60 46 49 78 84 83 75 47 35 45 40 42 43 65 67 63 51 75 61 69 65 59 32 35 34 40 50 55 49 38
39 30 60 49 38 36 47 71 68 59 77 67 67 72 73 65 49 61 68 64 54 62 71 70 61 60 66 79 62 52 60 68 71 56 61 69 83 28 27 29 49 43 32 24 18 21 27 45 49 50 39 42 59 20 25 26 16 22 18 17 22 31 20 34 32 39 47 41 29 41 25 47 29 42 33 29 35 35 33 30
45 46 61 37 25 24 27 32 25 18 24 62 54 68 59 59 65 57 64 67 86 69 64 74 75 76 62 79 82 82 91 66 72 74 77 70 69 82 83 79 124 112 130 122 115 130 115 52 59 64 48 52 44 48 69 70 58 42 59 44 44 54 56 69 74 60 65 58 72 69 71 57 83 85 77 72 58 58 90 82
51 66 61 52 98 113 79 33 27 25 26 71 64 53 61 66 54 76 72 55 74 79 100 73 67 71 82 57 54 49 54 51 70 70 44 57 69 38 44 34 41 22 30 17 15 23 24 26 17 16 34 21 15 92 104 84 80 27 33 32 40 27 37 28 34 33 35 34 41 31 33 38 76 70 73 60 75 76 62 83
46 51 29 39 29 27 33 104 121 93 79 38 28 42 40 35 44 54 41 45 58 62 45 53 60 58 41 81 71 75 87 76 76 60 71 70 73 74 78 92 94 105 108 113 134 107 121 32 37 43 42 36 45 66 79 72 84 47 63 51 51 64 47 59 62 61 59 54 58 53 69 67 66 68 80 57 69 66 62 57
23 49 53 62 40 52 63 22 33 28 29 76 88 76 71 82 87 81 71 76 46 37 43 43 40 28 45 80 94 86 77 67 62 77 83 73 82 25 21 23 38 43 51 24 23 30 23 18 18 21 25 21 24 88 90 91 83 37 46 47 47 35 36 65 59 64 46 66 58 51 41 64 54 59 65 52 71 56 80 65
47 44 34 37 31 25 16 27 33 23 21 58 39 41 46 41 38 36 36 36 17 12 17 17 18 17 21 24 30 18 28 30 11 14 12 13 19 36 34 36 33 23 17 23 21 25 18 51 50 57 66 60 51 24 20 21 22 29 38 32 30 28 30 43 37 33 53 46 48 40 37 40 61 57 66 49 57 71 42 50
64 62 53 48 38 36 29 94 101 84 95 13 12 21 18 8 13 14 12 15 16 17 14 15 19 24 19 14 13 19 23 15 22 20 20 19 20 72 79 89 119 124 109 67 62 73 70 105 106 112 103 96 89 72 81 81 76 53 65 49 49 54 50 74 67 65 67 63 74 72 67 72 69 79 80 78 78 101 91 61
44 46 46 42 32 53 30 21 31 14 21 37 38 31 38 47 41 31 45 49 55 50 43 62 40 52 45 120 92 129 111 107 122 136 137 126 127 31 32 34 36 41 29 27 34 30 27 16 11 21 23 17 17 44 48 50 55 44 47 41 50 37 40 87 82 67 62 69 65 55 56 62 24 29 28 31 24 17 22 23
37 45 33 42 40 39 44 22 22 23 23 8 13 11 13 12 9 9 8 13 20 13 11 26 15 15 18 65 73 53 67 60 68 65 62 63 66 41 45 39 24 26 28 24 22 20 25 51 65 44 52 43 46 29 28 26 35 50 42 46 35 40 27 29 41 38 27 32 37 45 37 28 25 27 23 23 31 30 28 23
70 66 54 73 100 111 90 77 51 42 61 58 67 72 116 47 49 60 107 100 52 113 106 78 73 101 71 31 72 32 80 62 103 54 84 43 51 117 124 141 137 152 129 105 113 114 135 84 69 75 61 82 95 77 151 107 62 60 73 96 82 42 65 59 39 71 38 24 85 63 105 67 41 41 82 59 54 33 78 83
75 149 229 306 415 540 650 765 899 1019 1138 1259 1388 1489 1606 1715 1837 1965 2087 2193 2324 2455 2578 2723 2840 2966 3095 3228 3365 3508 3667 3818 3953 4104 4256 4396 4537 4667 4800 4942 5094 5247 5391 5559 5718 5885 6043 6173 6304 6428 6549 6674 6786 6945 7101 7247 7397 7510 7608 7722 7813 7892 7994 8091 8195 8283 8385 8475 8600 8696 8805 8893 8985 9086 9198 9302 9412 9524 9625 9733
21 46 20 29 21 31 8 23 24 25 47 36 22 32 18 25 45 33 32 26 25 16 18 38 24 14 26 19 23 17 14 21 21 15 26 40 17 19 42 1
