40 80 60 67758
82 87 83 70 74 74 49 40 46 35 36 50 34 45 44 39 134 110 100 93 98 101 94 95 94 75 93 95 68 95 66 79 85 69 84 92 85 93 111 40 39 46 40 42 46 74 89 90 43 47 39 43 44 74 72 85 90 102 66 78 34 28 34 43 41 32 48 39 40 26 26 49 58 63 64 59 58 53 53 60
31 41 35 29 41 37 47 39 42 56 41 49 44 46 32 36 14 20 16 11 25 18 19 15 18 17 17 12 34 40 44 41 39 38 16 16 18 23 23 17 16 17 14 18 20 49 32 38 21 23 17 27 21 41 51 62 69 51 45 42 59 53 50 47 49 61 52 62 54 58 66 48 114 115 124 109 18 30 25 33
22 31 43 40 38 35 56 49 53 41 43 45 43 51 48 45 43 56 44 53 37 41 61 51 45 46 60 62 56 53 51 51 56 46 57 66 70 72 52 59 60 51 37 44 61 100 99 121 83 111 106 113 92 46 42 38 54 39 51 40 90 74 80 90 81 66 85 81 84 94 86 87 66 66 73 84 91 80 75 66
35 36 42 32 34 40 23 20 24 30 16 21 20 15 22 25 13 23 15 18 16 18 40 39 43 46 44 48 41 56 40 47 29 44 23 26 17 24 22 18 21 15 21 17 22 33 45 38 58 64 55 58 49 57 41 48 48 45 70 64 76 75 76 70 81 69 64 50 64 53 47 42 27 19 25 39 36 29 27 26
153 134 167 147 130 167 101 101 122 79 109 115 87 118 80 98 112 116 112 102 111 95 71 68 79 72 62 61 90 78 67 65 75 69 98 87 90 76 83 44 52 64 62 58 60 35 50 22 26 23 17 23 18 12 12 12 20 19 20 14 47 61 57 45 69 59 47 65 62 61 54 58 15 30 26 26 30 23 32 29
31 35 33 40 34 32 27 21 27 20 23 21 24 25 18 19 26 23 14 14 16 16 15 15 20 19 20 14 50 43 40 48 50 53 21 22 22 16 27 53 54 66 47 54 61 25 32 43 22 23 11 23 27 23 8 15 12 9 22 23 66 56 58 59 54 61 45 55 51 40 54 51 25 24 40 28 23 28 34 17
38 34 43 41 37 38 55 61 50 44 39 41 51 41 40 31 18 27 9 20 20 17 18 17 21 12 25 16 19 21 18 19 7 20 13 21 22 28 19 44 66 63 65 67 61 34 46 22 26 13 24 24 23 61 68 67 63 62 55 58 45 41 49 57 61 53 47 51 38 49 41 61 19 24 28 32 24 35 32 21
86 63 76 75 78 66 38 46 37 43 46 50 56 48 44 59 62 78 90 73 63 85 30 31 43 29 47 27 39 35 31 41 27 41 56 39 30 41 54 43 35 35 24 37 40 82 80 70 52 56 41 39 46 34 26 31 30 19 39 35 46 41 48 47 40 32 75 60 51 60 52 67 51 58 49 49 58 46 52 56
29 40 42 28 34 38 27 24 22 21 24 21 26 21 16 21 76 75 79 88 69 85 52 62 63 41 51 50 50 58 61 65 49 52 64 67 63 62 73 74 88 99 86 79 80 98 86 107 56 57 56 54 69 82 99 73 89 97 74 73 39 46 51 49 45 39 40 42 50 64 48 63 73 85 82 76 64 82 64 70
159 140 155 142 128 142 114 122 126 112 114 129 103 137 107 127 63 55 61 70 83 82 89 70 78 59 85 86 70 61 64 60 74 82 76 79 74 109 105 78 100 96 99 101 116 83 84 122 49 66 53 48 73 91 87 59 91 77 59 81 33 47 44 51 44 49 80 67 75 76 74 79 88 83 87 62 73 72 84 76
46 30 28 31 42 44 17 22 23 18 15 17 16 22 25 21 19 12 22 19 13 29 18 16 15 30 16 10 14 22 21 10 18 14 21 21 25 27 22 62 55 56 57 61 52 39 35 36 63 73 71 68 65 59 38 60 52 52 48 65 40 48 47 42 37 38 32 47 38 31 39 35 24 39 27 20 26 19 24 33
80 87 79 68 94 80 48 39 57 43 38 39 44 57 47 43 59 68 63 64 67 67 106 94 111 78 101 93 97 99 89 96 97 86 90 72 79 84 98 35 42 39 36 41 35 74 100 80 48 57 35 58 50 29 32 37 31 31 31 31 45 40 30 42 30 36 54 66 45 60 58 50 55 48 60 54 60 58 63 59
90 84 74 70 80 81 58 58 46 40 43 49 42 53 56 48 35 27 34 31 43 48 69 62 71 76 65 62 50 44 29 44 47 42 41 48 46 60 55 65 75 87 89 77 63 76 77 79 46 39 43 47 57 78 72 73 75 82 81 69 65 66 59 72 64 79 62 57 48 63 60 53 51 55 51 54 59 74 67 55
36 28 49 38 27 30 41 50 51 43 49 45 48 41 45 38 16 18 14 17 19 12 9 14 25 17 26 8 12 21 21 20 14 12 18 23 22 24 24 42 49 36 50 41 52 87 87 94 47 56 56 57 50 45 56 39 52 35 49 46 75 75 80 73 101 86 100 74 111 108 80 99 163 166 160 153 82 74 89 67
72 64 74 71 54 84 71 69 80 88 79 79 78 79 84 68 44 47 32 49 34 44 45 37 47 36 43 39 36 39 31 32 30 46 49 56 54 41 50 39 35 44 27 35 29 87 88 76 76 80 83 99 80 68 90 67 73 70 60 72 105 95 101 102 87 95 83 74 87 72 83 87 72 61 60 57 67 67 54 65
77 95 67 68 69 71 47 46 42 39 40 71 76 75 86 83 39 42 29 32 35 47 56 59 90 75 64 75 42 42 51 25 39 46 37 44 53 60 52 128 107 125 105 119 103 165 148 123 80 87 105 92 81 99 93 92 88 115 100 89 114 94 101 100 113 98 73 78 67 61 56 69 124 97 113 107 108 109 107 85
125 143 128 162 160 141 96 122 99 97 124 97 106 118 125 111 65 68 58 67 53 68 85 88 92 91 87 96 72 72 67 71 56 59 79 88 90 91 98 63 57 53 52 52 56 33 34 41 64 59 54 51 63 17 16 13 18 7 13 15 46 50 51 62 58 45 60 48 55 54 50 49 24 37 26 25 34 28 26 31
169 142 141 153 142 135 125 82 100 90 105 102 101 94 129 101 148 171 129 146 156 163 95 98 100 98 109 91 108 112 106 102 90 106 117 107 113 123 103 90 118 94 112 89 104 91 102 87 52 58 55 57 66 39 47 30 51 38 47 40 56 44 36 57 52 51 38 53 51 50 53 68 71 78 73 79 83 90 73 79
41 36 38 36 37 32 42 45 54 38 43 77 75 79 60 73 56 70 56 49 40 64 21 20 21 9 17 10 18 11 19 18 19 12 15 23 21 21 21 65 63 61 60 55 60 29 45 44 26 19 30 18 16 59 63 45 57 50 43 43 38 44 41 46 42 33 11 15 13 17 25 20 24 30 34 19 27 22 19 28
48 34 29 32 45 33 38 41 41 55 33 50 49 42 52 50 98 95 98 96 99 84 49 61 39 50 42 46 43 74 63 65 47 45 60 51 65 49 54 96 88 81 100 79 106 106 100 111 71 66 62 61 57 34 40 39 45 41 41 25 51 43 36 51 39 50 48 40 44 61 49 43 181 169 148 127 82 70 72 92
126 124 143 131 134 113 105 96 104 101 95 131 116 119 111 123 148 175 145 169 146 124 116 113 130 106 122 124 135 140 128 123 155 132 121 136 124 142 133 15 17 19 21 20 21 34 31 32 17 29 26 23 24 13 14 14 18 14 18 20 17 17 26 16 16 19 14 26 16 18 19 14 34 28 19 19 30 26 25 20
73 72 88 76 86 77 47 51 51 37 43 78 83 65 75 62 42 34 37 42 40 40 73 57 55 57 54 48 49 64 55 60 70 63 45 46 41 41 37 46 40 43 47 30 51 92 84 80 51 58 43 47 53 80 62 67 69 72 66 77 68 58 65 77 66 51 75 51 67 68 54 82 67 59 59 52 62 60 60 67
37 30 32 35 32 40 41 50 45 48 49 52 48 43 57 47 62 47 53 60 47 59 55 51 51 50 57 50 48 52 55 69 60 53 74 70 58 46 64 11 19 20 22 22 25 33 38 31 19 20 21 20 25 59 66 46 54 48 48 62 70 79 73 69 68 74 76 64 66 67 64 62 95 130 121 94 24 28 27 24
37 43 26 33 38 36 27 24 15 16 25 20 21 23 17 18 75 73 71 101 76 77 54 55 46 45 56 43 53 71 86 78 72 74 69 70 71 68 59 13 19 14 18 16 17 33 43 38 68 55 67 49 63 54 46 43 58 50 53 54 22 17 20 30 11 17 17 17 16 20 14 14 29 15 27 24 29 25 23 24
46 37 33 38 26 34 45 47 44 38 38 47 48 41 53 47 26 19 15 18 16 20 40 54 26 53 45 52 16 19 21 18 14 19 26 22 14 18 39 14 17 19 18 14 16 38 41 32 14 22 22 13 31 58 54 55 66 48 50 57 27 14 18 25 17 15 22 18 20 15 21 15 31 28 28 27 32 28 29 24
65 75 67 70 84 84 38 50 48 56 61 70 84 83 78 75 37 40 35 36 34 40 62 70 62 60 76 68 60 66 78 68 69 53 45 41 47 35 44 40 43 41 32 47 29 73 76 71 51 39 55 54 47 72 80 79 81 66 79 78 66 66 68 54 72 72 36 32 38 27 43 36 57 57 49 62 56 56 41 55
183 161 166 176 196 152 126 151 131 134 128 137 124 117 119 118 152 124 149 128 136 122 123 133 130 122 119 100 86 83 84 84 101 90 129 117 119 117 91 43 41 40 42 38 44 60 84 79 59 54 51 44 41 31 28 31 32 26 38 32 34 36 29 36 42 43 54 58 51 65 57 67 66 59 53 59 49 55 64 47
71 70 65 77 83 70 62 82 78 75 75 74 62 61 73 74 46 31 47 36 43 33 22 28 41 43 39 36 47 31 41 38 50 45 37 40 43 46 42 71 66 81 81 73 79 83 57 77 92 106 87 84 76 68 67 76 91 92 81 79 72 81 64 60 74 68 52 47 47 34 40 35 52 63 54 57 53 64 51 69
67 73 77 74 76 85 35 48 40 37 46 76 70 84 66 74 46 44 48 38 41 38 64 73 54 69 49 63 44 32 55 39 45 41 34 51 43 39 50 58 72 79 85 75 72 136 174 139 95 85 74 81 83 95 81 109 96 104 84 94 124 132 149 157 129 153 103 90 104 105 86 77 123 113 113 111 105 105 94 106
32 34 41 36 34 45 21 17 19 22 19 25 21 25 19 15 60 47 47 63 44 52 48 49 45 45 52 41 72 80 78 79 81 87 55 69 65 70 67 23 18 21 17 12 21 21 39 36 51 63 60 49 65 14 13 20 21 16 18 13 15 20 22 15 16 20 35 41 39 30 27 38 29 24 34 30 28 26 32 27
82 68 79 72 85 68 75 72 73 76 82 93 106 96 121 111 43 46 37 49 39 41 42 36 29 36 56 41 27 26 45 43 42 30 55 45 48 49 48 74 69 78 81 81 74 72 80 88 44 48 32 40 47 73 61 59 47 92 53 83 75 69 64 75 58 52 46 38 46 43 27 37 136 133 152 126 64 72 61 56
73 90 66 64 95 63 81 71 96 71 66 80 99 97 119 102 50 36 40 45 38 43 28 34 37 37 47 38 36 42 40 22 25 43 49 41 60 47 44 35 28 42 45 45 35 78 95 77 115 101 88 90 85 91 82 87 76 67 83 80 110 101 98 113 108 93 71 75 74 87 81 62 136 155 147 125 53 56 47 70
84 70 87 91 64 82 63 40 57 50 44 52 51 45 55 51 41 35 28 32 39 31 71 66 69 54 66 72 34 34 44 33 40 37 52 38 50 47 56 38 42 42 35 24 40 80 74 83 87 97 98 94 89 72 70 63 60 66 72 70 72 67 61 69 54 67 63 58 54 65 55 53 71 54 65 63 62 59 68 66
65 68 83 68 63 80 33 31 49 46 52 48 51 47 50 46 43 42 35 42 38 35 59 53 67 72 66 71 38 46 43 40 43 44 46 52 50 36 60 118 104 105 100 137 109 166 151 136 80 75 88 86 86 86 87 89 99 98 109 92 70 69 66 74 54 73 65 81 63 43 62 66 119 86 114 97 103 103 106 93
183 169 186 177 205 200 120 116 145 127 120 170 196 188 146 172 88 91 79 83 96 99 118 123 136 150 109 129 100 82 105 101 91 102 103 125 121 125 112 69 70 78 95 61 66 68 81 61 50 57 50 44 50 72 65 79 62 67 65 69 66 67 75 85 65 71 40 51 33 33 41 31 64 53 65 66 47 46 57 56
36 37 38 32 34 39 18 23 24 21 18 24 17 27 24 22 90 91 84 85 111 86 56 56 43 41 43 64 49 40 41 51 59 45 60 55 67 75 59 56 46 47 50 65 58 98 85 91 59 60 52 55 45 82 87 80 89 84 76 72 83 75 84 89 85 74 49 57 40 47 47 28 68 71 58 69 82 89 86 71
186 171 160 209 222 169 134 122 135 129 125 124 129 153 147 137 84 76 114 97 102 88 96 114 89 120 90 90 104 114 117 121 134 105 101 116 115 129 125 84 76 83 59 70 77 123 134 149 72 92 78 71 82 55 67 57 60 59 52 62 72 72 80 69 86 73 106 97 94 84 93 94 107 106 110 132 90 111 87 100
81 92 84 68 67 85 48 40 45 48 35 43 43 40 41 49 35 43 48 36 43 39 41 39 41 38 34 45 46 33 31 43 37 33 32 60 56 49 45 76 77 68 63 68 86 75 70 74 97 90 111 95 88 43 35 36 31 32 41 27 31 31 34 42 33 37 78 81 51 62 60 64 69 52 49 67 58 51 52 57
79 86 90 77 82 82 40 44 50 46 49 79 73 86 81 72 43 36 39 34 35 45 35 34 35 26 38 38 41 28 32 44 39 42 48 51 45 42 39 131 115 123 128 114 127 162 157 141 82 76 84 80 77 98 95 93 89 114 105 103 140 140 137 126 133 145 115 108 96 126 108 107 82 105 89 112 102 114 100 104
200 166 201 209 214 174 152 157 132 143 146 148 203 141 149 156 154 127 157 148 153 120 120 144 118 164 140 123 150 154 148 146 167 170 143 139 136 164 147 116 85 128 114 100 97 183 189 164 91 108 86 92 91 109 75 52 93 88 74 100 148 154 87 163 131 115 113 103 99 72 108 103 134 122 116 139 109 123 95 112
206 395 601 832 1077 1298 1452 1619 1780 1928 2079 2267 2484 2692 2855 3045 3213 3407 3572 3759 3932 4112 4248 4395 4546 4712 4853 4996 5147 5315 5465 5621 5798 5978 6133 6286 6428 6596 6754 6899 7030 7169 7311 7463 7604 7788 7980 8149 8277 8400 8523 8648 8750 8860 8970 9091 9201 9329 9450 9564 9719 9874 10039 10213 10360 10529 10657 10777 10900 11040 11160 11279 11479 11666 11843 12012 12132 12258 12377 12495
14 35 24 51 13 53 48 22 15 10 37 18 29 22 24 12 17 17 51 21 15 22 39 41 61 30 18 22 10 43 20 20 28 10 14 30 7 25 11 1
