40 80 60 67877
20 18 15 20 14 15 17 42 41 53 61 45 46 51 47 49 108 79 102 85 42 54 43 33 30 21 25 31 48 38 45 51 30 53 45 44 43 46 79 93 82 90 79 79 130 151 122 148 54 59 57 58 46 48 63 51 61 67 70 75 58 65 105 95 97 62 66 61 84 86 76 93 75 81 63 63 57 64 57 58
10 11 10 10 13 8 14 14 10 16 13 16 12 10 23 15 37 35 40 28 38 51 38 114 128 105 115 45 44 106 96 102 39 42 41 39 42 46 46 49 36 58 55 44 25 28 27 31 36 32 42 27 36 37 31 43 47 64 55 41 48 51 35 29 35 36 36 31 55 45 43 52 51 53 88 94 83 83 109 95
93 108 98 93 76 96 102 57 45 51 60 55 49 58 53 51 78 99 91 95 87 96 85 24 27 22 29 46 32 45 47 45 40 40 49 32 47 28 29 44 32 40 32 28 21 22 26 27 58 66 72 68 67 55 71 60 12 16 15 13 17 17 27 28 25 22 23 32 15 14 17 19 14 13 14 13 6 19 14 7
89 84 94 89 84 83 107 112 99 110 105 125 115 99 113 104 92 95 84 95 88 98 81 17 13 19 22 45 38 39 39 40 16 8 16 12 19 12 30 38 30 23 36 36 21 15 23 19 54 57 48 46 49 54 62 55 14 18 21 16 20 16 37 27 22 30 34 38 20 14 18 23 19 22 11 20 16 32 24 25
86 88 107 92 86 77 71 128 106 124 117 106 91 109 130 127 85 89 85 64 120 113 116 26 21 20 27 56 56 41 43 22 19 18 14 23 20 22 18 20 14 10 20 12 22 29 31 20 34 51 61 43 36 52 41 34 46 35 34 48 48 44 29 26 30 45 46 30 17 29 19 12 25 12 18 15 11 8 22 21
82 88 92 73 90 81 74 88 86 83 80 98 90 76 76 65 51 60 67 56 82 62 70 88 112 97 103 41 32 41 35 35 26 15 14 28 17 13 18 26 17 18 20 21 21 29 16 21 18 13 17 13 11 7 8 8 14 21 19 17 16 12 36 46 46 42 42 32 50 59 63 68 65 64 54 55 52 61 69 65
48 54 66 48 49 63 45 74 64 64 78 70 65 72 73 67 21 16 24 17 35 30 21 36 37 35 30 43 60 48 27 51 45 40 49 36 45 44 56 53 52 50 61 59 60 43 62 70 47 39 43 51 43 32 29 38 90 93 94 86 96 100 39 37 32 27 39 27 14 19 17 20 23 15 10 11 15 14 10 12
25 13 26 14 18 19 13 13 11 10 13 15 7 8 17 12 28 22 27 22 30 29 34 116 101 87 122 41 48 30 23 25 61 78 70 60 78 77 47 29 34 30 32 31 28 27 26 33 13 10 9 14 10 14 10 13 21 25 25 21 16 24 23 24 30 33 40 41 61 53 56 53 49 59 47 55 52 53 60 60
60 64 66 60 69 58 77 73 63 55 53 55 68 71 46 60 47 65 77 66 39 29 40 30 30 31 34 44 44 33 32 37 61 50 48 55 59 71 61 60 55 75 46 59 74 63 86 64 88 93 65 81 69 75 77 71 89 70 93 75 78 83 39 30 39 33 38 47 21 14 11 18 19 12 24 16 32 25 16 26
17 23 21 20 20 14 23 10 10 9 8 10 12 5 5 8 24 24 25 36 39 45 30 26 23 31 28 46 70 33 33 32 20 26 22 16 18 13 42 43 50 53 49 52 79 81 75 81 72 68 75 76 70 76 93 67 39 32 29 23 35 33 38 42 35 32 24 24 39 50 34 37 45 46 30 35 37 32 32 34
42 55 30 65 52 49 56 85 86 68 71 89 74 76 86 77 95 91 98 85 143 137 124 85 90 89 89 77 56 28 37 34 20 21 27 14 24 30 18 16 12 11 16 16 27 23 14 32 37 29 35 39 25 31 29 30 61 54 59 51 42 59 37 36 36 35 36 26 50 45 60 54 59 47 43 46 47 49 42 42
52 63 45 51 67 46 47 58 37 41 57 53 58 39 49 67 23 19 20 19 49 39 45 91 101 83 92 67 67 101 106 104 76 99 73 94 82 92 43 58 56 56 48 50 30 42 35 32 21 15 17 20 16 14 15 15 65 79 55 55 55 47 43 51 36 26 32 28 43 33 33 43 37 36 62 62 71 77 77 56
67 61 76 84 63 55 63 44 36 43 56 46 42 47 58 45 29 23 32 34 24 30 33 30 18 29 25 49 47 47 45 40 21 16 18 15 19 15 61 61 54 46 47 62 68 77 74 87 69 65 74 58 88 65 63 73 66 80 64 52 65 69 32 38 31 55 38 45 43 43 46 44 38 42 72 80 64 82 63 71
57 69 62 52 62 80 76 39 46 44 57 43 64 50 65 41 41 28 30 26 34 31 29 15 27 21 24 38 51 40 44 39 17 16 17 20 21 20 46 56 49 60 52 66 46 44 46 51 25 27 27 28 34 18 29 26 45 50 33 47 43 34 42 47 36 30 36 43 9 17 20 13 11 11 41 60 57 55 48 46
5 11 12 7 16 14 16 13 12 11 20 23 13 16 13 18 32 21 39 28 37 39 32 25 22 29 27 54 47 21 27 29 19 12 16 22 11 21 57 54 59 60 48 56 68 60 54 65 51 44 58 62 36 44 45 47 34 51 44 32 47 32 33 34 38 28 26 24 19 14 15 17 18 10 19 23 23 13 20 33
11 7 14 13 10 12 10 38 37 38 37 41 52 33 40 42 23 22 19 29 28 28 41 75 90 87 87 46 44 17 21 33 40 56 34 50 41 34 36 44 40 43 55 39 56 42 32 64 93 97 76 86 93 89 102 81 34 37 34 39 41 48 44 37 48 36 24 29 41 40 38 35 40 51 43 55 40 52 65 43
58 51 35 42 49 52 48 73 51 59 51 60 51 74 69 67 45 60 55 54 34 36 21 23 20 16 21 58 40 29 40 38 10 8 20 18 21 14 50 36 43 48 49 42 26 25 43 32 50 36 25 49 50 35 38 47 14 23 16 14 17 22 27 27 24 44 40 38 61 73 52 68 47 43 39 43 57 31 34 42
13 13 16 7 8 17 17 30 34 34 33 39 24 31 42 31 37 22 26 29 22 29 32 17 20 11 24 59 72 34 35 33 66 75 60 64 85 54 85 82 90 101 90 74 90 104 108 90 68 55 68 62 54 59 39 69 96 85 103 97 87 86 112 120 116 78 66 60 93 96 63 86 79 77 41 37 32 49 46 29
11 13 13 18 10 11 9 27 21 25 37 34 26 37 43 27 72 77 68 75 27 28 29 81 69 74 73 59 57 34 44 53 28 25 25 16 27 18 103 110 105 127 96 103 138 121 135 121 81 90 84 85 91 75 101 89 97 84 96 115 111 101 68 66 79 104 70 97 59 67 47 46 47 58 75 86 86 75 101 89
15 14 17 13 10 26 18 14 7 13 12 6 7 4 15 8 16 15 19 21 39 37 47 22 22 25 24 63 54 101 91 99 96 87 107 85 90 85 36 25 26 39 41 36 40 36 31 33 31 30 36 38 35 32 27 41 23 20 11 29 22 29 37 36 43 50 27 42 34 29 33 46 34 36 75 61 51 65 56 64
12 16 15 9 14 10 14 15 10 8 18 17 16 13 19 16 37 33 28 37 43 36 43 24 19 17 27 43 52 141 102 119 43 39 47 37 33 44 50 46 41 54 42 49 25 33 20 29 12 11 15 9 10 11 10 6 25 25 24 13 21 17 37 45 34 25 36 45 26 16 18 25 15 17 33 20 29 37 32 31
45 49 41 47 50 49 54 51 53 46 42 64 76 56 64 65 100 102 94 110 22 31 27 26 27 33 27 61 60 132 109 113 45 32 43 31 45 35 67 60 42 49 40 58 24 31 22 22 34 32 27 34 30 32 37 41 79 80 70 74 63 56 29 25 22 44 22 27 69 71 73 75 67 59 23 14 15 25 20 14
52 40 65 55 59 51 51 67 69 67 58 78 70 54 51 80 36 29 31 28 24 35 27 70 55 79 78 33 56 39 36 36 16 17 15 19 24 18 26 16 24 21 17 19 23 33 28 31 23 24 22 26 34 26 25 25 47 60 53 59 46 38 27 22 27 53 42 40 60 76 69 61 66 67 67 48 56 68 64 54
58 40 42 48 45 43 52 59 45 46 46 65 43 48 50 45 20 30 27 23 35 21 32 20 30 20 20 39 31 86 74 72 34 42 38 41 37 43 52 53 52 60 57 53 33 37 36 30 11 9 8 14 11 12 10 12 15 13 27 24 27 22 38 24 29 36 45 39 13 13 14 20 18 16 71 49 57 54 65 48
15 14 13 15 7 14 19 26 32 30 26 30 29 22 33 22 76 99 82 83 25 39 31 30 28 27 34 47 46 17 34 24 23 13 12 22 25 12 17 20 13 16 15 12 37 27 36 29 32 41 32 44 28 35 31 57 34 38 32 31 44 29 46 33 33 20 28 31 7 15 16 12 15 24 37 34 37 26 31 23
40 33 42 43 48 43 52 47 44 43 38 52 47 40 42 47 57 59 63 52 119 115 109 35 31 26 32 48 39 38 43 30 40 52 50 56 49 42 22 19 22 18 7 15 27 31 21 26 31 42 39 35 38 42 48 38 19 18 20 21 20 16 38 30 55 28 38 27 72 74 62 75 53 65 35 27 30 50 27 33
35 44 40 38 34 37 34 51 42 46 47 47 57 53 53 38 86 75 63 63 38 35 34 67 76 71 59 70 67 41 40 54 21 14 17 20 24 21 10 17 18 14 21 11 22 18 18 15 63 58 68 63 58 58 62 53 37 36 30 38 25 35 30 33 36 54 38 42 42 39 39 47 30 31 41 52 49 43 51 46
44 34 44 39 42 42 46 40 32 55 32 40 36 45 53 49 64 43 57 57 98 112 128 34 34 32 27 52 46 50 37 47 58 69 63 69 62 76 10 18 15 6 18 10 33 18 27 27 51 36 38 46 39 36 41 45 61 47 42 45 37 63 36 39 35 43 33 27 129 118 136 115 124 108 63 50 49 58 55 46
53 60 69 53 49 59 56 36 29 40 35 38 35 26 38 45 34 26 23 28 28 28 22 81 64 79 59 43 44 35 27 28 14 12 16 11 10 11 16 23 15 16 19 16 27 23 32 28 40 53 49 39 46 38 35 47 67 70 63 68 60 72 29 30 37 48 39 51 67 43 57 56 63 63 86 76 69 84 76 66
49 62 49 50 39 58 69 63 71 58 65 62 47 50 48 56 91 116 93 103 42 47 43 137 108 128 110 71 68 118 123 136 72 78 61 65 65 62 48 46 50 41 45 30 30 34 26 32 16 11 13 11 18 18 14 18 37 38 47 45 53 45 38 21 30 32 31 27 57 85 64 49 64 50 34 30 38 29 33 24
65 78 70 68 66 88 75 70 65 81 76 83 77 94 89 81 66 63 73 65 146 131 120 22 25 26 28 61 63 46 33 49 45 59 67 55 53 43 12 18 13 14 20 16 33 42 21 43 56 64 59 50 47 67 59 51 52 49 75 45 58 54 30 28 21 45 38 43 11 17 14 17 16 18 45 33 36 44 34 39
66 45 55 49 60 50 64 34 25 21 38 30 29 25 29 31 90 89 77 95 69 89 73 24 31 21 34 63 64 48 45 33 80 73 67 68 64 68 28 13 23 20 27 23 28 30 23 30 66 62 63 75 56 76 56 69 20 18 27 21 30 18 31 28 39 36 25 34 11 12 12 10 15 16 40 37 51 62 45 67
65 58 68 65 53 53 60 36 34 22 40 31 27 32 30 17 20 14 24 13 26 32 23 22 11 32 23 54 55 34 28 40 40 39 41 45 48 37 29 47 28 44 31 42 90 82 84 101 19 23 29 30 30 25 27 33 40 37 30 38 30 36 47 47 35 34 27 31 23 22 19 15 18 17 39 40 34 39 42 41
17 12 19 15 17 13 21 4 14 11 10 11 13 16 14 12 24 31 26 29 41 31 50 118 95 117 106 67 58 39 33 36 21 20 13 13 22 17 55 50 52 49 41 64 73 78 86 90 67 64 62 53 58 56 72 72 47 44 47 40 47 44 32 22 29 46 35 50 70 69 74 72 77 61 57 70 47 61 63 55
26 17 19 16 15 12 9 7 13 13 13 13 6 6 7 10 14 13 15 35 43 41 47 61 72 75 68 68 70 47 32 43 49 63 56 70 69 65 79 90 74 85 76 78 86 106 107 96 43 66 52 54 55 58 52 47 117 94 97 117 84 80 70 73 70 80 135 95 81 114 95 97 105 89 86 98 107 103 83 99
51 45 45 52 48 39 52 42 43 43 47 35 45 40 41 42 86 90 103 92 97 122 113 27 19 24 16 57 46 37 29 36 15 18 17 12 23 12 39 60 61 60 57 71 93 91 84 93 68 78 65 47 62 59 67 52 91 93 82 106 86 103 77 71 69 87 66 65 80 84 99 94 80 81 78 72 92 70 88 92
12 12 14 8 17 14 11 23 24 24 40 30 35 27 29 25 44 31 33 32 29 38 30 14 20 22 19 61 69 144 114 125 60 59 91 76 57 73 48 50 59 53 42 55 21 38 31 34 9 14 16 12 14 9 8 12 22 16 21 27 24 10 25 19 26 36 37 39 13 16 14 10 17 20 22 21 15 25 10 14
70 51 67 73 61 63 52 78 84 84 94 86 75 78 82 79 80 97 73 69 42 36 50 21 32 17 27 38 44 36 49 46 38 54 41 31 47 40 37 38 29 32 39 32 22 19 17 25 32 37 36 36 46 37 41 40 60 77 68 73 61 74 33 46 43 51 48 38 10 13 15 8 16 11 19 21 25 23 21 13
17 16 19 9 19 14 22 11 9 9 5 9 15 12 10 8 22 28 27 32 29 25 28 28 31 33 25 40 46 41 51 43 36 57 44 49 49 45 62 90 84 80 83 77 107 112 99 103 96 82 69 55 77 80 67 76 90 96 109 102 92 114 94 83 83 95 89 71 64 75 82 93 99 85 90 90 80 108 85 92
73 73 53 56 73 65 85 61 63 58 50 56 57 71 62 81 21 24 21 27 23 29 23 33 35 32 29 47 64 42 40 45 14 16 18 16 15 12 31 40 43 36 41 42 36 33 35 25 23 12 15 17 14 20 13 19 77 71 59 61 79 65 25 29 26 38 43 34 44 51 51 49 53 31 29 29 42 30 35 36
94 203 311 405 496 593 701 830 937 1062 1180 1306 1422 1532 1663 1791 1900 2017 2121 2232 2379 2517 2646 2784 2913 3042 3165 3243 3316 3461 3585 3722 3819 3919 4027 4122 4213 4306 4410 4521 4627 4755 4852 4956 5095 5247 5383 5532 5629 5727 5812 5899 5993 6083 6186 6276 6394 6491 6601 6719 6831 6946 7059 7180 7297 7402 7538 7636 7766 7885 8022 8138 8263 8372 8463 8562 8670 8779 8889 8989
21 35 24 20 29 23 28 27 18 37 27 21 17 29 40 26 23 18 11 29 35 16 23 30 31 29 21 24 28 15 19 39 25 29 14 10 42 24 16 27
