20 40 60 69240
61 59 48 62 76 76 85 63 34 38 36 50 65 54 50 48 51 125 140 115 98 86 70 86 107 75 76 86 85 73 69 86 65 73 52 55 61 58 63 54
87 85 83 87 74 87 77 92 34 25 35 67 52 66 64 66 61 101 98 121 115 206 215 213 201 115 127 125 131 121 139 138 113 114 74 88 91 77 93 97
50 50 61 62 66 84 70 76 32 30 28 33 29 38 37 39 40 181 181 170 139 144 131 147 148 68 65 67 73 62 82 64 76 58 50 60 53 42 43 41
65 91 71 88 60 63 67 53 28 21 23 13 14 13 11 18 17 30 31 32 30 18 21 17 24 12 12 22 15 12 16 8 9 15 12 19 13 8 15 20
21 16 18 18 25 35 38 31 20 23 39 32 43 42 34 38 41 109 105 109 90 166 190 147 152 39 37 43 34 43 37 36 44 40 84 77 78 72 88 76
80 54 63 65 69 60 75 81 42 31 38 46 56 44 42 56 66 118 130 125 142 144 162 145 148 31 33 33 32 35 29 25 37 35 75 64 66 67 69 61
24 19 13 24 22 20 16 22 34 25 44 35 39 48 47 39 38 35 22 31 37 78 73 68 64 40 53 50 54 51 52 60 53 54 42 46 46 33 40 50
79 68 71 89 78 82 87 81 28 35 41 47 46 44 50 33 44 113 109 113 107 108 117 128 134 112 111 107 132 129 134 122 89 114 106 94 98 95 99 96
65 57 62 58 81 82 61 78 46 25 34 47 40 47 46 51 37 39 26 40 19 26 25 25 23 36 40 46 43 46 46 39 45 43 18 13 15 12 16 14
20 16 25 20 25 25 24 33 106 111 85 59 58 64 54 60 62 13 16 21 19 56 61 53 55 24 29 29 25 26 33 31 30 28 53 63 55 56 60 74
31 28 27 33 29 29 26 31 81 90 76 67 60 54 48 64 71 31 31 29 28 35 29 22 35 45 44 38 44 44 58 54 58 48 69 48 65 81 54 64
25 32 32 18 12 19 21 16 65 72 77 116 94 109 106 102 100 150 141 180 150 113 104 106 126 59 47 56 65 69 53 56 68 68 59 74 83 76 68 71
61 76 64 78 70 70 74 84 24 32 28 51 76 61 56 49 68 25 28 30 19 59 66 76 78 29 28 36 43 38 35 29 31 28 56 46 43 49 55 55
34 19 24 16 12 13 29 23 36 38 40 49 61 39 51 37 47 30 26 15 20 16 19 33 28 55 47 35 42 42 49 45 54 56 15 17 13 7 22 20
22 26 30 36 29 22 27 26 29 24 18 15 15 18 12 11 15 18 21 35 24 50 56 52 50 93 88 84 103 93 81 89 75 75 64 52 56 57 59 69
13 22 17 18 23 19 25 31 22 30 20 33 37 46 37 32 36 27 22 35 32 16 27 20 18 10 13 7 8 7 10 7 9 7 17 15 11 18 18 15
25 43 18 37 30 20 27 21 74 84 77 53 64 59 62 46 66 95 86 89 71 149 174 156 153 80 73 73 74 69 73 63 76 70 128 117 118 121 99 121
72 83 78 76 86 72 83 89 30 28 34 46 40 45 42 50 49 27 16 34 26 38 31 32 24 76 68 63 61 75 66 71 86 79 72 71 56 79 60 77
62 47 39 50 63 45 62 45 39 47 28 18 19 8 15 21 7 21 28 27 36 59 65 46 48 30 28 40 35 26 29 33 33 17 21 21 24 23 16 19
84 75 80 55 84 90 74 37 104 108 127 119 71 82 85 105 57 62 95 158 165 35 160 125 38 39 41 41 73 88 93 107 99 102 51 64 76 78 99 78
97 198 290 389 485 582 679 781 899 1022 1150 1279 1383 1504 1622 1735 1846 2046 2246 2445 2611 2839 3077 3312 3534 3662 3803 3942 4088 4231 4385 4538 4663 4789 4931 5061 5192 5326 5436 5570
37 10 22 115 49 35 67 18 49 38 56 20 49 107 57 130 29 45 66 1
