20 40 60 68753
51 59 59 59 70 48 37 32 33 40 42 41 57 60 51 54 57 45 53 63 60 61 44 62 50 68 49 50 61 46 55 44 32 34 41 46 34 42 38 33
65 47 55 62 63 68 84 72 31 42 43 38 74 61 76 85 60 89 66 82 72 49 59 68 89 65 77 68 66 85 64 60 64 57 52 54 50 65 46 59
51 53 52 44 55 94 88 99 51 37 41 44 94 95 101 99 75 99 64 85 75 91 79 80 81 62 73 60 76 74 71 62 69 50 54 56 74 56 47 59
112 118 106 145 108 79 92 106 60 53 57 40 52 43 47 50 51 54 93 77 98 89 90 87 41 49 52 39 44 44 56 55 52 52 55 48 46 52 53 61
39 41 35 43 38 46 60 47 62 62 43 39 54 51 67 64 50 62 14 14 16 10 12 15 16 17 25 14 19 18 17 30 40 29 34 36 31 35 41 44
17 19 15 28 17 41 36 30 65 48 39 44 58 60 52 51 49 59 30 38 29 30 28 28 103 109 104 90 101 105 89 48 46 51 47 45 54 58 47 47
10 18 14 14 17 27 40 25 66 70 60 68 18 17 14 12 16 16 21 17 26 31 27 16 16 25 24 20 18 20 19 15 10 16 13 11 14 8 10 14
36 30 32 38 27 72 61 58 72 70 32 46 68 75 56 78 62 67 39 33 52 35 48 46 48 60 37 50 45 52 38 84 90 69 87 67 85 104 78 63
23 24 18 11 13 46 44 51 50 45 65 66 33 38 41 44 35 39 57 45 51 64 47 59 30 19 39 22 21 24 41 18 26 29 20 20 27 20 26 25
46 56 53 63 48 34 27 32 69 73 57 71 73 76 62 68 66 74 32 38 31 30 34 32 52 74 59 47 59 61 59 40 69 59 52 52 55 51 55 57
38 38 32 39 34 97 89 99 68 59 63 64 24 33 31 26 35 28 66 70 53 75 81 90 63 81 74 90 63 71 81 89 91 91 97 82 97 78 84 83
60 61 54 61 56 73 72 64 73 70 59 52 38 38 36 34 44 45 59 62 51 54 48 44 80 86 78 84 64 83 77 32 39 40 49 44 43 43 55 47
16 12 15 16 16 35 31 47 50 64 61 63 28 29 44 36 38 36 27 33 22 12 23 22 52 44 50 35 32 40 46 26 32 29 41 42 41 41 38 37
35 23 18 16 15 36 31 28 71 61 72 61 15 16 20 10 13 14 16 14 21 19 21 14 34 33 27 38 34 33 41 41 28 46 24 30 33 33 34 26
54 59 52 50 61 83 78 76 38 40 57 68 56 42 44 45 50 55 29 17 20 33 20 21 47 45 48 53 37 31 46 25 18 18 16 24 21 19 22 17
79 89 84 79 78 50 54 85 44 36 73 58 31 28 28 40 48 38 90 85 81 92 98 106 57 38 43 58 38 58 45 65 74 71 68 74 79 52 62 76
82 98 72 102 86 92 104 85 37 37 40 44 100 96 91 109 105 88 106 92 93 93 95 94 43 44 30 43 43 36 33 48 62 59 55 58 53 57 60 46
25 24 25 24 19 31 33 30 46 61 61 66 38 43 45 41 51 56 18 16 21 16 18 23 30 24 36 23 27 34 31 45 25 37 32 30 30 35 32 39
47 42 48 43 48 60 47 53 71 69 54 53 50 53 54 48 54 49 24 33 42 39 42 38 76 80 80 65 64 67 75 41 44 38 51 49 40 35 31 47
17 20 14 15 15 40 39 33 38 51 51 31 54 53 69 57 58 65 57 61 72 44 59 53 22 17 15 22 12 18 16 35 28 33 25 36 31 29 32 25
113 232 339 485 594 692 797 904 978 1052 1126 1198 1299 1396 1498 1608 1714 1814 1921 2014 2113 2207 2306 2413 2517 2627 2732 2823 2925 3031 3121 3211 3303 3395 3493 3576 3674 3779 3864 3948
48 27 28 28 70 30 149 35 49 39 27 36 45 102 51 25 37 81 33 60
