40 80 60 72828
11 11 12 16 15 21 20 19 19 15 26 28 29 24 20 18 49 42 66 50 42 44 52 105 74 74 75 84 87 75 51 45 50 37 39 47 41 60 58 48 41 35 46 17 12 26 16 29 21 30 39 27 33 30 46 37 26 29 54 74 44 69 50 64 12 17 13 17 15 30 20 24 13 42 42 41 43 31 32 27
54 65 57 54 53 77 85 80 82 73 79 81 69 48 62 45 26 23 26 28 23 33 30 16 13 22 18 16 15 26 21 30 22 23 29 24 28 29 24 28 21 20 19 160 144 142 91 100 107 111 73 96 78 82 102 74 85 83 43 47 65 45 68 50 42 48 36 39 69 69 62 62 66 46 45 52 35 61 64 63
66 79 97 82 90 57 41 36 59 59 45 40 55 60 54 85 18 20 20 17 25 18 26 28 25 29 30 30 21 31 41 33 29 40 31 37 17 18 19 23 19 24 18 51 69 51 81 79 68 71 44 54 49 49 49 42 41 42 45 39 36 29 36 32 91 59 86 61 76 73 74 90 72 35 33 51 56 72 90 81
44 51 61 61 55 43 36 46 37 41 106 100 115 66 63 75 97 81 98 89 86 91 74 101 86 86 96 93 84 102 87 97 78 92 83 88 59 92 87 102 91 94 81 106 121 114 88 93 98 99 63 64 54 63 54 62 55 70 103 122 94 109 94 100 54 40 45 50 66 80 76 66 71 15 16 17 11 32 29 28
52 57 52 55 50 83 89 87 66 89 59 33 46 69 56 41 41 50 38 53 42 49 45 66 61 51 54 63 57 52 75 82 86 70 67 74 81 68 86 75 82 79 69 60 60 53 51 29 39 32 62 57 59 54 53 48 62 38 56 58 49 68 51 72 66 85 81 73 71 81 63 88 76 33 31 35 31 125 124 106
43 55 48 54 49 29 29 32 33 30 23 23 20 28 25 24 37 34 38 28 40 21 38 13 13 10 12 16 11 10 10 12 21 17 12 16 40 28 23 33 40 32 32 34 29 32 52 51 47 55 8 8 7 8 8 6 6 7 15 10 12 12 9 15 20 11 21 23 54 55 37 47 35 15 14 14 26 32 21 23
33 48 53 39 33 38 39 49 48 42 20 24 25 24 15 27 10 6 11 12 13 19 16 18 19 13 11 19 8 13 14 16 14 13 13 12 8 5 9 9 9 11 10 32 40 34 13 21 14 14 13 8 7 6 9 12 11 13 18 12 12 13 16 14 50 56 70 72 51 65 57 57 62 33 31 37 49 44 31 28
43 41 50 51 52 59 52 46 49 46 32 19 32 15 23 17 35 44 45 42 34 28 40 55 49 48 46 54 48 46 66 61 52 57 54 58 82 73 73 91 65 81 69 35 20 27 21 19 22 22 41 36 32 23 32 36 28 28 49 57 55 61 51 50 22 14 19 15 18 17 14 15 17 61 69 67 59 33 38 36
64 66 53 68 72 64 70 70 94 71 43 38 41 27 46 55 62 50 51 55 50 60 65 48 49 61 43 47 42 49 30 41 27 42 33 36 25 12 15 18 19 25 20 150 169 148 100 101 100 87 40 53 54 52 61 62 53 66 70 65 88 67 62 75 30 32 30 33 92 67 85 73 68 56 49 58 59 72 74 63
35 33 32 31 27 24 26 20 20 30 71 77 77 81 77 63 55 46 52 48 48 50 58 42 52 52 50 50 46 36 89 94 96 94 85 80 86 65 64 80 85 75 60 45 50 50 40 29 38 42 18 26 21 19 22 33 20 31 61 59 70 74 70 65 72 68 55 60 91 80 98 100 99 55 41 39 44 64 68 66
44 39 24 47 34 59 58 57 43 58 56 67 71 96 84 101 97 104 95 84 96 109 110 57 40 49 58 53 46 53 81 92 94 86 88 101 70 63 78 70 63 86 84 26 30 19 15 19 15 10 58 49 37 37 41 46 46 53 9 15 11 11 12 14 34 24 29 19 26 20 26 13 16 10 28 29 17 39 27 21
59 77 59 79 73 85 65 81 55 73 143 119 120 98 113 82 80 72 84 86 78 80 79 97 90 85 71 106 79 74 68 78 62 83 67 80 52 59 63 65 71 61 68 45 44 35 40 29 44 32 52 66 75 74 58 63 60 53 56 52 60 61 66 59 53 50 53 43 42 41 39 37 48 95 95 82 104 94 110 98
8 18 13 8 15 17 12 17 17 10 25 24 33 30 35 32 42 47 35 36 48 41 41 52 66 51 49 51 62 57 65 69 59 57 60 41 60 66 63 51 61 53 57 113 98 96 96 96 81 81 78 76 84 64 73 66 68 62 108 109 92 84 100 100 15 22 17 14 53 52 45 53 52 16 15 16 12 26 24 26
20 16 15 16 11 11 7 9 13 16 44 32 31 32 33 30 37 37 35 38 44 23 25 38 46 48 56 51 49 45 16 11 13 15 7 10 14 18 19 22 22 20 18 26 29 24 46 46 53 33 25 33 21 31 32 26 21 29 47 41 53 43 51 49 16 21 17 15 14 15 18 16 19 42 44 46 58 20 22 18
99 87 93 91 75 77 78 66 71 70 120 105 91 64 61 63 28 27 25 31 27 25 38 37 38 53 38 47 57 42 51 37 49 55 37 46 36 40 37 36 43 33 41 31 41 32 19 25 18 28 39 59 54 47 45 40 46 66 8 15 9 13 11 7 61 43 74 61 34 38 29 33 37 36 26 40 38 31 33 28
60 54 55 62 72 45 61 54 57 50 48 62 67 56 51 52 30 31 44 32 36 40 33 34 24 26 41 31 35 28 24 13 31 22 23 14 52 68 67 47 46 49 47 47 64 41 84 74 63 70 24 20 15 20 17 11 15 23 32 26 28 35 33 23 45 53 43 53 46 42 54 44 42 46 36 48 52 46 39 43
33 25 36 30 28 49 36 38 47 39 57 60 64 58 46 60 31 47 41 47 40 35 36 18 18 20 32 27 28 17 37 25 30 24 38 23 18 24 20 23 20 18 25 142 137 156 116 88 98 107 80 85 72 95 87 98 96 76 46 57 59 50 65 45 53 46 64 57 78 80 69 68 66 107 97 79 106 93 70 70
45 49 33 48 37 36 42 32 32 43 59 58 62 65 75 75 58 51 50 49 62 50 57 19 19 26 11 22 13 18 16 24 18 28 29 20 17 20 18 27 18 17 8 65 73 88 60 59 60 68 53 63 65 60 58 45 55 57 18 25 25 20 15 20 40 40 37 44 33 19 32 31 43 79 93 77 91 104 113 102
69 60 64 62 63 45 57 56 65 64 69 58 74 96 92 112 33 39 25 36 34 24 28 38 51 50 31 39 45 52 52 60 59 56 63 50 44 36 37 25 28 28 29 34 38 23 17 15 21 13 48 43 48 42 45 35 34 34 70 52 60 54 70 54 18 17 25 27 18 15 18 16 18 52 46 57 43 24 25 25
64 63 68 61 71 52 47 41 46 52 51 64 65 76 72 71 129 114 103 101 105 121 122 62 71 53 50 56 78 70 78 83 93 74 85 66 75 71 74 62 71 86 61 20 19 22 25 25 24 31 10 7 10 7 12 9 9 5 54 50 42 40 49 54 23 16 24 17 13 12 17 18 8 24 14 12 19 30 22 24
24 20 21 22 12 24 20 14 19 27 15 20 21 34 33 35 62 56 35 55 46 51 42 43 52 53 41 51 45 45 49 60 38 44 41 57 46 44 53 45 43 45 45 26 29 41 21 38 23 28 28 35 30 25 32 26 26 26 60 45 55 50 64 76 19 21 13 21 13 12 10 22 16 25 18 17 17 25 28 23
50 45 38 36 50 75 57 46 50 55 112 103 120 75 91 74 99 83 97 80 102 91 86 56 71 59 71 62 44 45 71 70 68 57 56 54 95 90 103 77 71 79 83 118 131 130 71 104 93 92 38 31 39 27 36 46 49 48 105 79 80 77 93 81 22 13 17 16 39 51 48 41 47 26 17 18 19 21 30 23
138 126 140 115 146 107 107 109 135 113 87 77 78 123 122 118 43 42 42 33 40 43 46 39 32 38 40 38 38 45 44 50 43 70 53 39 48 31 42 42 34 40 34 53 53 54 53 44 41 45 36 37 42 30 41 28 53 48 44 38 27 40 35 35 47 52 51 38 63 64 61 58 56 51 55 38 51 96 78 84
8 18 16 14 16 15 17 13 6 9 22 23 17 24 17 16 54 42 44 39 42 46 43 41 43 54 42 36 40 30 50 67 44 51 35 44 74 61 58 62 79 70 68 27 37 27 38 39 29 38 6 5 6 10 6 11 6 12 13 15 11 12 3 6 17 13 18 16 32 36 42 31 28 21 16 20 14 29 37 38
87 75 82 79 79 62 81 74 61 71 42 47 38 41 34 52 29 24 16 35 27 38 25 39 37 30 34 29 29 27 30 36 38 33 35 43 26 23 28 32 25 26 33 66 60 63 48 45 52 49 53 48 55 48 57 59 58 53 73 73 60 87 84 72 53 35 49 56 53 41 53 44 42 52 53 61 53 54 46 50
60 59 67 48 48 44 45 47 65 62 39 23 16 34 26 16 24 32 34 37 39 35 31 51 49 41 48 58 44 65 45 50 43 47 50 60 35 37 42 45 42 40 46 41 34 32 25 22 27 21 25 40 29 34 32 21 24 28 53 55 46 46 66 65 70 83 63 60 86 89 102 100 95 16 16 20 15 30 34 24
50 50 70 51 61 44 51 53 54 60 111 143 134 130 136 104 75 69 70 68 78 73 74 111 117 98 99 107 116 106 78 74 74 102 92 71 63 70 71 60 57 64 62 48 56 60 54 61 60 48 31 27 41 40 36 41 32 36 100 101 101 100 85 98 42 37 42 35 31 23 32 25 33 48 48 33 40 50 48 34
35 22 29 28 36 34 24 26 32 26 56 54 45 50 42 53 67 52 68 70 52 51 60 70 58 84 60 85 77 79 71 82 96 79 86 71 32 41 48 35 44 33 43 147 150 138 72 86 77 57 88 81 84 85 90 73 75 86 94 106 98 106 111 104 51 52 47 59 58 35 52 69 55 58 60 59 46 37 38 44
114 123 133 111 121 79 85 77 68 67 79 100 92 74 95 98 41 44 42 28 39 45 42 55 59 43 46 49 52 43 40 42 45 40 36 52 62 59 56 61 59 69 56 57 52 57 33 29 38 35 34 24 26 28 22 24 33 23 32 38 37 37 38 45 36 46 48 54 40 44 37 51 41 44 39 58 47 66 70 68
17 16 22 25 11 8 9 16 11 13 23 20 35 20 21 27 7 12 9 7 10 12 8 46 38 36 42 55 50 45 16 18 14 16 17 25 32 27 26 25 29 32 25 103 121 132 99 91 89 82 74 79 71 61 64 88 80 63 124 116 126 95 97 94 85 76 79 94 89 65 71 81 80 37 44 43 33 41 20 34
76 72 79 91 84 49 50 58 54 61 56 46 53 62 58 81 92 94 98 96 112 106 84 60 51 58 56 56 56 68 53 55 46 51 62 54 56 52 48 44 45 72 53 56 51 59 43 56 48 50 84 44 57 44 49 46 66 64 19 23 22 30 25 16 52 44 48 34 43 42 45 38 45 37 52 43 56 46 34 56
23 24 20 11 16 13 22 19 17 20 27 42 22 20 27 26 44 34 39 44 43 47 49 83 63 74 87 76 102 73 64 61 67 56 54 56 43 38 40 42 40 49 54 98 84 103 84 64 76 80 75 81 75 83 77 79 75 72 75 76 89 68 86 87 12 20 19 26 49 41 35 53 53 34 35 41 42 24 30 26
109 103 105 87 92 128 112 146 123 111 80 96 85 84 79 89 107 113 105 95 102 97 112 80 89 97 89 88 83 72 101 115 114 121 117 98 80 73 89 73 82 78 81 56 61 46 52 59 52 69 20 13 18 19 25 17 18 20 32 49 33 33 32 45 32 41 33 41 33 30 32 29 37 64 60 46 57 72 81 77
102 89 74 99 92 83 101 91 95 77 101 102 95 136 117 122 88 87 76 82 87 80 92 70 67 80 63 70 84 61 102 99 100 115 112 100 62 71 60 79 72 67 52 79 61 62 33 26 28 36 56 53 55 68 55 73 62 61 62 62 45 56 58 74 50 57 59 68 49 39 34 38 31 35 45 44 37 61 64 62
51 43 46 49 51 52 44 45 47 35 39 44 37 48 43 57 48 39 53 43 47 61 66 29 15 23 23 24 19 15 29 25 45 26 29 35 32 18 23 19 26 27 22 56 45 53 50 52 56 62 53 56 48 53 48 51 49 60 77 85 90 72 52 85 35 30 28 34 69 65 66 64 63 40 39 35 52 38 53 57
92 83 85 95 112 77 68 76 70 70 57 75 63 113 94 114 87 96 89 91 80 89 80 91 76 68 85 86 92 90 91 105 108 98 100 112 77 82 77 66 84 61 58 40 24 26 16 11 26 16 10 9 10 10 7 5 7 9 18 16 13 16 10 10 72 63 55 69 45 43 38 49 41 20 24 20 22 37 25 38
31 44 26 26 35 60 48 56 59 65 24 18 25 22 20 25 12 15 13 18 12 13 17 12 13 9 11 12 16 11 20 18 17 13 24 15 6 13 12 10 5 13 6 34 27 23 17 18 26 23 23 33 31 27 22 24 24 29 9 12 7 10 23 12 67 67 72 58 58 51 55 53 47 44 37 44 24 31 24 17
47 43 47 46 42 51 42 53 64 54 34 37 33 22 21 25 19 23 24 27 29 21 30 11 20 17 7 14 12 14 16 10 11 20 21 15 14 11 9 11 11 13 12 34 33 24 12 23 21 13 31 23 29 45 30 34 39 30 69 57 71 69 65 67 56 34 50 52 69 74 79 92 78 17 25 18 25 26 38 25
16 9 14 21 10 15 10 21 12 16 21 22 23 33 23 23 41 37 33 34 40 36 42 31 39 42 33 31 39 26 64 52 47 47 47 38 38 51 46 46 47 55 50 27 26 33 20 16 15 21 50 45 38 42 42 57 41 46 56 63 69 63 61 74 44 54 66 38 65 71 55 73 73 19 12 16 14 15 22 21
26 27 12 35 22 28 37 45 38 35 46 60 54 67 68 80 40 47 62 57 58 44 53 23 43 30 41 23 26 26 33 33 41 32 36 36 37 29 23 42 33 36 27 74 87 70 46 68 52 55 67 49 55 50 44 59 58 75 38 45 28 39 37 30 43 43 33 36 59 49 36 33 49 62 60 61 69 68 66 66
139 266 407 523 670 799 912 1059 1195 1309 1453 1597 1732 1869 2006 2129 2259 2374 2480 2582 2695 2817 2940 3052 3170 3269 3369 3477 3594 3701 3804 3920 4035 4157 4275 4388 4484 4577 4681 4784 4876 4971 5056 5217 5387 5544 5661 5766 5874 5986 6075 6172 6257 6353 6456 6555 6652 6739 6864 6987 7114 7224 7336 7441 7533 7619 7706 7801 7894 7984 8087 8188 8288 8396 8494 8577 8684 8810 8935 9042
31 22 23 16 19 63 54 26 18 21 24 13 19 35 24 31 21 17 19 15 28 15 19 33 25 34 12 14 13 22 26 24 14 12 24 27 63 29 25 30
