40 80 60 74889
66 75 85 81 88 75 52 54 52 55 45 42 57 53 49 36 94 105 102 98 110 104 111 112 95 136 135 133 119 123 102 132 125 114 44 34 36 36 50 38 43 50 59 56 46 56 15 23 18 20 18 20 36 35 42 34 38 46 58 39 50 43 39 45 37 29 27 32 37 37 75 57 61 60 74 52 98 115 93 100
57 41 45 49 42 52 54 66 55 58 56 29 28 23 23 19 95 74 104 78 94 110 10 17 15 16 10 14 8 21 40 45 33 32 21 16 17 15 19 10 16 31 26 28 31 20 80 64 75 66 73 63 28 34 27 21 41 39 40 53 42 36 26 32 27 35 56 62 61 75 70 81 68 65 77 86 25 31 36 36
53 58 56 52 74 43 27 18 31 23 24 17 17 29 21 23 27 24 24 26 27 20 56 67 41 51 57 65 52 52 39 26 34 36 12 26 19 20 10 15 16 23 33 26 24 20 63 53 59 61 53 56 73 76 65 60 117 109 112 134 126 117 106 82 93 86 116 103 125 135 82 88 107 78 91 98 67 76 57 80
47 46 58 46 53 49 58 64 57 73 68 61 46 59 67 58 52 45 39 46 39 35 24 33 29 36 39 31 29 28 70 93 72 76 94 95 105 107 103 99 111 111 156 124 132 120 87 101 107 102 109 108 81 78 76 84 91 103 100 92 121 120 138 125 102 111 80 93 71 88 138 106 99 109 80 116 80 79 105 83
42 55 57 44 50 53 53 55 62 60 63 19 23 28 23 23 15 16 17 22 27 13 70 56 77 53 67 64 71 81 31 23 25 28 26 15 16 24 24 15 15 29 40 16 33 26 18 30 15 22 15 25 38 40 31 34 50 35 57 40 60 47 28 24 23 33 28 30 25 34 78 87 83 58 78 74 116 131 144 120
16 24 16 15 27 22 30 26 35 29 26 97 71 77 86 82 137 103 135 135 143 126 17 12 14 22 18 16 17 19 32 29 41 35 17 14 25 16 24 29 17 30 26 22 20 20 79 63 76 71 77 85 29 32 26 25 35 34 39 37 42 35 36 32 43 33 69 66 76 56 66 79 79 57 81 75 28 18 28 32
64 63 67 75 74 72 26 17 34 41 22 65 57 86 64 60 111 123 117 130 124 119 53 50 66 56 57 63 56 56 24 28 27 34 79 80 79 81 74 88 79 105 112 98 102 105 30 24 28 18 29 18 33 34 39 30 43 40 45 43 43 36 30 28 24 27 28 37 46 34 25 22 24 25 22 25 40 38 43 26
20 19 22 17 23 19 34 32 24 29 31 73 56 66 55 58 51 52 64 67 65 53 54 62 76 66 59 75 69 71 24 34 27 26 16 18 19 16 20 21 22 29 22 23 28 39 70 76 64 52 59 75 49 32 24 25 55 38 52 40 38 48 30 26 34 28 29 36 44 30 22 24 23 26 18 28 39 35 39 35
107 102 100 91 106 88 69 82 68 74 55 31 23 24 17 20 81 104 72 66 86 82 16 15 15 14 17 17 19 16 36 34 38 24 124 106 104 120 135 137 117 79 99 78 99 70 20 20 19 18 17 12 39 37 37 32 64 44 36 44 44 54 26 31 26 33 27 29 43 25 18 17 22 20 18 22 44 27 30 23
19 14 20 23 21 31 25 20 21 20 22 33 30 27 18 26 11 21 16 25 20 23 58 60 53 67 51 59 71 59 41 35 36 25 19 16 15 17 15 17 17 35 23 21 43 28 73 77 83 65 78 79 33 28 33 20 39 41 51 42 43 29 25 36 31 23 31 26 35 18 58 63 68 59 65 58 87 107 88 98
84 96 97 87 94 94 52 67 67 47 55 46 56 62 58 50 38 43 46 49 43 37 34 33 24 38 28 39 29 35 81 63 75 76 90 95 94 82 90 92 90 139 143 135 140 143 15 18 24 30 28 24 36 38 29 25 61 40 40 44 49 51 97 107 90 110 34 32 32 47 20 20 26 21 20 14 36 32 22 35
49 59 49 42 50 54 44 49 48 47 47 100 107 104 97 117 87 95 82 99 96 100 109 96 88 109 91 103 80 107 107 128 147 142 39 47 50 38 50 40 37 56 57 55 37 47 68 63 62 71 56 75 40 38 37 29 49 48 43 35 29 43 31 31 32 30 29 35 35 26 13 15 22 15 21 21 40 34 22 28
104 105 94 119 95 91 47 49 56 73 57 26 22 30 28 21 20 20 21 18 21 23 8 21 18 18 13 18 19 10 40 33 34 34 31 17 25 18 21 17 22 22 38 32 23 34 59 40 50 55 67 68 149 119 106 130 92 92 96 116 150 121 61 69 90 78 84 73 97 99 113 107 112 125 101 110 73 80 85 93
46 38 39 32 37 48 58 61 44 64 61 48 56 46 59 43 52 54 47 46 50 48 32 37 40 47 41 29 47 42 49 66 42 75 77 109 78 102 83 96 92 141 129 143 144 144 16 21 26 30 19 29 59 82 52 71 43 45 47 52 41 47 28 31 35 39 63 88 73 94 88 92 83 79 80 87 106 119 108 102
52 50 58 51 55 51 58 52 42 62 46 49 46 50 53 56 56 43 36 52 48 51 118 106 116 125 100 104 114 114 140 156 136 145 28 36 27 34 36 37 46 48 47 46 41 51 66 65 81 58 63 88 104 75 88 98 47 39 36 46 37 29 36 28 28 28 68 65 61 69 28 23 10 20 16 22 21 34 37 51
59 60 52 69 61 62 57 55 56 65 61 32 31 30 23 27 24 28 14 13 17 23 50 51 51 52 57 59 46 54 28 36 32 20 58 72 75 78 55 68 65 25 23 35 21 34 29 23 17 17 20 22 43 38 29 31 49 54 46 29 41 50 31 30 32 32 26 43 24 40 11 23 40 12 23 19 30 39 28 36
55 67 76 67 61 72 61 70 48 72 57 33 28 22 21 26 33 22 13 13 26 18 50 64 56 48 55 59 52 54 26 30 27 31 83 71 56 70 64 72 71 84 86 100 86 86 25 22 21 23 32 26 30 28 30 37 53 35 44 49 42 43 34 41 28 20 61 66 66 46 69 72 79 74 78 79 128 114 116 97
46 52 41 53 48 45 78 77 71 81 79 28 32 29 25 23 19 31 23 24 12 22 59 53 70 77 55 53 62 64 26 35 32 28 23 20 25 22 13 27 19 20 32 29 26 27 63 61 58 80 46 63 17 28 34 32 41 42 48 46 37 33 29 23 29 38 33 40 36 32 91 71 65 63 66 62 31 30 27 34
57 57 57 57 50 57 28 28 18 20 31 25 27 22 24 23 17 20 19 17 15 20 15 8 9 18 19 24 15 15 19 38 30 29 69 70 76 79 91 84 72 99 113 87 93 88 49 61 58 56 53 57 58 75 62 71 39 41 38 45 32 48 45 42 33 27 86 70 59 72 22 30 29 19 25 17 29 27 27 37
51 44 41 44 54 47 50 53 54 47 37 49 46 46 50 54 42 43 33 34 42 54 110 90 100 98 119 122 125 111 112 124 120 122 35 34 35 43 40 32 33 68 60 64 60 60 18 20 13 34 18 19 90 69 80 85 44 56 44 35 51 35 42 32 40 36 86 92 71 67 74 66 58 62 82 63 106 122 124 121
54 65 53 57 45 54 76 61 70 74 57 29 26 29 31 20 28 19 23 21 22 26 12 21 16 14 18 20 9 15 38 21 32 39 141 121 129 148 123 161 122 97 102 95 87 124 22 20 18 20 14 16 37 33 36 39 44 40 37 52 32 54 32 43 43 32 31 24 33 31 76 82 82 55 70 76 32 28 24 26
44 40 41 38 47 40 43 43 44 45 55 66 50 58 65 60 48 48 49 43 54 59 32 48 44 34 40 27 42 40 69 73 63 65 105 101 87 89 104 72 90 59 54 49 48 54 74 99 75 75 92 85 91 92 104 88 96 96 108 115 133 135 77 99 102 103 63 75 73 74 108 94 98 98 88 81 88 106 78 108
82 89 97 88 82 96 60 67 65 71 86 76 90 70 86 90 64 75 50 50 58 74 91 81 91 75 92 78 99 96 74 80 92 59 64 67 72 69 75 65 60 91 94 98 88 89 16 24 26 20 14 25 36 28 36 41 41 50 41 53 41 44 28 33 31 41 34 34 31 30 22 20 17 22 22 30 26 35 31 29
90 98 104 91 106 90 75 75 69 89 72 81 76 74 93 84 74 68 58 70 50 59 67 67 66 57 51 63 64 59 39 29 30 22 11 19 15 26 17 23 20 18 23 31 32 30 14 17 20 27 17 25 30 37 20 42 51 39 43 44 40 39 24 20 38 25 32 23 30 28 81 92 85 81 93 92 32 32 30 35
21 18 25 19 16 19 31 28 20 19 25 21 32 24 21 26 89 103 92 82 106 85 43 58 42 55 47 46 52 39 20 29 32 34 14 16 27 19 22 24 16 23 21 25 27 23 75 70 71 72 89 83 32 35 51 27 38 58 38 35 40 38 98 103 108 97 23 34 24 28 28 21 26 25 26 16 39 44 40 27
35 39 37 41 39 48 46 49 53 45 55 53 66 81 62 60 106 124 125 114 98 124 24 25 30 30 24 37 28 39 82 80 67 89 87 79 79 93 72 88 100 102 117 128 108 94 20 21 23 24 22 21 34 29 26 39 49 36 45 57 41 53 88 93 96 83 38 35 42 34 50 83 60 56 75 68 32 31 35 35
54 40 47 44 32 32 54 66 46 47 35 99 122 118 113 108 105 96 97 90 101 90 73 53 60 71 59 73 70 67 71 65 50 63 29 48 39 37 39 52 44 62 62 68 49 52 15 26 19 22 26 25 26 26 28 31 40 35 35 38 37 33 24 33 29 24 25 30 32 24 27 25 23 16 22 20 39 42 29 31
57 57 63 59 64 66 59 60 53 68 56 77 80 74 85 84 64 64 49 53 66 52 15 18 16 16 13 16 15 16 31 29 35 27 22 15 23 11 31 17 16 21 23 32 33 32 52 54 66 59 48 57 30 30 22 24 41 46 49 35 49 44 37 31 45 33 30 21 29 29 18 18 21 17 33 20 32 32 39 31
86 71 85 98 104 97 62 68 64 62 57 51 58 41 54 48 43 42 42 32 39 33 30 34 36 35 39 46 41 40 50 74 50 76 141 157 142 124 154 142 167 130 107 105 91 124 49 70 39 36 47 58 102 87 84 71 115 125 140 91 104 111 81 68 59 80 71 77 68 73 102 101 92 94 103 102 72 75 76 65
15 25 19 19 22 22 27 17 29 31 21 74 82 66 87 59 65 70 73 69 67 62 38 51 52 50 49 52 62 68 29 32 34 24 24 24 22 17 14 26 22 32 20 30 27 21 33 22 17 22 22 20 85 85 68 76 52 48 49 41 41 41 34 32 36 44 73 79 80 54 19 17 21 14 25 15 36 38 35 36
24 31 30 16 24 23 21 33 22 28 23 37 18 31 26 23 23 17 24 21 11 19 64 65 72 75 61 60 55 56 31 27 33 28 14 19 17 21 18 10 19 23 19 17 22 28 73 65 65 73 64 64 37 41 30 41 41 40 42 48 45 56 92 101 92 86 75 85 73 87 25 26 18 26 23 26 28 23 22 36
21 25 15 16 20 21 19 29 26 34 28 78 71 85 96 87 64 73 72 78 48 64 22 16 17 21 16 17 24 15 26 27 21 32 67 75 71 62 63 70 68 110 112 116 122 115 68 76 67 68 62 73 28 27 28 27 55 35 58 38 33 36 75 105 86 79 33 32 38 26 17 20 22 26 19 32 27 34 29 36
16 25 15 15 25 16 24 23 33 27 32 32 19 32 29 27 60 76 77 74 77 73 55 52 54 60 58 51 50 46 42 43 30 35 21 23 24 12 8 19 12 37 27 28 28 29 20 15 18 24 23 24 93 83 85 85 48 40 49 57 34 44 79 102 71 74 65 61 69 81 33 27 14 23 25 23 30 24 22 34
88 103 98 91 82 81 71 87 84 61 70 22 22 22 17 23 22 20 22 26 19 24 66 76 57 58 57 85 68 72 23 25 27 32 72 53 50 54 57 78 58 84 104 93 70 105 59 53 61 63 54 59 99 90 95 84 111 109 108 108 97 81 72 68 75 71 77 74 73 73 108 110 85 108 100 96 68 82 73 80
66 61 64 72 70 57 29 26 33 26 28 73 86 68 78 72 64 73 72 67 53 61 18 15 14 17 11 10 16 11 34 26 24 26 74 69 61 90 72 65 75 101 81 91 80 97 64 74 88 86 78 70 33 38 19 24 37 44 47 47 48 37 29 26 40 35 38 30 38 33 26 27 22 31 21 20 37 40 28 36
51 48 45 50 45 45 74 64 69 72 90 34 23 33 24 35 67 71 78 63 72 64 22 15 14 23 12 11 15 13 35 41 34 40 19 20 28 14 20 25 22 29 27 27 35 32 97 97 83 93 88 104 86 65 61 85 95 103 88 133 139 98 152 139 146 150 98 101 81 80 104 116 111 119 111 120 70 70 72 67
23 21 34 20 18 16 26 35 27 30 26 25 18 19 14 30 25 25 22 16 23 22 85 94 83 102 84 92 101 89 103 90 110 92 79 80 66 67 84 82 57 20 26 39 35 22 17 24 21 14 16 19 81 83 93 85 45 43 51 40 39 35 67 76 89 78 29 36 31 33 74 67 45 69 59 69 97 118 118 112
79 85 69 84 81 77 30 20 24 26 19 24 29 35 28 24 14 10 16 23 28 18 80 71 86 87 106 82 107 78 86 86 79 100 22 22 15 20 16 27 24 19 23 26 30 14 97 91 88 81 77 83 94 83 100 87 92 119 114 137 122 127 85 68 99 94 88 87 95 85 85 108 84 109 117 113 67 62 78 65
50 49 49 47 48 45 49 45 57 52 48 43 60 37 48 51 56 33 53 41 42 38 33 40 32 55 28 37 47 41 84 82 72 63 44 48 41 49 47 36 31 55 55 63 55 53 24 28 27 23 23 23 66 86 72 75 40 48 41 44 37 45 80 92 103 105 62 58 58 60 76 71 90 74 91 90 25 39 25 27
93 81 102 105 94 85 64 98 95 100 80 58 46 44 53 49 95 85 94 102 86 98 40 37 40 24 36 35 35 30 52 69 62 60 98 115 91 95 100 97 106 52 45 44 55 49 55 65 59 40 51 48 111 78 92 97 115 105 108 92 113 68 80 58 74 85 86 77 93 73 87 80 91 116 95 107 70 74 86 48
108 214 319 439 546 644 723 822 918 1019 1110 1211 1334 1453 1567 1685 1823 1948 2084 2220 2364 2491 2610 2723 2840 2977 3113 3247 3373 3497 3638 3795 3943 4089 4231 4389 4532 4681 4836 4998 5166 5308 5465 5609 5754 5899 5997 6099 6207 6310 6420 6529 6679 6799 6906 7037 7155 7281 7422 7560 7711 7847 8000 8140 8287 8438 8555 8659 8785 8921 9060 9177 9290 9416 9534 9655 9784 9916 10061 10183
16 34 18 14 35 27 29 43 34 35 20 20 15 22 25 38 18 36 28 24 30 11 15 28 39 18 22 33 9 35 37 24 35 21 22 12 24 15 22 17
