20 40 60 71175
94 133 101 99 88 91 80 62 61 80 67 60 76 90 97 70 82 63 62 52 73 72 62 66 103 94 96 67 79 94 88 94 82 101 93 70 77 79 86 77
66 67 71 71 64 89 73 117 90 97 95 51 79 67 54 58 64 78 91 85 105 90 73 66 89 94 95 85 87 95 113 111 104 132 95 105 113 121 121 108
20 24 21 24 26 43 30 27 23 22 30 14 16 13 17 14 14 25 26 30 27 27 26 31 25 29 32 30 44 36 43 41 45 44 40 47 42 32 35 46
57 62 64 75 43 28 31 18 26 28 26 49 63 47 51 50 58 52 58 68 69 59 76 56 67 64 80 59 74 61 39 39 35 42 44 31 39 35 44 44
135 116 89 100 88 93 70 91 79 94 98 109 119 98 128 101 96 84 54 60 64 68 61 64 49 56 55 42 55 54 118 114 119 116 109 109 119 94 116 112
64 62 70 67 71 73 93 75 51 68 55 37 35 36 48 41 38 28 31 34 42 41 39 44 48 40 51 39 49 45 45 47 47 44 43 44 51 49 49 48
21 28 23 22 28 32 33 18 24 26 18 78 61 56 55 42 45 75 65 69 69 76 76 70 69 73 81 77 71 80 38 38 38 45 43 34 49 36 45 45
108 90 117 113 70 83 85 58 60 62 54 86 101 86 87 76 101 52 42 63 52 52 41 55 39 47 40 39 31 44 47 56 62 50 53 41 43 49 45 51
72 66 64 61 87 88 84 90 78 106 84 54 57 64 55 52 50 92 85 78 80 75 83 74 104 113 87 96 96 94 73 73 56 69 66 71 64 81 60 87
100 115 122 98 75 80 79 76 92 86 79 104 118 101 93 111 100 38 32 44 32 39 38 26 38 45 44 45 47 46 95 90 70 84 75 76 89 84 79 80
105 103 103 110 81 87 86 70 80 66 60 65 79 78 82 93 66 107 96 74 85 96 94 83 101 95 111 109 101 88 111 103 100 106 94 93 110 109 122 120
116 99 117 98 96 80 84 59 48 62 67 58 40 34 38 34 32 42 59 36 47 56 56 44 62 62 49 47 49 60 94 104 105 75 101 96 104 110 124 89
25 23 21 15 29 32 40 48 54 38 59 37 38 38 39 32 47 30 26 29 21 29 22 25 25 30 39 25 35 21 46 44 35 28 43 48 33 44 39 38
67 75 81 68 31 31 34 18 29 28 23 11 19 18 13 12 15 81 74 62 65 56 63 68 67 80 89 67 64 67 41 41 46 36 48 39 33 30 32 50
106 106 115 121 76 71 76 104 90 111 103 103 102 102 118 109 100 50 56 43 62 53 50 46 64 55 58 58 68 64 77 64 87 71 86 67 77 82 78 56
49 68 65 67 78 77 86 113 86 102 107 60 64 64 68 64 53 63 58 79 73 72 74 58 83 76 72 77 78 93 95 81 99 76 69 101 100 91 93 87
80 80 72 63 43 30 24 56 58 63 58 78 56 70 66 64 73 45 52 62 44 53 58 46 58 54 63 42 64 47 12 16 18 19 21 20 18 16 15 21
55 47 65 65 76 81 75 99 69 83 96 116 115 93 112 117 105 33 34 40 35 33 43 38 44 43 43 44 34 47 94 110 85 97 81 91 89 92 97 97
15 29 22 23 28 27 29 37 54 56 52 41 24 36 38 39 44 59 52 47 55 54 35 49 49 54 49 55 40 59 19 24 15 23 21 12 22 22 24 17
120 112 120 124 91 96 83 60 51 61 61 90 80 71 90 71 87 80 74 79 83 77 87 84 103 107 107 107 101 86 62 56 70 74 58 67 95 76 64 68
150 297 432 569 676 783 886 1016 1118 1241 1360 1489 1621 1734 1876 2006 2123 2242 2349 2444 2561 2668 2772 2865 2980 3105 3228 3349 3461 3567 3698 3824 3956 4102 4223 4344 4476 4610 4747 4880
33 26 149 55 27 49 77 46 24 38 26 43 98 49 31 28 55 42 84 20
