20 40 60 66657
57 53 57 37 42 53 33 52 47 99 102 109 59 51 47 57 51 65 57 46 51 57 45 54 54 58 49 55 54 52 44 52 74 54 65 63 70 69 47 70
73 78 84 39 44 40 41 48 41 55 61 68 28 36 31 30 27 48 43 52 43 50 46 57 45 63 66 51 55 61 62 65 69 67 69 56 106 98 82 91
54 49 51 74 65 63 68 84 74 159 165 123 96 95 92 81 93 69 55 69 50 78 67 71 76 47 51 54 57 52 50 53 80 62 81 82 117 107 132 118
15 22 24 38 41 44 38 24 31 20 21 29 8 7 11 8 12 71 86 88 76 67 60 74 68 42 45 52 52 43 39 46 78 67 64 65 44 48 51 48
74 74 47 47 47 41 36 56 40 76 101 74 32 42 38 41 31 78 59 77 77 71 72 74 68 98 91 94 106 110 96 108 58 90 59 76 82 97 82 89
76 88 98 98 58 78 86 78 79 76 86 88 33 38 40 43 50 26 26 32 30 29 22 33 24 39 31 30 38 40 29 44 74 51 55 80 65 65 60 68
29 25 16 40 48 38 38 39 40 18 19 35 11 9 17 10 13 7 10 5 5 6 5 3 3 10 9 11 6 8 9 16 11 11 10 16 20 19 24 14
96 90 92 60 69 79 82 55 91 66 59 60 87 78 89 82 70 41 47 51 73 60 59 48 54 40 57 50 40 49 47 47 52 63 60 49 46 49 42 41
61 48 49 50 40 47 42 64 59 75 94 80 78 66 69 72 82 77 76 77 78 80 69 65 81 43 49 37 45 32 53 42 52 65 49 54 48 41 39 57
62 68 75 43 35 48 47 54 51 85 85 93 77 69 68 56 63 93 86 105 89 86 101 100 88 54 40 51 73 62 64 62 75 88 85 77 70 81 96 84
66 63 74 58 62 81 66 53 51 68 72 53 64 64 61 73 59 71 84 67 78 92 88 64 82 58 51 63 65 48 64 47 68 70 52 66 126 105 127 131
58 51 41 66 70 77 87 73 82 151 160 129 42 44 50 57 50 73 73 54 74 66 75 53 56 61 66 78 69 73 79 83 46 37 62 27 50 57 53 68
15 17 21 39 50 49 35 40 42 13 20 16 38 42 42 43 38 41 44 46 40 47 49 52 46 38 32 38 34 36 33 25 11 10 12 17 14 15 13 12
26 23 24 46 41 49 48 44 44 28 19 19 47 53 44 41 45 45 44 45 43 41 65 39 35 42 45 40 38 35 42 42 14 22 21 26 16 13 12 15
69 73 68 60 61 49 53 62 50 97 88 100 98 103 91 112 90 52 37 57 38 44 43 43 41 69 53 78 70 61 72 67 68 42 48 44 52 46 47 47
19 30 36 52 37 46 50 49 34 67 75 52 54 63 57 59 47 51 63 45 55 39 52 48 37 56 61 61 67 63 73 57 40 43 40 46 56 67 50 52
79 82 73 74 69 79 75 85 74 66 80 75 75 84 88 105 97 29 32 29 35 32 28 33 47 36 37 29 25 29 26 24 44 52 58 45 57 77 48 50
73 67 63 50 66 62 59 62 52 66 66 71 76 68 69 73 78 50 61 57 60 64 66 67 77 65 57 51 48 54 57 46 99 86 117 104 92 111 91 115
23 20 28 44 52 42 25 48 45 18 26 18 47 61 53 65 45 42 57 34 50 44 38 37 31 40 45 54 53 45 44 44 45 52 50 45 30 45 36 41
93 78 79 74 70 75 63 64 61 177 176 146 34 47 41 34 54 89 87 106 103 102 87 103 104 59 89 79 78 74 68 86 84 110 106 93 107 118 104 122
97 188 287 386 457 539 627 713 805 983 1160 1307 1406 1510 1603 1716 1814 1908 1996 2103 2207 2310 2412 2516 2621 2720 2812 2907 3014 3125 3222 3331 3431 3542 3660 3765 3892 4011 4144 4276
32 31 34 58 26 52 219 36 34 17 25 28 100 89 37 39 48 22 51 22
