20 40 60 70201
62 63 63 63 65 81 84 83 76 105 118 109 105 88 127 125 123 113 118 89 109 93 95 101 100 109 96 93 108 90 69 78 76 98 102 113 99 104 107 114
67 82 80 65 67 20 25 27 22 77 65 76 81 71 74 77 74 62 60 16 15 18 20 18 13 21 21 17 29 8 14 16 14 22 12 20 21 14 19 11
70 69 83 75 64 56 73 58 60 83 55 70 73 62 61 67 79 76 56 61 57 61 68 72 63 65 75 62 62 101 82 84 90 97 78 53 59 50 61 71
70 72 73 65 61 63 61 51 65 26 15 21 19 21 97 62 77 77 83 18 18 21 16 24 15 22 13 15 19 61 69 48 68 51 63 26 13 22 22 13
18 16 21 13 20 22 22 31 24 21 25 23 19 15 19 20 14 20 10 46 55 55 58 66 66 64 68 59 79 43 61 60 56 52 55 61 61 49 57 68
75 55 84 61 64 16 22 22 24 64 56 73 72 66 70 84 55 69 82 63 63 56 69 63 78 68 60 56 60 26 56 52 47 51 50 60 67 59 58 79
112 97 101 97 94 65 75 64 68 56 68 66 58 66 110 113 105 99 97 49 55 58 65 66 69 56 63 80 66 53 47 45 41 53 30 53 77 54 52 72
108 119 117 107 100 119 110 100 113 101 93 102 111 108 63 68 60 56 66 85 101 76 95 107 108 97 88 108 109 79 80 92 72 88 81 95 91 106 111 106
115 105 124 133 88 108 126 96 93 49 49 53 60 57 47 49 63 73 78 100 91 84 74 93 70 60 64 53 73 79 95 103 100 102 85 68 54 51 44 65
120 110 119 121 91 118 111 119 113 65 63 47 48 64 119 125 113 130 127 83 107 93 90 88 96 88 99 100 113 96 87 78 68 81 77 112 87 113 103 112
65 65 69 49 60 95 111 138 111 114 123 119 112 117 79 66 63 50 74 62 65 60 73 56 61 58 67 48 58 50 52 40 46 43 45 55 44 51 68 55
23 23 22 20 14 60 77 59 52 23 15 32 14 20 19 22 18 24 18 73 68 64 62 58 59 59 66 58 59 56 46 56 61 54 48 70 77 59 55 61
51 70 55 62 53 132 120 125 118 116 115 102 124 120 125 116 107 117 130 96 69 85 66 82 67 55 67 73 64 61 53 65 55 47 50 58 57 50 57 57
49 55 67 49 60 81 82 79 91 61 62 60 52 70 117 116 98 111 120 126 130 120 122 133 106 72 87 91 108 102 96 74 91 98 95 105 96 118 100 104
22 15 22 21 15 21 23 18 22 70 90 82 78 65 19 19 15 21 17 64 64 53 55 62 71 69 57 64 65 45 51 49 55 50 45 67 58 66 60 62
114 114 107 97 112 69 72 75 65 51 65 46 58 66 60 56 49 60 57 75 83 94 92 97 53 65 62 62 52 100 86 85 111 116 93 54 47 59 55 62
17 13 23 19 14 17 28 28 26 66 48 75 75 70 15 19 28 11 20 15 24 19 21 18 13 23 25 26 16 14 12 21 14 18 16 13 15 22 16 22
95 110 114 114 97 119 120 109 108 59 61 61 61 70 66 78 58 58 66 54 63 53 55 62 62 66 63 61 80 46 49 66 41 50 54 49 64 57 58 41
69 59 71 59 59 116 120 120 128 46 59 51 66 50 118 97 103 99 116 125 100 107 113 120 125 128 96 103 109 82 87 100 97 88 82 107 124 112 102 116
16 22 21 20 24 28 17 29 24 72 62 76 70 76 69 80 82 78 69 59 61 52 64 64 66 59 51 54 63 56 68 41 52 50 52 66 74 56 70 54
133 265 402 549 673 819 959 1112 1254 1383 1519 1651 1788 1921 2062 2201 2337 2481 2625 2765 2909 3042 3177 3324 3463 3605 3715 3835 3960 4073 4180 4294 4417 4546 4659 4784 4921 5052 5175 5304
27 80 23 69 81 47 29 24 27 23 37 74 34 28 51 35 188 42 21 60
