20 40 60 70917
89 76 66 84 54 47 66 51 57 42 47 52 54 51 52 52 51 55 66 51 37 32 32 36 23 38 76 68 62 76 62 77 47 71 80 62 68 86 55 62
105 120 110 130 108 110 125 116 117 103 125 114 110 114 98 87 67 85 91 84 36 41 48 39 45 46 94 84 68 74 75 71 99 128 106 116 59 75 71 70
41 45 54 51 40 38 44 28 44 35 40 43 50 59 53 50 89 57 74 73 50 55 65 63 54 67 40 47 56 47 66 52 88 76 70 100 105 105 107 116
53 47 54 41 49 49 57 31 40 51 37 49 59 53 46 42 48 45 34 60 45 37 23 45 24 40 33 38 26 44 36 29 15 21 22 27 19 25 26 17
68 60 57 60 29 28 50 22 28 33 22 67 58 47 56 59 71 61 58 60 43 46 55 48 66 40 42 40 38 44 50 38 79 76 91 95 78 59 73 76
55 52 44 45 84 68 75 70 64 67 69 73 75 83 71 88 70 82 62 71 35 35 33 33 39 34 70 81 86 77 83 76 70 64 75 55 45 46 37 47
76 73 65 52 30 26 33 27 29 24 26 79 77 76 68 82 82 75 79 82 116 92 89 76 97 80 64 70 86 81 95 82 140 153 159 162 132 138 160 148
94 95 103 100 109 106 133 115 106 112 107 127 150 140 146 63 92 86 72 79 85 87 90 77 72 76 86 93 83 81 74 84 115 95 101 110 85 92 94 82
112 103 124 117 115 106 106 94 111 112 124 128 149 146 137 98 110 107 107 131 61 60 52 51 54 44 60 48 56 63 59 55 95 89 98 80 63 65 69 52
75 85 67 85 40 42 30 32 31 41 34 50 72 71 57 47 53 62 48 41 55 43 53 45 45 47 80 84 75 80 81 87 123 127 117 115 110 74 84 102
83 96 90 67 64 62 40 49 56 45 50 130 101 118 116 90 89 81 86 77 81 73 68 75 62 64 75 96 95 70 88 90 58 81 71 80 110 118 107 124
52 56 63 45 72 93 81 89 89 73 92 77 62 62 80 66 84 58 52 57 81 99 103 100 88 97 85 86 82 78 95 77 154 184 167 121 151 173 151 137
8 19 17 17 13 16 6 14 14 15 12 21 15 22 23 11 14 17 14 15 32 24 34 36 28 25 12 9 9 14 13 11 21 18 19 22 14 14 10 15
47 58 61 54 50 52 45 54 63 63 57 77 74 65 77 66 44 48 54 58 35 23 19 31 17 24 22 23 22 36 24 17 16 23 25 31 9 13 8 18
58 58 49 42 40 33 39 32 34 37 38 90 78 78 83 39 31 33 41 41 107 90 101 90 91 75 38 37 46 52 36 55 91 116 92 112 114 138 120 102
80 76 85 69 31 33 28 33 40 34 25 44 60 81 34 52 67 70 54 81 50 45 49 56 57 64 72 67 85 70 75 74 60 67 60 70 71 87 78 78
63 66 57 51 25 26 33 18 20 28 32 80 69 85 87 52 45 46 49 55 32 38 41 42 44 48 75 75 58 58 71 72 93 99 96 130 59 74 56 57
14 18 15 19 49 51 62 54 46 43 44 15 16 22 7 12 5 9 11 12 31 27 31 23 18 26 15 18 18 15 13 16 20 27 19 12 23 29 23 16
16 14 13 9 32 43 41 35 39 31 50 11 19 18 14 20 27 23 22 15 69 68 71 71 67 61 46 53 53 53 47 46 41 36 32 38 46 69 52 60
127 140 123 136 56 48 60 41 53 55 56 73 72 67 91 73 79 75 73 71 53 61 68 43 82 74 66 88 67 70 87 67 49 63 67 58 53 53 40 45
128 269 394 531 647 758 892 1009 1127 1240 1366 1497 1648 1795 1942 2041 2152 2260 2368 2500 2617 2717 2821 2922 3020 3118 3213 3310 3406 3488 3584 3675 3830 4015 4183 4346 4498 4672 4833 4982
43 20 24 76 36 27 23 18 14 33 19 22 234 50 33 46 31 169 59 23
