40 80 60 73264
119 148 116 140 127 126 143 137 123 111 110 117 119 130 130 131 126 123 61 67 46 56 66 66 60 76 69 46 73 66 58 61 98 99 120 94 103 99 106 113 17 13 32 20 30 33 23 27 24 24 25 27 23 52 46 45 36 40 46 59 40 49 49 36 35 31 36 30 46 64 52 55 59 30 48 26 22 23 32 27
26 25 28 30 26 21 26 34 18 24 17 24 27 64 62 55 61 49 50 67 58 53 62 50 61 59 54 59 65 53 48 68 40 23 26 29 26 28 27 29 30 23 18 19 23 29 25 34 25 84 99 90 98 76 82 87 69 70 73 102 88 92 16 14 13 20 11 19 13 26 27 22 22 42 30 36 71 64 74 51
76 58 68 71 63 58 59 81 38 63 52 45 60 58 49 57 56 49 103 103 115 124 94 119 103 113 91 107 119 103 105 83 91 91 107 111 98 103 106 115 49 38 43 52 60 30 36 26 19 98 81 96 87 58 48 41 42 37 41 49 48 38 24 15 20 14 16 13 14 32 22 23 32 47 35 32 33 22 23 24
64 58 67 57 43 59 72 64 44 34 47 50 56 42 45 44 58 47 99 107 112 113 116 111 105 98 92 105 110 95 126 105 109 128 95 112 102 97 87 92 22 21 22 18 18 20 24 28 39 29 26 22 25 53 42 50 49 36 50 45 51 64 59 52 56 54 75 57 47 41 23 18 27 85 86 99 21 27 27 24
105 82 98 99 86 88 89 85 69 79 80 77 73 74 71 79 63 75 73 78 92 80 82 87 99 73 73 86 93 64 81 99 62 58 74 78 74 75 67 55 26 28 23 16 22 23 27 27 31 29 23 26 29 42 52 45 39 30 39 41 45 59 83 72 72 84 63 66 82 64 57 59 66 72 94 77 53 62 59 61
54 59 81 65 64 66 71 77 52 55 45 48 47 55 53 53 56 46 78 76 79 73 70 69 72 89 84 85 77 88 90 67 59 61 70 60 65 64 52 61 22 19 23 26 12 20 38 23 20 22 27 23 28 10 15 9 14 16 11 10 6 8 74 61 63 73 75 56 76 62 51 71 57 49 36 34 30 28 26 26
27 34 19 24 27 26 21 26 19 20 23 31 20 17 31 23 20 22 15 16 14 19 16 17 20 15 22 14 8 18 13 20 26 28 22 28 29 27 27 30 21 20 22 30 19 28 26 30 33 28 25 41 26 35 44 55 54 61 56 46 46 53 74 54 83 69 64 57 60 57 69 62 70 83 73 86 60 65 54 55
18 29 21 31 21 26 28 31 20 15 24 21 19 20 23 21 24 18 40 50 42 52 33 26 46 44 37 43 39 49 39 41 65 65 62 71 59 65 71 84 20 20 23 17 23 28 29 31 23 31 22 31 22 54 48 49 55 49 50 59 38 47 71 68 74 67 66 69 58 51 58 64 70 41 38 33 27 29 23 22
85 93 84 86 80 94 105 84 78 85 92 78 85 114 108 112 115 106 60 71 62 58 61 50 58 60 51 56 49 74 53 46 30 29 33 19 34 28 15 38 23 31 21 18 26 17 33 22 25 88 103 94 114 79 70 68 70 78 76 78 81 63 51 54 54 35 59 49 59 22 22 25 35 41 32 29 23 29 22 40
111 133 128 113 119 134 111 135 105 113 89 98 90 100 105 124 95 127 37 33 33 40 46 41 42 35 38 38 36 27 31 27 64 56 53 54 71 75 44 58 12 18 26 27 18 37 22 15 41 28 25 35 22 52 53 45 48 52 44 59 53 47 27 30 37 30 33 38 34 56 50 69 71 92 80 80 54 46 65 62
110 108 103 103 96 95 96 77 82 71 84 86 75 80 64 70 71 80 82 72 82 79 92 85 93 73 80 99 88 84 72 86 76 65 79 58 70 77 74 58 76 71 68 71 66 81 77 91 79 112 102 92 105 72 69 67 70 61 59 82 98 67 47 56 66 51 64 50 60 25 28 30 31 39 37 39 21 27 24 26
145 135 149 143 161 120 120 140 101 123 101 116 123 110 98 101 112 106 62 90 67 82 69 77 87 78 84 65 93 82 85 97 70 53 62 52 71 60 62 56 20 17 23 26 16 25 33 30 31 29 30 30 31 45 50 46 41 47 43 52 39 42 42 37 34 45 35 43 35 53 57 63 60 97 99 73 64 73 66 70
87 74 103 100 83 83 85 72 79 64 75 66 78 64 60 70 59 63 123 112 134 140 128 113 118 125 126 140 101 122 118 141 127 128 124 99 142 117 115 123 129 120 113 138 142 153 167 174 160 69 79 77 90 45 42 39 37 40 40 35 48 37 57 56 52 40 42 57 61 78 91 91 94 123 110 123 88 95 81 95
188 201 209 212 191 187 165 183 175 162 144 165 151 165 168 171 166 163 77 79 73 75 66 67 81 75 64 63 67 71 75 66 103 115 110 112 118 121 106 129 110 105 113 87 90 85 79 78 87 85 79 88 82 84 76 77 74 80 74 82 78 82 60 48 48 51 53 44 47 84 92 79 88 139 122 122 129 126 140 147
16 32 35 27 30 27 23 35 17 35 24 17 23 64 60 50 53 47 89 80 78 92 89 89 88 89 83 92 87 89 81 85 71 72 80 71 77 63 60 71 156 162 158 157 175 156 157 168 161 82 101 86 94 77 78 66 89 69 72 68 73 66 52 48 41 48 47 52 54 72 93 87 86 157 143 146 84 79 85 74
175 146 157 161 157 175 169 160 135 131 117 122 126 175 169 168 180 188 62 77 75 54 67 64 56 68 87 59 78 66 61 70 130 133 119 121 128 139 129 124 95 97 104 86 92 112 89 90 92 94 85 89 81 68 94 72 68 64 63 78 56 90 59 63 46 56 59 49 41 91 76 83 86 104 102 119 86 99 96 87
175 165 145 167 157 149 150 157 132 117 134 134 113 149 137 139 134 118 47 51 58 46 53 51 58 57 44 48 41 50 47 51 74 75 82 85 84 100 91 91 72 66 84 65 63 88 78 95 81 81 98 71 93 69 80 71 78 70 72 56 75 54 124 113 111 125 105 130 121 121 109 111 117 114 113 105 131 112 100 110
24 34 26 25 30 34 22 34 20 21 18 22 16 14 27 17 21 21 17 15 22 15 12 15 13 13 21 14 11 11 14 18 29 24 18 37 32 25 27 32 18 23 18 24 19 20 34 33 27 102 93 104 109 76 101 70 85 83 75 89 76 84 25 29 43 36 37 34 30 64 54 62 78 85 74 95 30 23 24 29
26 24 33 27 26 31 22 32 16 23 16 22 23 13 20 18 25 21 15 13 18 13 20 9 19 20 8 22 18 17 15 15 25 34 32 27 22 25 29 25 55 41 59 52 49 26 26 24 27 98 101 84 109 70 84 81 71 78 67 93 73 63 56 54 54 40 58 53 64 35 28 22 27 93 101 93 64 75 71 66
100 93 107 98 105 94 87 87 86 70 75 84 51 123 103 121 148 119 18 22 10 14 18 18 10 17 18 13 11 15 12 11 28 33 27 16 26 25 36 18 112 119 77 93 84 80 96 102 74 153 157 146 162 120 93 103 106 103 112 107 118 107 128 103 126 103 93 87 93 122 117 114 131 193 145 169 126 140 122 129
68 63 64 58 68 75 56 74 53 55 42 38 39 83 98 93 81 89 32 40 44 25 25 42 28 28 34 37 37 32 39 34 68 48 60 70 76 72 73 55 17 22 29 23 18 23 29 21 32 23 32 23 31 50 38 48 38 37 46 47 52 43 76 87 75 71 63 97 87 50 51 71 55 29 37 45 25 31 25 23
30 24 27 22 29 27 26 19 25 21 17 18 18 54 54 43 54 54 82 86 68 73 70 84 84 81 63 61 87 78 70 92 80 76 69 68 65 72 55 81 134 119 132 119 120 150 141 145 157 151 136 141 143 73 71 69 59 56 61 69 69 92 47 48 56 46 42 48 55 81 83 75 91 104 102 105 92 87 88 90
26 27 26 39 22 21 31 30 24 20 24 17 23 14 24 30 19 29 33 35 36 42 28 36 41 40 33 34 41 32 33 37 58 45 65 74 67 72 63 70 95 95 101 110 96 84 91 96 89 26 24 34 21 46 39 48 35 39 39 42 40 52 60 65 81 78 63 82 72 61 63 60 53 33 40 38 33 24 29 25
68 66 69 65 80 58 66 53 53 51 48 42 36 99 79 82 94 89 40 32 36 41 27 31 33 43 47 43 30 28 43 36 71 64 63 53 73 52 58 53 88 100 102 105 91 85 95 84 90 143 141 167 153 91 93 94 97 96 74 89 96 107 45 42 49 58 46 45 43 94 85 69 84 170 186 171 92 78 90 96
65 69 55 76 66 56 71 69 49 65 45 42 52 68 85 82 93 87 23 46 39 28 41 39 45 35 25 33 51 41 43 38 67 56 46 60 65 58 54 52 55 63 48 64 65 95 72 84 78 157 145 126 145 60 59 69 55 42 58 57 79 71 75 62 82 85 65 75 62 120 105 120 131 102 106 104 123 129 138 129
126 138 119 150 125 125 132 144 95 98 82 104 95 100 92 85 110 107 55 63 58 59 77 55 55 57 53 45 50 53 51 68 94 104 103 121 75 103 105 106 76 70 75 82 88 87 99 95 89 108 91 108 106 81 70 79 86 83 83 73 85 86 59 41 59 57 60 47 55 36 28 22 30 44 35 37 23 35 27 24
111 108 102 80 87 98 85 86 103 82 77 72 82 65 85 75 58 71 15 15 19 17 18 15 13 9 17 18 17 21 19 15 27 28 27 28 34 19 29 24 45 56 49 50 63 29 27 29 19 29 34 26 29 58 50 34 56 65 46 36 51 50 51 67 40 36 53 48 45 30 22 34 29 39 28 33 20 30 26 28
24 32 33 30 25 20 29 34 20 21 24 19 22 20 29 23 18 18 35 30 27 42 35 37 43 39 39 46 37 43 36 40 78 66 73 68 67 89 70 66 67 56 67 69 77 82 83 82 83 97 106 105 85 30 31 46 38 45 36 35 44 42 39 30 41 30 34 29 33 79 60 58 65 41 33 36 19 21 33 29
145 151 144 147 151 166 164 176 132 106 115 117 115 118 140 152 148 135 68 60 68 66 67 57 86 81 78 67 70 67 70 70 144 120 147 142 118 108 121 134 97 104 94 97 100 76 95 73 87 92 100 112 84 56 55 69 74 70 67 73 71 63 49 47 40 44 41 36 56 93 70 66 83 101 110 102 83 88 91 86
61 60 78 76 67 60 56 69 46 51 55 55 47 54 45 52 50 56 78 72 61 73 82 58 57 63 79 85 71 62 87 68 71 69 62 71 66 64 67 51 26 23 21 17 23 24 28 30 22 27 28 24 25 52 53 56 38 53 47 52 49 44 27 25 35 29 31 35 33 71 76 57 60 44 38 33 27 30 28 26
27 26 28 37 22 24 24 29 23 27 22 18 17 12 23 28 31 17 37 37 31 44 50 22 32 37 36 35 37 25 44 39 60 72 53 67 57 82 71 71 60 69 74 107 86 102 99 88 94 26 25 33 36 11 8 8 11 16 7 15 6 18 34 37 37 37 43 35 41 51 46 54 75 45 35 29 25 19 26 27
107 106 100 103 92 90 75 128 68 74 87 79 74 100 142 112 117 125 15 12 9 22 17 14 11 18 18 22 18 16 16 12 36 21 25 27 27 26 26 32 72 65 58 51 52 78 94 84 84 119 151 152 138 96 96 100 94 94 84 89 107 99 56 53 48 47 44 58 47 78 76 83 78 108 123 121 111 128 148 142
24 28 28 27 25 31 37 26 24 25 25 24 20 22 19 26 24 22 68 63 69 66 50 54 59 56 41 43 49 55 56 60 33 21 26 27 31 32 25 32 53 53 46 57 66 28 16 16 37 31 23 26 35 47 48 34 45 39 42 40 48 42 7 12 14 14 23 13 15 18 25 32 26 43 30 42 59 64 74 79
25 34 28 26 22 29 35 32 19 14 28 22 21 21 25 12 23 28 66 68 81 69 75 87 80 76 69 58 76 73 79 78 69 87 73 66 69 75 78 63 70 68 63 71 57 96 90 92 96 33 20 31 22 41 40 47 44 37 38 37 49 34 16 12 17 13 15 14 17 26 20 40 30 40 42 30 76 69 71 76
175 150 138 162 169 163 149 151 121 129 116 152 134 128 126 125 125 121 61 71 78 69 81 57 63 62 61 79 54 77 76 58 108 116 118 123 144 125 150 130 104 111 122 120 132 147 152 133 140 85 93 78 71 71 59 81 87 78 61 68 81 78 103 98 93 106 98 94 101 122 106 119 123 148 153 159 178 164 186 188
56 63 67 78 65 68 46 57 49 52 48 56 55 44 52 44 41 45 36 44 41 40 45 32 30 30 46 35 31 29 33 28 53 51 64 62 57 64 53 63 16 25 27 22 17 33 12 22 31 33 23 23 24 36 54 41 46 49 53 56 37 47 59 74 75 74 78 74 82 51 52 64 66 44 28 34 30 34 25 22
31 16 39 32 28 31 25 33 25 13 25 28 22 55 61 69 54 52 88 77 70 72 81 71 68 63 86 74 67 83 74 70 58 48 65 73 63 89 59 55 25 26 22 21 25 29 24 16 28 17 25 26 36 16 8 11 9 10 7 9 10 18 9 14 14 14 12 17 18 27 26 31 27 30 40 32 60 55 75 66
123 134 143 143 141 141 128 161 105 102 117 91 110 111 99 95 94 105 38 46 34 25 29 44 43 24 27 33 30 34 48 34 73 55 60 67 81 64 60 54 27 23 24 21 25 17 20 34 34 107 97 83 106 74 75 93 82 73 81 80 69 63 68 61 59 71 65 82 70 45 58 57 61 72 93 79 107 116 110 107
117 112 121 125 137 137 124 139 113 94 130 89 110 137 126 117 144 145 93 80 61 85 78 67 71 65 60 55 64 61 73 67 121 122 124 140 122 144 132 140 107 103 103 95 107 137 148 141 145 144 150 138 147 100 116 119 95 87 97 101 104 115 99 108 110 91 103 93 105 183 176 199 175 207 240 229 161 143 147 164
193 76 176 189 124 62 181 58 151 168 74 55 43 152 33 161 162 78 27 40 80 113 66 53 85 29 115 151 21 126 32 123 46 146 96 80 35 133 69 95 68 31 117 144 42 167 31 120 59 93 129 81 106 118 35 13 105 32 71 47 77 23 114 61 81 54 101 81 89 137 180 196 130 212 128 147 135 145 112 199
208 430 661 895 1106 1313 1500 1702 1896 2075 2234 2417 2584 2778 2965 3154 3353 3561 3697 3821 3969 4124 4266 4398 4529 4668 4808 4963 5095 5230 5370 5526 5685 5832 5995 6152 6311 6470 6636 6791 6964 7143 7318 7492 7686 7859 8044 8236 8414 8588 8762 8947 9126 9259 9388 9520 9638 9752 9876 9995 10126 10254 10396 10521 10661 10800 10917 11061 11195 11397 11592 11812 12006 12235 12500 12753 12950 13131 13337 13545
14 33 20 14 29 30 49 48 27 24 18 19 17 10 18 12 14 60 42 13 25 16 33 10 19 14 33 38 11 28 40 24 52 28 13 36 38 18 12 1
