40 80 60 65931
29 26 37 40 79 74 80 78 82 77 77 40 35 42 21 31 17 21 21 26 17 25 26 41 18 32 25 25 39 53 71 58 72 60 70 68 51 74 79 78 82 78 82 100 84 67 88 83 23 28 28 28 25 30 22 24 26 20 96 76 90 109 112 111 107 95 111 109 116 81 101 76 85 90 86 69 78 92 72 76
49 27 39 36 15 24 21 23 24 14 19 56 35 53 64 67 74 62 67 63 31 25 29 31 28 35 28 34 35 131 124 123 132 125 120 138 131 128 123 118 121 119 122 95 35 38 39 39 24 22 26 19 18 22 23 22 23 32 42 30 49 34 37 48 33 33 35 45 34 41 41 69 57 50 48 73 77 62 60 66
98 92 94 97 98 101 100 96 89 90 100 171 158 165 103 102 121 117 103 102 22 34 29 27 34 37 31 39 25 12 19 14 14 16 16 16 11 56 49 65 51 62 60 51 91 79 88 102 22 23 32 20 25 114 111 101 79 116 29 50 51 134 128 149 120 85 105 89 105 79 74 77 81 82 84 75 81 78 92 82
36 26 23 30 21 14 24 15 23 14 22 64 42 43 71 51 57 56 65 59 109 76 99 82 99 71 72 71 58 38 47 49 40 50 44 39 41 58 63 60 61 78 65 69 24 33 29 37 25 38 22 28 29 24 23 23 24 15 71 96 82 34 24 33 34 31 22 31 33 16 20 21 22 20 16 33 27 28 26 27
141 125 120 114 67 53 87 87 71 75 69 156 139 140 111 99 101 90 93 133 57 65 64 80 79 57 74 60 64 83 84 92 89 87 70 80 76 89 85 88 80 84 82 76 37 27 47 25 22 16 24 31 15 18 31 24 26 26 78 96 91 118 136 128 145 138 120 126 127 72 87 85 94 71 81 81 70 97 72 91
37 30 26 35 64 82 73 85 90 93 98 49 52 52 18 21 23 25 18 25 81 60 54 62 60 31 25 30 33 13 17 18 17 8 13 13 16 15 17 13 17 18 17 14 38 24 31 16 87 70 61 73 89 22 23 32 33 29 85 87 86 32 28 32 32 26 30 36 26 23 23 28 21 29 20 19 25 19 31 15
38 34 38 42 29 24 12 17 13 23 26 54 41 43 50 45 48 62 49 71 26 24 25 34 25 33 25 26 26 56 59 51 60 42 49 56 66 20 22 25 13 14 12 13 83 72 114 83 33 20 22 29 24 103 72 92 88 86 136 98 108 26 33 30 34 31 21 33 24 24 25 25 18 27 21 37 24 31 30 29
40 44 28 31 18 14 17 18 17 13 16 33 49 51 12 28 19 18 23 18 47 53 59 54 53 79 79 83 65 34 35 37 28 42 41 22 26 50 50 41 34 34 50 47 33 36 43 35 31 33 30 17 30 82 79 86 74 85 39 46 43 33 28 35 39 38 31 36 44 71 74 59 49 69 70 87 81 70 86 89
76 61 73 73 47 49 37 42 40 47 50 23 48 46 73 66 66 58 56 71 31 30 28 20 26 31 33 42 30 8 15 19 10 20 15 13 21 16 9 18 18 12 19 16 95 97 95 69 29 20 21 27 22 28 28 31 31 30 41 38 43 30 33 36 26 33 27 37 30 23 29 22 18 26 29 23 26 36 26 33
37 45 28 31 21 18 16 15 18 24 19 42 43 39 56 74 68 58 61 71 27 22 23 24 26 29 28 26 29 58 58 57 64 72 70 55 53 80 77 88 91 81 86 83 43 25 35 23 19 26 19 35 23 34 19 24 22 19 38 37 33 29 26 32 29 30 28 20 30 141 121 123 135 141 140 73 75 93 65 79
24 23 29 31 15 25 24 17 27 18 24 36 51 46 59 72 68 73 50 74 108 127 102 125 131 80 94 73 99 81 94 100 84 105 83 85 78 30 43 45 40 44 46 44 47 43 32 30 32 15 29 16 26 21 25 27 26 28 39 36 38 41 35 38 31 39 25 27 32 61 56 70 54 69 68 69 61 58 65 53
31 34 29 34 74 90 68 77 73 77 77 40 37 40 55 57 59 56 56 64 33 24 28 23 33 33 32 25 26 17 16 14 15 21 15 21 18 67 59 64 59 48 65 48 73 94 78 81 27 19 26 18 24 28 14 24 25 20 33 34 45 33 24 28 42 39 37 33 35 24 17 23 20 16 26 24 30 32 37 27
38 32 31 38 18 20 18 14 21 12 19 46 41 51 28 19 19 17 20 19 70 57 61 61 91 68 84 64 66 108 123 140 102 91 102 113 127 94 110 93 110 105 128 102 111 92 70 97 25 25 26 25 23 90 105 105 97 94 38 44 43 28 42 33 27 21 26 35 33 18 22 29 26 22 29 24 27 30 32 33
41 29 27 38 21 16 17 16 14 10 17 37 50 37 55 43 57 66 54 55 24 28 36 28 30 41 37 37 33 16 22 14 18 20 18 20 23 21 17 15 20 8 19 17 27 36 39 38 86 76 79 71 100 39 29 27 23 30 37 41 39 125 127 119 162 99 100 109 102 138 157 184 138 149 143 75 65 79 69 90
27 29 37 28 25 24 11 21 21 19 12 36 38 38 19 14 19 25 28 20 72 77 68 73 69 75 68 76 83 24 33 32 31 35 36 42 29 40 48 45 39 49 55 57 101 105 99 112 106 82 99 91 84 31 32 28 23 28 43 47 59 98 121 100 82 81 104 103 98 81 71 86 65 52 82 91 77 92 82 90
39 35 30 28 13 18 24 19 16 9 11 47 45 40 27 28 21 32 17 14 50 75 65 60 57 78 76 81 92 93 68 71 71 93 72 89 71 43 46 35 37 32 41 39 31 43 35 41 92 81 79 66 106 81 86 96 68 84 54 48 46 30 38 26 27 28 34 23 33 15 16 26 22 15 23 24 28 20 27 27
104 115 112 110 65 61 55 72 72 65 51 132 147 134 102 102 94 91 109 100 35 14 35 28 23 40 31 35 44 90 101 95 96 89 118 105 106 107 114 104 105 108 116 125 22 34 33 23 27 19 22 18 31 20 25 16 24 28 109 101 105 34 43 42 26 38 36 18 37 106 102 89 80 105 109 22 18 24 35 21
29 37 29 27 19 19 15 15 16 17 14 41 35 50 64 58 56 61 65 60 65 68 52 67 63 19 30 42 42 66 65 60 51 64 57 51 61 14 20 22 24 12 16 20 100 85 86 84 29 22 30 33 25 18 22 22 24 26 39 45 46 100 118 106 93 133 137 130 133 93 79 91 77 86 72 81 95 70 94 100
78 67 76 71 45 43 42 53 48 47 42 38 27 43 31 25 27 25 25 16 18 19 30 18 23 31 26 32 36 105 108 104 91 116 92 98 101 60 82 74 74 84 65 80 37 30 34 42 99 80 79 85 79 73 89 91 90 81 39 35 35 38 32 29 35 31 26 35 43 22 25 27 17 29 28 33 23 28 22 28
89 97 87 89 64 76 71 81 54 67 73 150 137 158 96 86 101 82 93 80 17 22 25 18 25 36 30 27 38 20 14 18 11 12 26 17 17 36 52 47 42 46 46 45 82 103 99 108 105 98 114 87 98 19 24 25 21 26 125 103 117 28 36 29 27 40 37 40 34 64 77 70 60 62 52 72 64 66 67 59
102 107 90 112 52 52 44 58 60 44 52 135 109 129 104 102 111 88 92 122 35 19 24 28 27 38 34 36 30 10 16 17 15 13 12 20 10 60 62 42 47 57 70 73 34 40 38 29 79 79 72 85 84 26 35 33 28 26 44 39 51 26 34 33 34 32 41 36 35 30 23 28 27 19 18 21 24 20 25 18
98 106 120 81 117 145 111 162 142 122 132 122 160 136 114 102 80 102 91 83 81 83 74 60 64 64 64 68 64 29 33 36 36 31 42 37 27 66 87 101 76 88 81 82 36 30 43 36 22 36 32 27 20 26 22 32 25 27 42 35 43 102 118 93 96 96 106 95 85 114 145 127 138 114 108 145 178 163 142 163
29 31 31 25 24 22 19 13 21 19 22 34 47 43 27 12 21 27 21 26 56 48 59 62 60 77 67 67 72 70 75 71 64 78 82 67 60 95 119 115 102 116 101 102 29 37 39 27 86 63 71 78 92 33 35 29 31 22 40 37 39 32 21 39 36 45 28 32 33 33 21 21 20 25 28 17 26 27 24 20
86 81 87 79 33 28 37 39 24 48 34 26 48 43 21 23 24 26 19 20 34 29 30 33 24 23 37 25 29 23 16 17 17 20 16 16 19 18 23 20 26 20 21 22 27 22 30 29 21 22 25 17 23 29 31 27 23 31 120 99 127 38 29 27 32 29 32 37 37 25 21 24 21 23 26 24 28 22 31 30
170 184 152 171 139 140 149 128 146 137 144 154 169 155 109 110 117 128 130 113 67 57 59 56 54 67 61 75 57 41 36 41 40 35 49 43 40 70 83 75 77 77 91 87 33 37 33 33 105 109 85 73 87 26 22 29 24 33 43 48 44 23 22 28 35 32 36 34 38 30 27 20 22 30 22 22 29 35 27 30
28 34 42 39 61 68 73 57 59 66 52 45 46 38 30 20 18 20 24 23 57 61 73 59 79 29 33 25 27 15 22 13 16 16 16 17 17 20 16 27 23 16 18 23 102 98 104 96 76 85 86 97 112 25 22 28 30 25 43 56 46 86 117 114 105 89 117 86 95 72 74 70 74 71 85 103 91 102 79 99
74 80 96 86 44 52 51 48 50 40 36 45 41 45 47 55 62 50 49 53 88 87 87 75 87 91 86 74 69 88 111 92 86 104 110 104 74 28 48 43 50 48 41 47 36 34 38 29 23 33 19 17 26 27 27 19 23 23 40 49 49 29 30 36 25 30 30 26 32 23 18 18 13 20 19 27 33 27 33 30
67 80 85 87 87 101 96 106 80 113 80 48 43 44 26 16 22 31 21 16 24 33 28 31 21 32 34 37 25 57 36 61 43 62 55 52 55 73 53 60 63 52 57 57 38 23 27 27 30 21 19 23 17 93 100 74 106 95 123 109 116 31 32 22 31 32 26 34 36 22 18 20 21 22 19 28 43 30 21 30
130 112 111 111 59 65 79 70 66 61 74 150 142 161 132 107 127 117 124 122 26 24 30 30 27 38 29 30 37 51 45 48 56 57 58 52 67 55 33 52 65 49 59 47 37 40 32 38 30 32 29 22 27 29 42 25 26 27 83 99 81 31 33 41 41 27 34 33 30 127 128 121 131 120 152 64 63 58 59 65
114 90 96 94 75 70 61 76 63 73 85 125 138 145 99 88 89 87 86 104 27 20 21 29 30 22 34 34 37 20 18 17 24 18 14 24 18 37 56 44 45 48 40 49 41 31 29 32 27 30 23 25 28 103 101 104 85 78 53 42 54 137 112 144 132 107 109 112 112 112 125 118 124 104 112 123 128 117 142 125
34 39 38 40 77 67 83 83 85 69 76 32 35 44 27 20 12 20 15 14 66 59 58 57 48 32 29 30 29 57 74 82 57 77 71 69 68 84 65 85 64 63 68 54 44 31 39 33 24 21 22 30 24 98 120 107 111 115 122 114 104 33 31 30 30 27 29 40 25 24 20 20 20 24 21 19 22 21 25 29
27 23 37 29 13 13 13 17 28 14 16 51 45 37 48 68 51 52 55 54 34 35 22 41 20 30 38 30 35 58 58 62 70 63 54 69 65 121 117 123 105 125 114 128 29 28 35 25 23 21 26 31 34 75 87 73 87 76 41 38 33 95 129 105 117 115 123 133 121 66 69 60 70 75 64 76 87 84 97 84
81 81 72 93 51 44 44 36 47 45 50 40 35 45 19 17 17 25 24 20 49 67 48 51 54 51 67 86 66 46 43 32 35 44 44 35 46 45 51 42 46 35 45 46 36 37 40 37 112 90 104 113 97 109 115 91 94 108 44 50 47 39 36 37 37 24 33 30 35 81 83 74 80 99 75 33 25 16 35 28
43 27 40 26 79 84 90 65 80 89 78 40 28 55 53 44 59 51 56 57 21 30 25 38 28 28 30 30 34 10 17 14 9 15 22 24 16 15 23 19 18 8 21 20 26 30 33 33 28 37 31 23 25 105 113 108 109 113 53 37 54 130 131 119 137 135 124 121 118 106 114 122 123 93 119 88 121 134 94 133
36 38 27 43 20 21 21 16 13 23 20 52 43 56 52 59 73 56 54 51 56 57 63 54 57 65 64 79 65 42 35 27 37 39 40 36 39 43 39 43 41 31 45 40 40 29 28 28 30 24 26 29 26 19 19 26 21 24 49 47 40 143 119 109 126 146 110 109 106 79 56 69 83 77 92 82 92 96 115 112
22 31 32 32 57 66 74 70 71 61 68 47 39 50 57 65 63 65 60 60 74 76 60 59 86 31 35 28 28 15 12 11 14 14 13 16 13 58 50 41 47 55 47 56 102 79 98 131 29 34 31 28 26 74 100 116 107 113 44 37 53 31 31 33 29 31 22 33 24 18 23 25 16 24 21 32 29 33 30 15
26 34 22 34 74 54 54 83 69 74 66 45 48 40 26 17 25 21 28 28 80 80 68 68 61 57 70 87 72 40 32 47 47 36 36 39 37 48 52 60 39 48 45 57 47 34 27 37 23 24 16 34 33 23 27 25 23 40 94 87 74 25 27 18 37 24 32 32 29 77 89 82 92 96 109 27 30 30 32 26
30 31 31 46 68 82 82 81 75 71 79 44 37 39 22 21 32 15 25 22 56 62 48 58 65 71 85 92 88 33 36 36 41 36 40 31 37 43 38 37 49 44 48 50 42 41 33 32 21 21 24 28 25 29 38 27 30 23 56 36 48 35 32 31 39 31 35 29 33 71 84 83 85 66 69 31 29 25 22 22
23 34 31 31 67 58 76 52 61 59 57 48 44 42 58 42 44 44 48 53 21 21 30 32 21 28 23 26 31 74 65 64 71 59 57 63 71 123 109 122 102 98 111 88 95 60 94 95 33 29 21 26 28 26 21 27 27 29 46 53 41 41 32 42 38 26 26 26 33 68 82 67 64 68 70 56 55 62 71 62
40 31 24 47 84 85 83 65 100 74 66 42 46 41 19 18 22 18 22 22 28 23 28 29 18 33 29 30 37 14 21 13 14 12 10 15 17 25 15 28 13 11 18 26 46 26 34 28 96 98 80 92 105 70 100 90 99 101 59 45 48 32 19 30 29 32 27 24 44 19 20 21 24 26 24 24 24 36 32 37
171 356 509 681 821 967 1117 1280 1427 1565 1710 1882 2052 2218 2351 2462 2590 2719 2850 2984 3094 3222 3325 3451 3583 3675 3770 3863 3963 4095 4220 4361 4494 4620 4741 4880 5012 5141 5265 5389 5511 5637 5766 5895 6007 6113 6228 6360 6473 6583 6698 6812 6925 7040 7161 7278 7390 7507 7644 7759 7887 8031 8168 8318 8481 8628 8766 8900 9034 9176 9334 9519 9658 9808 9961 10107 10286 10450 10593 10757
16 30 18 39 15 36 39 29 47 27 31 33 14 20 21 17 12 27 21 17 28 10 37 51 22 20 24 26 16 16 25 19 30 20 16 20 24 27 23 37
