40 80 60 76642
97 82 90 71 91 77 88 78 80 97 84 78 72 31 29 32 36 27 33 26 27 38 34 32 29 34 37 37 26 47 50 37 33 31 40 42 44 37 32 35 32 43 35 34 71 74 67 75 55 67 74 77 19 17 15 13 20 7 23 43 50 47 47 37 38 41 44 7 11 22 13 17 9 9 16 18 26 19 22 21
99 105 112 111 110 109 76 82 93 76 68 68 75 182 181 173 135 145 154 168 172 178 164 133 141 155 164 161 209 177 180 102 110 109 114 98 90 95 110 124 125 111 110 112 174 189 149 163 107 123 102 99 57 78 71 83 60 72 88 68 66 58 74 61 68 61 84 44 34 42 53 42 46 34 53 42 54 49 41 35
52 39 54 57 56 58 39 52 57 52 56 72 58 131 125 99 98 107 99 131 118 130 94 103 124 104 128 111 102 100 118 56 63 57 60 73 54 63 70 83 86 79 78 70 102 104 125 136 58 69 76 71 74 81 82 80 75 80 79 86 63 80 93 82 77 77 87 9 19 11 11 19 14 18 17 19 14 15 20 25
46 55 71 56 72 60 43 30 29 36 42 40 47 36 28 49 36 48 41 41 44 40 39 40 34 31 27 40 34 41 35 12 16 17 14 24 22 12 27 10 19 24 23 19 28 21 28 18 24 25 37 31 45 46 32 45 41 56 49 76 70 74 63 61 68 76 60 71 66 62 70 71 68 78 41 43 49 44 52 42
47 42 52 54 45 39 46 45 38 44 43 42 41 97 107 93 88 98 98 92 99 100 102 108 116 92 104 101 80 91 76 115 119 121 122 132 118 139 130 139 133 114 146 121 101 114 125 132 120 107 105 121 102 107 89 111 86 101 114 91 81 103 72 83 101 104 86 74 62 79 67 87 70 66 71 72 72 79 56 64
112 104 122 101 118 129 73 83 79 70 85 89 74 95 106 98 99 95 96 118 106 105 90 80 81 102 90 87 89 85 89 57 56 79 71 71 61 62 102 77 101 99 105 106 84 83 74 83 55 73 60 58 71 79 72 78 68 66 56 52 67 62 69 57 64 60 57 56 65 66 57 71 72 64 70 81 82 77 75 72
17 16 24 18 19 23 52 45 45 48 52 57 54 42 41 35 38 31 41 30 39 38 34 52 33 29 32 39 29 47 40 16 22 8 16 21 20 15 18 16 19 21 14 19 20 25 22 22 36 18 27 23 88 62 72 77 76 74 92 73 67 57 76 88 83 97 74 24 16 19 10 14 16 11 15 13 12 11 14 26
89 98 118 101 89 101 80 91 87 93 80 70 101 90 84 104 97 103 92 78 93 107 129 114 139 104 113 109 111 115 120 56 59 57 57 39 62 59 48 53 63 58 54 59 78 109 101 100 20 22 31 30 61 73 80 61 74 83 88 86 81 102 85 93 76 78 57 67 67 73 70 74 82 70 62 57 46 53 59 62
91 74 77 83 78 90 50 37 35 30 53 42 34 125 120 128 123 129 105 116 143 119 93 116 114 110 103 106 100 94 98 58 33 49 53 60 51 52 20 20 16 25 19 15 27 25 24 21 17 29 33 20 72 83 80 81 96 90 96 43 53 50 38 40 59 39 45 46 40 48 42 37 48 37 56 34 46 39 26 38
86 74 79 73 76 78 52 69 61 60 55 62 51 92 76 102 69 86 93 107 108 111 87 115 103 117 104 96 90 80 90 75 68 92 80 83 92 74 80 73 78 89 99 88 65 72 63 58 64 74 65 66 36 31 42 39 37 35 35 30 30 30 30 32 31 33 18 74 75 77 73 86 79 92 77 80 83 76 72 72
54 52 41 54 47 41 59 53 61 56 60 55 40 97 107 94 118 121 131 114 101 110 105 115 123 109 145 124 91 102 96 51 36 45 44 43 43 48 48 54 49 48 63 51 27 37 21 33 23 15 27 25 62 37 47 55 57 49 49 41 38 40 36 50 33 38 44 36 40 33 34 31 30 38 62 46 54 37 53 56
84 103 99 70 89 91 63 76 72 68 59 67 60 73 91 81 90 106 120 107 98 79 90 85 86 115 88 87 93 79 87 86 86 77 95 102 86 76 104 102 100 99 109 107 107 109 107 100 127 113 125 126 75 66 55 55 83 62 70 73 77 76 60 63 51 59 49 59 54 50 54 60 60 64 46 33 35 40 43 34
46 44 38 42 45 32 41 40 46 50 41 53 39 110 94 86 99 103 93 97 114 109 76 78 80 68 89 90 89 79 71 62 76 67 77 67 73 74 89 88 82 86 84 72 66 57 59 59 107 110 91 111 71 74 75 89 73 79 83 64 68 73 57 60 63 60 73 67 63 77 66 72 74 61 85 85 71 69 67 84
18 20 16 23 18 25 18 22 16 9 16 17 16 33 20 39 27 39 23 25 37 27 35 39 38 36 42 43 21 28 41 29 41 35 33 25 42 36 53 45 50 50 38 49 76 66 65 67 59 57 59 52 46 53 48 55 39 41 44 31 40 32 31 33 34 42 31 79 72 78 89 106 79 69 59 62 73 78 84 63
68 89 60 71 66 71 72 92 84 88 64 76 66 45 38 40 35 34 41 47 40 21 29 36 35 29 37 28 35 35 39 53 45 45 46 51 53 53 84 57 64 57 59 65 23 34 25 24 17 29 20 24 21 11 13 11 13 18 13 10 12 13 21 19 14 18 16 33 51 51 45 39 41 48 49 46 30 53 48 34
21 10 16 20 26 21 16 16 14 12 17 17 12 26 26 41 29 47 39 37 54 34 39 35 40 38 34 43 34 39 43 15 11 23 9 19 14 22 12 17 19 23 17 17 23 25 26 20 32 26 22 24 80 78 55 60 53 69 70 69 79 70 57 54 65 62 69 92 84 112 93 98 91 97 101 93 72 86 91 83
62 84 81 72 86 82 35 42 48 49 44 32 42 43 30 43 23 40 44 33 44 48 42 38 40 41 32 39 36 36 25 50 42 52 52 46 51 42 20 21 18 14 9 23 20 36 20 26 24 24 19 23 8 12 13 18 16 13 14 45 50 44 39 46 38 40 49 13 12 11 14 11 12 15 16 11 19 26 20 14
113 134 114 126 102 117 76 65 63 51 62 77 70 114 117 92 114 123 114 82 93 98 97 103 100 106 111 109 112 95 70 43 46 65 59 49 57 55 47 60 59 77 57 50 24 24 19 30 28 23 22 34 56 60 59 59 52 67 53 78 89 64 78 85 68 71 82 21 16 10 10 18 5 11 18 16 10 17 18 12
64 63 50 60 53 58 78 96 76 75 77 80 85 40 49 34 32 31 37 40 38 31 37 45 40 32 31 33 25 36 29 13 18 14 9 13 13 14 19 20 25 25 18 16 34 35 28 25 32 28 24 35 83 73 52 74 74 78 64 74 83 79 71 81 79 69 78 66 45 59 50 66 61 74 77 103 96 78 83 77
52 40 50 56 47 42 11 14 14 22 12 16 13 38 27 39 30 36 41 38 24 40 48 37 26 36 32 29 33 30 30 14 13 11 9 13 18 14 21 21 23 20 17 18 31 31 32 23 23 19 24 26 19 11 13 14 8 14 21 33 39 38 40 29 34 39 46 10 19 11 15 21 13 13 10 17 14 19 18 14
61 53 61 55 48 77 44 44 40 49 38 36 41 37 34 41 34 23 43 32 22 35 28 34 35 39 29 38 44 27 30 30 40 33 25 39 34 37 37 43 26 36 31 42 57 60 84 56 77 60 51 57 35 27 33 40 39 42 37 42 37 43 48 49 41 51 52 26 26 36 42 27 24 25 16 20 12 28 18 19
94 101 89 95 100 96 64 64 73 60 74 79 67 86 94 95 87 102 102 104 95 114 120 108 97 100 97 110 88 83 101 15 14 17 10 25 11 16 17 19 20 16 12 14 25 29 25 31 75 61 62 69 96 91 92 95 82 99 105 73 76 68 66 70 71 70 75 50 40 56 43 46 41 56 44 41 32 40 50 60
90 68 78 84 73 74 41 41 42 53 50 41 39 107 105 103 114 117 123 100 88 90 126 117 104 120 94 104 106 90 105 31 50 55 42 39 42 45 50 53 67 62 52 55 98 89 77 92 19 33 26 25 85 86 84 114 79 90 98 49 52 56 57 56 45 49 48 47 36 43 41 43 49 56 41 37 47 33 40 40
105 107 102 87 89 91 99 93 75 106 78 75 97 106 120 113 112 108 110 106 110 126 124 103 112 99 120 125 116 107 120 63 50 46 44 54 50 57 21 24 22 17 21 17 27 27 24 19 29 28 19 28 61 72 73 74 79 56 76 79 74 63 70 80 82 81 68 61 76 64 46 66 82 63 88 73 62 65 86 74
25 38 33 38 47 47 14 8 12 16 18 10 11 32 44 39 27 39 38 41 27 26 33 33 43 46 42 34 29 35 31 40 54 56 45 44 52 37 39 51 48 43 47 64 32 26 26 25 24 20 24 28 11 15 12 14 8 21 7 12 13 13 15 13 17 18 18 34 44 34 31 46 33 34 19 14 12 16 24 19
47 36 38 46 45 39 18 16 14 14 13 14 11 33 28 33 46 38 41 40 31 29 32 32 30 40 32 49 48 31 36 119 116 125 116 119 117 117 92 84 78 73 86 82 56 68 61 75 50 72 49 55 44 49 39 56 38 57 45 41 34 34 41 49 28 44 39 44 47 40 38 47 36 49 58 53 47 59 71 53
112 94 107 113 123 125 61 61 65 61 55 58 64 98 82 78 90 91 94 80 92 72 103 102 104 86 76 72 94 98 99 142 142 130 131 117 129 139 85 79 71 81 75 86 57 78 56 50 93 74 77 68 68 59 74 64 68 75 75 44 54 43 61 40 62 52 53 46 55 58 51 55 78 56 96 76 82 79 87 101
40 47 39 50 46 43 39 49 42 38 35 50 49 81 88 93 73 111 74 96 76 97 125 93 105 81 70 84 111 101 105 114 121 102 105 116 122 92 88 109 115 94 93 90 75 92 57 81 62 64 68 66 86 85 100 85 90 87 95 83 75 72 81 64 92 95 67 85 84 58 75 56 73 57 63 89 68 81 82 62
51 51 57 55 56 51 47 51 36 46 47 48 42 115 132 99 108 85 88 118 108 113 118 138 113 82 95 103 96 99 93 57 74 61 69 67 72 52 82 85 61 72 59 78 117 136 140 141 58 67 59 70 76 89 78 72 76 77 93 54 53 67 56 69 70 72 63 61 54 59 79 53 71 69 82 79 81 94 70 84
15 13 24 17 12 13 52 51 53 55 65 51 56 33 29 33 32 29 48 44 43 35 40 30 40 34 40 28 28 39 30 82 80 75 67 77 95 94 86 74 88 92 97 75 73 71 58 61 117 105 109 109 16 16 11 12 13 20 13 11 12 17 10 12 11 13 21 37 42 35 46 33 39 33 32 42 36 48 46 42
93 89 70 108 86 76 32 49 43 39 48 39 47 128 126 102 94 107 119 114 89 97 109 121 128 103 97 124 145 86 135 17 14 12 16 16 7 9 24 17 16 14 20 17 25 31 23 22 22 33 22 23 106 105 146 107 96 116 109 73 73 91 85 84 75 91 92 70 49 41 46 50 47 47 59 48 70 66 47 54
15 18 23 18 15 26 19 12 18 12 12 11 11 39 31 30 29 46 32 32 33 33 39 42 40 35 27 42 46 28 44 97 105 85 81 73 75 88 32 43 36 38 44 40 50 56 59 47 62 45 47 62 29 37 42 31 40 31 42 29 29 39 35 38 27 39 29 46 40 48 49 42 53 50 62 50 56 64 71 34
106 73 91 72 83 99 52 49 50 55 45 63 53 128 119 117 120 102 104 118 142 115 81 111 93 108 113 119 123 111 114 12 16 14 11 14 14 16 22 18 15 23 20 13 97 92 99 89 35 36 24 30 80 66 66 83 87 66 77 76 81 72 75 64 71 76 64 25 42 32 35 32 24 34 16 18 13 16 13 13
57 49 53 31 40 36 64 79 72 68 77 78 64 30 37 47 35 27 34 35 31 38 33 45 38 48 28 29 35 46 41 57 51 44 51 51 42 57 43 54 56 54 65 54 25 27 31 20 51 55 62 80 33 33 36 28 39 46 38 42 32 37 40 40 30 26 35 46 41 46 46 41 47 53 43 59 60 58 68 54
15 21 21 18 18 18 68 46 53 47 46 60 59 50 36 32 44 32 42 31 45 23 40 43 35 23 29 40 39 38 27 83 90 102 80 89 103 77 32 36 53 28 49 27 57 75 62 58 65 65 58 60 46 39 41 51 39 49 26 10 16 16 14 15 14 10 9 46 38 39 41 44 42 48 45 35 50 53 57 50
13 27 18 19 17 24 32 46 45 42 41 50 38 38 34 37 30 34 36 28 39 41 36 26 35 38 41 31 31 39 34 91 74 109 108 81 83 97 53 39 58 49 49 42 59 71 66 80 58 51 68 57 64 59 50 65 59 61 63 30 35 29 42 34 32 29 26 67 39 45 52 35 53 61 42 58 54 62 52 51
22 13 16 22 15 15 44 55 49 53 42 54 49 43 38 35 29 32 32 37 29 36 44 30 43 38 23 29 33 29 34 14 11 14 19 13 23 15 16 17 22 18 13 20 26 31 26 24 80 87 66 76 73 59 67 41 62 54 61 43 28 36 35 31 35 40 41 85 81 78 64 84 78 78 89 79 82 73 95 91
39 44 36 33 42 44 60 48 41 46 49 47 44 33 28 34 34 36 21 43 42 39 35 35 42 26 33 31 31 30 37 14 12 17 13 15 19 17 14 13 17 17 15 16 22 22 44 33 23 28 17 28 47 44 37 36 40 38 46 14 13 13 13 20 11 18 13 43 47 49 48 46 59 62 33 37 38 46 39 47
88 83 65 68 85 83 64 72 65 70 51 50 47 98 94 104 88 82 87 94 107 104 104 80 78 99 103 103 103 85 85 114 123 103 111 120 109 120 89 95 83 96 90 88 86 66 62 79 96 89 92 87 59 77 68 71 61 57 51 73 57 58 54 43 60 67 53 68 70 69 69 74 76 71 94 89 99 86 83 91
82 106 121 123 123 124 99 90 88 78 89 107 85 138 126 148 131 142 126 162 106 170 118 132 137 109 111 133 187 138 170 139 95 121 127 96 98 130 100 106 127 78 87 109 102 95 127 82 79 71 78 69 92 61 98 79 62 93 110 58 80 59 47 64 82 74 76 80 47 77 92 78 90 64 47 88 85 43 79 68
114 249 372 499 623 753 853 950 1044 1151 1241 1349 1451 1634 1816 1990 2126 2272 2427 2596 2769 2948 3113 3252 3394 3550 3715 3877 4087 4265 4446 4589 4732 4863 4995 5128 5258 5398 5529 5669 5803 5918 6065 6187 6362 6552 6702 6866 6994 7118 7244 7371 7478 7586 7733 7848 7945 8062 8177 8269 8359 8463 8557 8651 8753 8858 8951 9044 9129 9242 9336 9443 9535 9633 9735 9839 9939 10034 10130 10232
35 6 17 36 14 16 41 17 21 17 18 15 21 39 37 42 26 16 27 59 42 12 16 19 59 29 11 17 8 27 17 28 16 32 40 24 30 44 8 1
