20 40 60 63629
53 58 58 56 52 71 16 25 22 26 20 47 50 53 38 44 59 46 31 41 34 31 87 60 63 58 57 33 27 28 108 124 111 111 110 58 84 57 73 61
9 12 14 19 23 12 29 29 22 31 25 75 67 70 72 71 71 71 31 35 33 37 24 34 26 33 25 38 31 44 19 26 22 22 20 38 25 25 29 21
49 67 77 71 59 60 50 53 53 56 52 27 45 41 37 43 41 32 121 121 137 137 113 95 150 112 117 109 131 113 140 154 163 149 148 145 140 125 124 128
55 40 48 40 39 35 29 18 29 16 31 31 34 39 40 31 53 33 32 35 27 38 82 63 69 60 79 34 51 35 16 28 16 17 22 13 23 19 27 20
78 72 73 75 57 64 19 23 24 38 23 54 47 65 61 53 47 62 38 40 36 38 23 34 31 33 22 45 34 32 110 111 118 100 105 20 32 27 19 38
50 48 40 38 45 41 26 19 33 28 37 60 54 70 57 78 68 73 33 33 27 37 18 27 18 22 25 27 39 29 24 21 25 28 21 87 76 74 68 64
62 69 60 59 70 71 82 73 79 80 61 60 57 62 53 49 50 67 59 68 57 52 87 68 72 80 75 64 92 68 91 80 81 82 91 49 68 56 46 54
59 59 59 77 76 46 75 71 81 75 71 23 14 18 12 14 20 20 43 52 47 55 18 17 15 14 22 36 41 35 29 40 30 27 16 31 34 25 38 15
59 62 52 65 46 58 61 58 59 63 74 24 17 18 28 15 23 25 28 29 31 21 51 51 46 51 45 27 42 19 37 20 23 18 45 78 65 61 61 81
40 46 32 47 43 42 63 99 92 97 88 49 33 48 38 40 43 52 102 102 103 110 47 42 37 53 43 112 114 127 117 125 118 136 144 108 102 99 93 111
77 65 72 64 69 66 16 12 14 20 25 50 78 60 67 58 74 52 88 98 80 93 52 40 49 60 53 29 21 32 12 16 18 15 19 23 28 31 24 30
68 57 63 70 68 61 91 93 77 92 79 61 61 49 63 53 64 34 75 62 67 72 102 120 107 111 110 67 63 71 116 104 103 106 115 144 147 147 146 126
57 60 51 55 52 65 16 16 15 17 17 26 19 14 19 24 20 18 24 23 25 26 46 54 43 45 48 32 46 35 18 25 14 16 12 30 26 29 20 28
19 29 25 34 22 22 87 67 66 57 66 11 13 11 13 18 13 13 38 44 24 31 66 69 72 70 65 20 29 36 19 24 20 27 17 56 79 79 77 63
16 18 24 26 19 28 28 29 14 28 27 56 62 62 77 63 71 60 28 44 43 33 71 63 73 82 69 31 37 36 59 73 49 55 68 11 24 20 17 17
15 10 12 17 19 15 51 49 59 46 48 69 82 69 61 67 57 55 14 37 27 28 16 30 21 16 19 41 48 40 20 21 18 16 15 15 22 16 22 19
21 22 20 24 19 26 23 38 21 27 22 39 41 26 38 54 34 41 59 51 62 52 64 66 62 79 52 30 28 32 15 10 22 20 18 23 17 17 20 15
13 21 10 16 14 19 73 61 70 57 71 15 9 10 11 12 10 10 58 74 60 52 14 21 15 16 19 48 55 44 96 92 109 91 94 30 23 21 23 19
34 46 42 37 45 57 71 76 79 58 64 60 59 67 65 57 58 73 94 100 88 88 62 48 50 48 50 77 66 76 121 113 121 119 129 55 61 82 81 57
83 80 77 59 74 84 58 104 96 45 79 81 28 44 62 84 58 68 113 111 133 90 109 107 141 106 127 114 113 129 147 150 150 155 140 108 128 121 102 131
87 171 257 343 428 514 615 725 827 935 1033 1117 1208 1286 1372 1459 1541 1622 1756 1890 2042 2194 2319 2452 2618 2742 2872 2996 3141 3282 3438 3608 3788 3953 4117 4278 4441 4604 4766 4908
43 93 19 55 61 62 23 55 50 28 53 34 72 60 65 76 72 50 28 1
