20 40 60 60601
46 54 57 61 79 84 99 96 83 108 100 105 88 106 82 66 74 75 66 61 70 58 112 119 63 60 61 68 84 61 65 51 62 72 66 65 64 68 69 67
47 34 51 50 87 109 95 87 92 102 102 100 98 117 74 76 74 82 81 75 83 79 105 122 49 41 38 56 37 76 54 59 53 26 42 26 20 21 25 32
28 32 28 23 16 22 19 20 29 16 20 11 20 23 32 38 36 40 27 42 43 47 55 52 25 25 13 29 15 37 18 26 27 34 36 42 40 41 44 49
24 20 24 18 22 18 20 20 18 69 85 86 65 81 91 77 67 79 84 85 82 67 42 56 15 21 25 18 22 27 32 26 19 11 12 10 18 13 6 24
50 42 52 39 58 68 61 65 61 22 18 20 20 18 9 11 11 16 10 16 13 16 46 41 21 17 19 19 21 19 25 27 17 30 37 39 40 37 38 30
41 41 51 53 52 50 46 53 52 96 92 78 110 103 98 84 92 82 109 96 83 94 87 112 94 70 76 100 95 51 60 56 53 30 31 31 31 35 27 35
53 54 55 82 48 53 53 42 46 85 91 87 94 105 76 75 75 59 76 89 66 79 87 96 94 88 93 73 83 124 96 100 99 54 46 55 61 63 58 59
73 73 79 73 30 44 34 39 40 75 79 73 84 80 93 79 70 75 85 73 86 89 129 105 81 72 87 60 82 99 112 108 99 77 68 69 56 88 73 88
65 60 58 56 60 73 65 71 59 9 22 23 30 20 47 51 32 37 42 39 31 35 54 57 67 58 75 76 48 20 22 22 27 12 13 16 18 21 17 20
21 21 25 28 18 25 21 24 28 87 76 70 75 78 73 80 71 73 80 83 80 76 50 63 65 73 57 57 58 23 26 20 15 26 25 43 32 45 52 34
90 78 83 84 73 94 110 87 104 59 79 86 85 70 83 82 81 99 70 81 81 70 104 107 45 43 47 32 36 42 47 45 53 34 26 31 39 27 35 26
50 55 63 59 66 62 77 61 50 18 23 18 20 21 10 13 12 9 15 7 12 10 44 43 54 55 55 57 46 78 73 79 83 63 66 61 54 44 54 65
31 25 24 36 69 63 65 69 84 22 27 23 27 15 10 13 15 13 12 15 12 14 57 49 50 52 60 47 54 88 97 94 84 80 73 87 74 71 67 88
47 42 57 49 64 64 71 58 63 18 20 21 23 20 7 18 13 14 11 16 14 12 53 43 58 71 49 59 67 26 25 23 25 36 44 36 41 42 33 37
57 55 62 69 77 101 95 88 78 108 98 97 113 86 77 91 91 88 94 85 101 100 111 141 36 54 40 28 52 61 53 61 68 58 58 54 66 77 56 68
54 47 52 54 27 11 19 20 11 24 25 25 20 21 38 26 35 39 45 25 34 41 39 48 68 48 54 49 50 88 79 78 100 89 92 98 85 93 89 102
73 60 65 73 46 36 38 46 54 34 29 35 43 40 57 43 57 40 42 50 59 49 83 110 90 82 80 90 94 46 53 58 55 29 30 27 26 31 38 22
32 23 17 28 50 48 62 60 62 64 58 69 58 58 82 72 81 68 79 60 62 76 49 60 82 65 55 49 67 84 93 93 69 72 73 88 82 71 75 75
48 41 49 45 54 36 48 36 47 85 82 92 76 101 102 95 82 106 88 86 89 114 87 92 31 40 39 44 48 60 51 51 47 51 50 51 53 52 55 50
80 58 75 73 81 103 94 91 100 67 49 91 109 61 92 81 101 77 105 55 72 117 134 152 101 94 102 107 94 95 125 110 103 119 121 106 125 106 104 106
100 187 279 372 469 590 712 819 934 1054 1167 1284 1409 1539 1652 1758 1860 1978 2099 2206 2318 2444 2587 2743 2849 2947 3056 3167 3273 3410 3536 3656 3767 3897 4027 4137 4272 4390 4505 4618
21 36 112 91 97 36 22 25 71 69 32 57 65 81 31 48 36 33 36 1
