40 80 60 73190
74 81 86 88 57 50 44 44 54 63 68 73 64 65 63 85 58 63 78 122 131 140 124 124 115 117 131 144 149 144 164 170 140 131 91 104 104 98 95 44 33 43 44 41 51 54 40 52 38 46 38 45 45 40 45 47 36 51 52 81 66 69 77 75 75 87 83 68 78 72 81 140 139 160 131 130 117 138 134 136
78 72 69 81 48 70 56 58 51 45 50 38 57 40 25 44 42 34 50 80 71 81 68 59 78 84 80 87 53 69 58 61 56 50 50 46 41 42 49 65 69 71 66 56 12 26 20 27 22 23 21 40 30 40 28 36 39 39 37 41 63 68 59 59 44 53 63 111 116 111 106 133 132 107 132 135 148 130 180 196
27 24 32 24 16 16 10 17 15 11 10 16 13 16 16 23 17 14 17 24 25 23 18 27 22 23 28 21 42 39 46 40 39 27 37 43 62 45 48 10 12 18 12 11 5 11 6 8 10 12 10 7 44 36 59 45 48 33 49 23 26 35 28 36 27 38 36 16 19 14 21 18 18 26 13 11 37 36 42 47
46 45 53 32 62 66 81 67 70 34 34 34 41 42 58 47 54 34 48 130 159 151 144 127 96 93 115 99 55 70 77 58 68 47 74 57 71 78 72 11 13 20 12 22 11 11 8 9 18 12 12 10 41 41 49 42 48 46 35 9 8 7 9 10 12 5 11 42 53 40 38 77 89 92 89 83 47 65 37 32
69 54 65 68 48 37 43 50 41 41 45 45 39 36 53 53 57 66 86 44 48 55 60 47 70 82 57 67 41 34 47 50 57 56 103 106 104 118 94 69 68 63 61 63 29 35 40 29 24 21 28 42 26 36 24 27 31 27 34 30 34 33 35 36 29 37 31 28 25 25 31 13 18 11 20 18 36 23 47 40
20 23 17 24 23 12 17 22 16 19 20 22 20 24 15 16 12 8 21 18 20 17 11 25 16 26 20 24 8 13 10 11 9 15 5 15 13 10 16 19 13 13 14 15 31 35 45 39 49 47 39 40 32 39 54 41 43 41 38 9 14 14 9 7 10 8 11 64 56 53 54 15 17 13 17 20 48 56 51 48
53 58 80 46 62 48 62 52 63 31 33 36 46 41 45 49 36 32 33 38 41 67 42 47 27 26 25 30 22 25 36 20 24 31 36 29 38 55 48 80 89 80 79 78 67 56 73 63 63 58 50 68 90 80 86 94 85 89 82 64 64 56 62 57 67 56 53 23 19 14 21 50 49 56 57 40 30 29 46 61
63 55 59 66 75 62 61 65 66 49 62 47 40 58 46 28 42 30 41 10 10 13 14 12 17 16 16 15 67 68 83 70 76 81 31 27 28 34 31 43 64 60 53 56 24 22 26 22 21 28 30 24 42 54 51 62 47 37 53 29 32 20 33 36 23 30 33 24 10 17 16 83 70 68 56 74 41 29 53 48
74 61 73 65 67 53 62 71 66 44 47 44 41 44 55 68 59 73 61 142 129 98 126 128 175 175 162 144 90 90 87 92 102 106 85 90 85 80 107 158 138 151 150 177 57 86 77 66 72 70 70 83 114 122 112 104 115 96 106 73 67 74 80 86 74 77 73 87 91 84 107 64 62 61 60 42 92 100 121 160
72 81 85 85 94 77 93 89 85 84 84 77 84 85 95 106 103 107 94 62 68 58 70 66 94 85 89 91 65 96 64 92 80 82 100 99 99 102 104 67 74 77 58 64 22 21 22 25 28 21 24 28 59 47 70 40 61 53 61 40 31 29 37 49 34 35 29 60 58 39 44 122 97 106 104 128 122 123 105 111
74 70 77 80 37 30 33 38 41 28 34 44 47 40 62 59 56 74 69 13 17 13 12 13 21 17 18 9 50 50 48 50 49 52 65 71 66 69 73 52 46 43 38 40 36 37 34 27 38 32 31 39 72 72 83 65 83 81 75 18 17 23 22 29 24 24 24 31 25 17 37 19 12 17 17 26 42 32 39 40
69 95 90 79 54 45 42 49 57 42 42 36 43 40 36 44 37 43 32 124 104 131 148 126 146 150 153 137 90 84 94 85 84 92 76 68 82 60 95 59 57 41 51 77 43 45 67 29 45 35 37 48 62 52 57 51 56 56 64 79 59 88 70 91 78 88 55 63 86 70 68 71 68 71 69 63 152 162 157 139
116 144 127 121 82 91 93 70 68 123 107 131 105 103 73 87 80 98 79 58 56 56 50 46 47 62 58 58 33 47 42 29 36 27 57 39 66 50 50 75 81 66 70 81 54 72 73 56 78 61 56 70 42 43 46 53 34 38 46 23 22 37 36 29 39 23 32 127 117 111 122 48 47 52 53 49 144 124 102 96
15 15 19 17 20 16 17 20 18 9 17 12 13 14 14 14 19 12 21 80 74 83 73 58 114 106 102 112 20 20 18 22 15 17 20 13 17 21 26 14 21 26 22 23 55 49 48 53 51 52 44 57 67 46 61 58 61 66 57 52 64 52 47 36 63 72 53 17 21 36 40 45 39 57 48 54 41 51 28 35
31 21 22 31 20 13 20 12 21 24 24 21 7 23 19 14 20 17 16 18 14 17 21 22 16 32 19 22 18 15 11 13 12 9 16 21 23 15 17 16 15 12 10 10 47 43 39 30 37 31 30 45 70 61 45 65 49 52 54 64 49 63 59 55 50 72 64 28 34 27 28 81 60 67 57 77 35 50 42 29
43 59 49 56 53 60 45 61 36 63 74 49 69 54 48 58 58 75 72 25 34 28 35 30 20 26 31 22 66 59 51 55 50 60 69 96 85 100 80 11 26 21 22 34 35 45 47 29 39 42 45 38 47 51 47 45 45 43 36 11 17 14 15 12 13 15 9 17 19 14 17 17 11 19 11 10 31 35 45 46
71 73 55 77 61 57 56 73 65 55 65 62 52 46 28 36 35 36 41 20 28 17 25 26 17 20 12 13 26 36 28 28 36 32 35 34 33 49 52 54 50 69 67 58 99 102 79 91 79 99 99 100 48 45 49 38 43 43 42 29 49 41 32 26 41 34 25 36 45 38 42 10 16 15 11 14 44 33 57 45
32 26 24 33 18 30 22 24 22 18 28 17 17 17 14 15 13 14 15 23 19 20 15 15 24 27 30 19 13 25 25 12 20 11 19 21 22 16 19 96 76 92 75 74 105 91 114 101 101 87 98 105 71 70 65 72 80 60 59 43 41 32 55 37 34 42 36 18 16 20 26 90 95 87 73 88 53 61 38 33
25 21 25 21 19 14 14 19 10 16 16 13 12 19 16 23 30 13 17 61 63 56 62 64 83 87 94 78 43 60 54 69 45 68 49 38 37 39 50 91 87 103 83 88 68 61 50 66 66 72 58 66 40 34 48 38 30 37 45 53 57 68 57 53 44 49 55 21 28 22 21 64 81 75 63 82 33 52 31 44
64 75 44 64 69 79 74 74 59 36 64 50 54 53 54 57 59 47 46 39 42 60 58 46 67 44 68 70 106 98 98 129 103 100 62 61 59 73 68 46 30 39 45 38 41 43 47 51 48 44 41 55 63 56 60 43 50 64 66 103 119 97 109 105 99 105 123 54 46 57 44 145 135 136 125 118 182 162 123 147
26 22 24 36 12 16 18 12 11 20 21 17 24 19 20 21 24 19 18 8 19 16 17 19 24 22 16 15 20 19 20 12 21 16 47 37 34 33 32 21 22 21 16 14 12 17 9 13 18 10 14 11 76 58 61 79 74 83 71 53 53 51 51 38 68 45 53 20 16 22 10 29 20 16 19 20 46 60 51 32
21 20 14 20 15 16 18 22 15 10 11 11 14 14 11 6 15 11 18 24 42 24 32 43 22 17 18 26 7 11 13 6 11 11 16 13 10 19 14 17 20 16 15 20 47 35 41 46 45 37 39 43 13 13 6 10 10 12 7 13 16 15 16 16 11 19 11 36 45 47 44 25 13 13 19 12 62 52 44 31
78 94 88 67 53 54 45 57 59 57 59 56 56 56 41 39 45 47 36 52 46 43 43 37 74 71 68 79 67 56 56 47 67 66 45 43 40 41 42 48 56 44 60 54 29 27 44 52 36 33 42 51 47 59 67 73 62 79 54 75 97 89 85 87 92 98 99 86 72 91 79 40 42 30 42 56 177 198 153 169
15 13 22 10 17 11 16 13 13 15 16 14 11 22 25 29 21 19 20 152 126 119 136 141 124 129 125 131 73 65 72 69 83 64 69 78 77 59 68 18 15 19 22 11 11 16 15 12 10 22 13 19 29 21 24 18 28 19 27 7 8 13 5 8 9 11 10 83 73 71 86 92 72 79 89 70 39 29 43 32
80 80 77 70 34 38 34 34 40 46 31 41 31 32 61 57 53 55 56 41 56 37 50 49 111 109 114 117 91 106 91 99 76 84 30 38 44 34 36 16 15 13 15 10 17 15 12 18 14 12 15 15 36 28 30 38 51 36 45 41 52 48 41 42 38 47 33 21 17 12 24 107 85 89 95 84 44 35 28 35
160 157 142 140 112 99 106 99 104 107 105 123 99 118 75 93 94 90 79 101 125 108 97 108 97 105 112 106 77 75 61 77 64 78 107 87 111 87 132 67 77 67 86 75 47 42 40 32 43 40 54 31 54 74 75 64 76 64 63 48 39 45 42 52 42 40 50 51 46 48 49 45 48 42 51 50 104 108 133 119
57 53 51 48 63 70 70 55 62 49 43 51 44 52 54 73 59 62 66 20 14 17 26 15 15 23 36 25 17 20 12 17 19 17 48 57 58 41 55 19 18 27 20 23 14 18 14 11 13 12 8 11 14 16 14 10 17 6 16 14 18 12 14 9 13 17 18 28 28 26 31 16 26 15 13 18 33 30 35 32
95 105 100 99 99 107 106 109 131 102 92 73 106 106 65 82 88 74 64 41 38 35 34 41 40 55 62 49 58 74 58 69 57 75 82 101 74 82 67 55 45 49 42 52 83 81 84 64 73 68 65 74 54 49 37 57 57 45 56 31 28 29 34 33 43 36 30 69 84 82 101 52 55 34 46 34 99 105 140 160
58 57 53 65 44 42 42 45 40 45 59 39 52 34 67 70 53 59 62 17 15 20 25 13 13 18 11 19 13 8 15 11 17 11 13 15 19 24 24 15 7 14 14 13 38 42 33 50 41 39 31 43 38 38 50 25 43 45 38 35 24 37 31 33 33 40 34 18 10 12 22 16 10 17 9 14 40 48 45 36
57 48 60 59 37 48 44 49 46 52 55 66 62 46 62 57 78 54 54 18 26 20 23 30 17 28 22 29 53 61 51 57 42 56 78 64 73 60 58 53 68 63 56 64 40 34 38 32 42 39 27 41 66 53 53 63 53 49 57 49 35 43 40 46 37 44 31 22 26 24 43 11 30 18 25 22 46 39 31 39
34 50 47 46 49 47 43 55 47 47 43 39 49 47 56 56 57 54 60 18 21 10 20 19 24 32 21 24 73 72 49 67 49 57 64 76 55 63 79 40 46 54 57 41 37 16 27 34 32 25 26 30 40 47 38 52 48 55 46 74 77 80 87 83 73 81 72 33 22 28 28 15 14 16 18 15 36 30 49 54
54 56 53 70 35 45 46 41 52 59 52 55 59 53 67 52 58 72 47 83 84 109 90 103 135 134 122 137 66 74 64 63 61 48 93 90 118 116 118 103 107 97 102 95 88 76 62 97 86 85 83 81 111 125 115 102 136 101 84 46 38 51 54 48 51 44 49 78 89 95 88 41 57 54 43 38 142 167 123 139
44 44 45 46 31 43 40 37 32 39 34 30 38 45 60 71 75 66 67 12 14 17 16 22 32 27 23 23 74 73 87 69 65 72 35 33 46 35 45 50 66 63 59 80 41 35 35 34 37 38 29 33 38 38 35 28 27 39 28 30 28 26 22 22 37 28 33 56 58 57 51 21 24 12 14 14 60 49 44 51
99 87 68 84 51 49 55 54 58 29 40 34 46 43 49 44 55 33 49 25 24 21 15 16 18 31 20 25 17 7 10 11 12 6 14 14 9 13 12 97 114 109 91 106 58 74 61 61 73 56 61 67 154 150 121 116 114 125 128 72 72 97 67 78 88 68 67 24 27 23 28 15 14 14 15 12 47 53 61 55
57 58 48 53 55 54 52 57 62 64 68 61 55 58 54 48 53 50 57 27 40 28 26 21 23 25 27 25 11 10 15 10 7 17 13 18 14 17 13 16 20 19 14 10 44 47 35 50 52 46 49 47 7 15 5 12 12 5 4 61 53 58 50 48 56 53 39 70 66 68 66 19 23 24 20 17 46 59 63 52
58 64 54 65 64 57 74 62 73 48 42 55 40 57 52 52 46 44 38 56 44 54 61 51 75 90 81 90 50 54 55 58 58 61 53 69 67 68 68 129 96 112 106 109 102 107 99 106 92 83 94 102 42 55 50 52 47 43 68 30 47 32 38 37 35 43 46 61 53 65 59 154 133 120 138 115 135 129 187 147
16 13 28 19 21 23 27 20 24 17 20 17 26 16 16 22 18 23 19 21 24 32 23 36 35 25 26 26 59 65 63 64 67 63 49 45 64 47 57 71 91 92 72 91 75 98 93 99 94 95 94 77 74 63 60 62 58 60 70 50 48 49 45 48 57 54 47 23 27 22 31 20 25 17 19 29 52 41 49 50
23 25 23 28 19 25 21 22 19 16 34 21 21 19 24 23 17 24 26 26 21 16 23 21 14 18 17 12 43 54 58 68 49 64 50 43 47 57 37 57 77 76 76 72 82 70 93 92 78 90 110 86 25 26 25 21 22 35 29 49 34 42 31 36 43 38 37 25 21 15 17 79 65 59 78 67 48 42 58 56
140 153 154 129 70 61 61 63 62 81 71 76 70 92 67 73 82 86 98 81 76 95 93 81 119 149 125 150 84 87 78 72 86 86 73 60 84 75 65 74 65 71 60 64 31 38 36 48 44 29 35 56 40 50 40 37 30 39 40 86 90 92 84 92 80 81 81 72 69 86 69 139 134 143 116 156 125 149 151 141
78 99 81 81 117 128 102 106 113 111 111 98 94 104 106 124 79 93 102 51 42 38 45 61 101 90 88 87 63 73 68 75 74 73 54 51 44 42 40 50 45 59 47 60 36 37 36 31 35 30 31 36 49 62 57 36 43 54 47 25 32 26 29 26 35 18 25 74 84 74 81 126 128 128 121 131 126 117 181 174
177 351 521 676 806 948 1066 1187 1332 1468 1591 1736 1854 1985 2103 2240 2354 2473 2586 2754 2930 3097 3261 3417 3611 3805 3984 4150 4315 4474 4655 4843 4998 5143 5262 5380 5511 5642 5788 5963 6116 6283 6449 6645 6762 6881 7007 7125 7237 7347 7469 7586 7756 7922 8056 8185 8336 8475 8617 8731 8863 8971 9092 9209 9319 9436 9572 9713 9843 9966 10101 10271 10425 10602 10755 10928 11129 11348 11555 11772
14 13 51 24 13 53 26 25 6 6 29 10 13 24 33 30 20 30 22 15 64 56 12 24 24 10 53 12 43 20 29 12 23 31 39 11 19 23 15 23
