40 80 60 77948
93 103 102 98 99 110 63 59 82 74 68 63 60 51 79 94 95 74 88 97 90 60 62 62 71 56 49 56 53 53 101 91 105 112 123 141 182 189 170 125 124 133 139 142 123 168 145 134 94 80 113 90 104 89 121 115 101 118 89 102 124 116 93 76 87 78 86 74 80 124 135 112 131 125 136 178 196 147 157 179
43 33 58 48 39 38 47 37 46 49 60 49 56 62 46 19 21 26 23 14 28 30 25 29 33 93 88 70 68 69 27 37 31 20 54 77 39 34 44 18 25 22 30 25 27 29 42 35 70 80 67 86 89 88 13 17 17 12 16 22 20 19 22 18 23 20 19 17 15 64 70 69 67 59 75 73 85 74 73 70
39 49 50 38 43 39 44 40 38 49 47 53 47 45 39 77 85 91 74 78 71 98 89 81 91 112 127 124 128 95 79 67 56 63 66 62 37 36 42 30 26 23 26 23 31 27 32 34 80 81 89 89 75 104 13 13 14 18 17 15 12 9 14 12 19 12 22 23 12 62 61 49 66 73 70 91 81 67 83 87
103 117 89 37 34 40 46 55 51 46 41 54 44 60 49 77 67 74 81 79 86 29 34 22 29 23 24 25 20 26 29 26 34 29 68 55 32 30 53 24 17 20 22 32 27 30 31 31 14 21 27 20 13 29 95 96 98 73 92 93 74 82 64 77 66 56 68 67 58 60 65 58 53 67 56 70 95 89 76 82
81 112 95 37 41 34 13 9 13 15 9 14 8 20 10 17 25 26 24 18 26 23 34 28 44 74 64 107 79 82 64 57 75 65 54 68 174 154 151 91 74 83 81 89 102 96 101 105 149 146 140 146 157 113 59 46 51 52 63 61 51 46 70 71 77 59 57 74 54 106 126 103 119 106 114 98 91 86 120 80
41 38 42 36 41 40 49 41 52 46 51 43 36 59 40 71 74 67 69 69 78 34 39 27 38 89 94 80 86 97 70 83 74 62 72 57 42 33 36 28 23 18 22 24 35 36 34 30 92 73 78 64 89 71 58 48 39 46 53 50 65 58 18 16 18 13 16 17 20 19 17 23 22 24 24 30 22 32 23 28
38 44 37 42 37 32 54 48 47 41 46 41 47 42 46 88 77 56 64 67 53 24 31 31 32 22 20 32 20 26 25 32 26 37 68 54 143 134 127 181 187 172 162 149 109 113 125 123 68 78 77 52 64 74 82 91 76 99 122 99 98 101 129 114 115 116 108 123 120 118 118 128 124 130 117 151 156 151 129 159
50 49 36 47 39 35 77 89 80 80 88 78 67 87 71 69 62 84 54 65 65 33 36 29 28 17 24 27 25 28 76 66 77 67 68 66 36 34 45 23 18 24 29 24 25 24 32 45 17 23 18 23 20 20 55 54 66 47 49 69 56 83 18 20 18 20 8 24 16 46 49 35 40 52 50 20 21 20 26 25
44 34 44 42 38 39 9 15 21 17 17 13 18 13 14 12 22 25 26 27 20 34 30 29 31 82 90 85 86 91 53 73 61 59 64 65 54 36 45 28 30 24 15 22 19 31 30 37 76 86 71 71 76 78 95 100 86 98 90 109 93 103 57 63 45 61 87 78 48 42 51 42 36 54 39 21 23 22 32 20
90 96 92 92 92 100 33 38 28 31 36 28 26 31 39 44 47 44 39 48 40 61 82 65 61 114 108 103 116 101 111 113 126 123 136 129 93 84 91 108 109 128 144 102 68 77 73 59 122 138 109 109 96 106 89 84 69 81 92 98 79 74 41 45 44 52 44 48 38 57 51 47 48 48 56 42 63 50 52 58
104 97 87 46 44 47 73 102 74 91 96 96 88 106 104 74 69 76 88 67 69 34 38 33 30 26 24 23 24 23 40 31 33 34 65 68 50 47 31 86 75 87 81 81 31 28 26 34 19 27 19 21 25 20 59 46 52 50 45 55 53 56 18 12 17 20 14 9 21 22 21 15 28 21 23 22 19 28 27 32
135 167 145 96 103 103 62 69 58 66 59 62 65 57 73 87 93 101 91 94 81 137 132 112 133 82 95 115 112 86 77 56 68 85 146 135 98 101 100 69 49 58 68 67 66 63 73 61 54 56 40 48 59 51 90 115 101 85 100 121 130 115 85 80 82 91 77 79 95 52 53 53 41 35 43 49 59 58 54 44
95 109 122 46 44 45 54 56 56 58 48 53 61 63 48 20 22 21 24 16 16 40 34 28 35 35 22 25 21 27 32 36 21 30 54 63 44 44 43 16 20 21 35 21 30 33 27 33 62 69 79 73 68 97 15 16 17 14 14 13 19 11 32 37 35 36 46 36 47 60 72 59 55 75 69 80 68 85 69 91
43 44 39 44 34 46 102 83 87 99 82 77 86 76 87 67 68 60 73 70 67 31 33 20 37 25 26 25 34 25 47 77 82 60 53 61 45 31 35 23 28 27 35 22 34 30 28 32 21 13 13 24 16 25 14 19 19 15 11 18 14 14 19 20 17 17 11 15 19 67 67 69 56 83 73 85 75 73 72 78
40 45 42 39 50 44 47 54 50 58 51 42 53 49 54 20 21 24 25 21 22 29 27 27 34 19 24 24 29 23 26 42 29 31 70 48 130 117 148 89 75 90 90 84 120 115 122 115 64 75 65 67 60 83 84 104 96 101 87 93 85 81 43 66 65 66 61 62 63 142 129 123 133 129 149 136 147 145 154 138
48 36 31 35 39 46 15 13 9 17 16 18 12 14 13 23 23 14 20 23 19 37 41 30 28 23 27 18 27 19 27 33 34 30 60 53 146 151 148 95 101 85 93 96 143 110 111 113 78 77 76 67 68 65 138 160 148 131 152 172 146 158 116 106 101 99 103 110 106 125 126 113 130 122 118 136 125 149 129 144
44 42 37 41 36 38 19 20 12 11 18 17 9 16 11 18 23 20 17 22 23 95 78 83 76 71 61 78 76 82 66 71 57 58 65 46 151 176 136 81 90 74 70 73 98 100 115 110 73 66 65 79 80 81 61 55 54 55 63 58 66 73 87 64 89 83 82 67 90 71 74 78 75 69 58 104 96 96 89 83
98 115 116 32 34 45 41 45 49 48 42 40 48 35 44 69 59 68 68 74 63 32 25 41 30 21 31 34 13 27 33 28 33 31 53 61 41 41 38 85 96 71 98 84 25 27 36 33 68 77 72 83 71 54 56 53 65 56 54 55 45 48 61 67 79 86 71 67 69 23 18 19 17 21 26 38 22 22 21 25
34 43 53 39 55 38 47 45 39 45 55 51 51 61 37 70 74 68 67 82 67 85 82 99 87 129 128 139 124 141 63 59 70 66 63 73 36 44 48 27 22 33 28 16 28 33 22 32 71 72 68 84 75 75 14 13 17 15 18 19 11 16 48 56 39 45 56 31 44 13 19 28 20 19 23 32 16 26 31 26
49 35 44 41 36 34 41 48 41 49 54 57 56 52 37 13 28 21 19 22 14 30 34 37 29 77 77 92 79 80 42 31 27 30 70 59 39 34 54 31 19 23 23 33 29 32 24 30 82 102 62 82 93 77 54 52 71 55 60 53 57 65 85 72 80 98 109 84 102 16 18 25 26 27 17 25 28 22 22 31
102 101 111 108 109 88 73 74 70 75 76 83 56 63 60 77 110 103 97 102 80 146 135 147 138 98 100 114 90 103 106 112 113 111 125 152 107 99 105 103 104 125 106 122 84 56 84 72 48 38 46 52 56 64 92 85 78 88 84 81 70 76 40 46 41 27 50 50 49 38 47 54 46 35 51 48 51 65 56 57
144 177 179 163 172 164 46 35 61 44 49 41 46 53 49 82 75 84 81 72 77 104 101 87 103 76 74 74 79 70 31 32 36 29 63 57 177 127 127 86 100 75 97 98 109 115 111 92 69 72 85 49 66 60 86 85 98 100 89 87 81 87 97 92 84 99 90 96 107 93 80 86 104 101 91 103 90 88 91 113
46 38 44 37 45 43 93 76 102 99 88 81 101 81 75 78 87 66 77 71 66 27 34 29 27 20 29 24 28 26 22 37 33 31 67 64 41 44 44 20 21 25 26 22 30 32 35 40 80 103 99 76 88 77 16 13 16 15 12 19 18 17 49 49 51 56 45 43 38 37 55 47 46 44 39 24 30 27 22 29
82 106 96 102 106 97 108 105 89 91 90 88 85 92 114 79 85 90 92 106 97 78 68 49 64 51 53 57 68 54 55 68 63 69 129 138 76 97 95 46 45 59 56 63 67 68 79 85 49 43 59 51 44 59 113 129 151 115 146 118 138 119 85 72 89 78 69 89 89 75 78 83 78 89 82 54 60 51 51 53
35 40 46 34 41 39 15 9 17 16 19 16 18 13 10 26 19 22 19 25 26 23 26 31 37 23 17 37 24 28 34 28 37 29 60 56 49 42 45 90 101 118 105 91 34 30 31 42 20 22 19 20 10 23 21 13 14 16 11 13 16 21 29 39 44 50 41 38 41 54 49 50 45 49 53 27 32 23 29 25
38 42 36 46 42 34 14 8 17 13 16 5 12 19 13 28 18 20 17 14 17 32 31 37 33 73 82 82 98 88 53 68 56 78 60 58 141 160 131 95 99 95 103 85 93 117 109 97 116 135 105 113 126 123 106 125 100 92 82 96 94 101 89 101 98 100 115 98 112 115 106 107 109 107 92 91 82 84 76 95
40 39 36 29 36 52 48 36 46 53 34 59 62 49 38 87 62 63 82 71 74 36 29 26 43 20 18 24 26 29 33 34 29 27 54 64 44 46 38 21 22 28 24 23 35 27 29 43 73 80 80 78 73 68 90 82 101 92 92 92 101 94 74 67 61 56 63 73 67 52 40 55 56 42 54 15 22 24 25 26
45 31 41 36 29 49 45 45 51 53 49 51 49 38 43 23 24 25 22 25 18 21 32 38 43 30 19 20 30 22 57 66 62 76 59 72 150 155 165 80 92 80 96 100 123 100 111 113 73 74 70 63 71 53 90 81 80 88 82 85 99 71 88 82 85 91 85 100 106 74 73 59 54 66 76 84 84 87 79 87
40 28 48 36 40 38 14 10 11 15 14 21 13 17 9 23 15 31 16 27 20 28 29 37 29 18 34 23 25 28 73 72 55 52 70 59 34 45 33 22 22 26 20 30 36 31 26 20 17 20 18 20 25 18 71 58 54 65 53 58 63 56 67 65 69 46 66 54 50 114 85 103 127 73 102 81 82 62 101 83
112 83 82 34 37 43 37 48 50 49 50 57 67 61 50 16 25 21 18 22 14 34 28 31 24 21 22 31 24 22 28 36 33 36 68 70 50 41 41 28 22 18 22 32 28 30 24 38 17 21 15 17 24 20 57 43 64 68 58 55 60 50 94 80 95 98 98 97 82 52 55 50 63 55 52 25 23 20 19 26
40 42 39 37 34 45 64 55 54 50 51 51 57 58 60 21 19 24 15 16 16 23 33 37 23 18 21 22 27 27 70 59 63 67 58 71 147 179 146 158 145 166 138 145 101 130 126 127 74 61 73 52 55 86 92 88 104 93 89 112 87 72 119 120 95 115 113 111 113 68 77 64 59 63 66 98 83 78 101 94
49 44 38 38 32 45 50 49 51 41 53 36 54 41 30 76 76 81 82 86 66 28 34 26 29 21 19 36 29 28 61 70 64 64 66 60 32 40 47 91 95 81 84 86 32 29 31 23 20 15 22 12 27 15 17 14 13 12 18 20 15 16 16 21 19 25 15 20 18 17 27 12 26 18 26 29 24 24 18 18
46 47 35 46 33 41 14 11 12 14 17 10 8 16 14 26 27 22 20 21 21 104 90 87 83 134 131 124 126 138 41 36 23 37 58 60 41 38 40 93 92 94 90 106 30 39 38 29 80 77 93 83 61 86 62 48 60 70 56 57 59 58 40 32 31 43 37 45 39 15 34 20 19 25 21 24 25 21 37 27
132 162 133 85 104 98 39 41 36 30 27 30 34 40 34 47 48 44 44 61 37 76 66 73 81 50 56 56 55 47 62 65 73 75 127 146 183 198 200 125 120 123 128 113 171 144 164 167 107 106 96 103 122 114 110 123 104 108 118 116 117 128 87 74 78 103 94 88 94 141 149 187 143 168 154 174 196 186 180 185
35 43 53 31 38 52 41 42 45 51 53 47 58 52 44 18 22 30 17 13 21 24 22 40 50 77 84 72 66 83 77 70 64 65 63 60 43 40 37 17 23 32 27 18 33 19 35 24 71 77 78 78 84 70 16 19 18 20 10 9 13 16 51 47 53 44 29 49 49 18 17 27 17 20 16 24 30 23 25 29
42 38 54 42 24 51 49 44 56 64 52 58 70 52 44 28 22 15 22 22 21 92 91 97 85 78 87 100 70 70 28 20 33 40 61 62 41 34 39 26 17 24 24 25 27 26 38 27 16 21 14 21 24 21 43 51 76 58 60 59 51 50 42 35 45 46 50 52 50 39 65 57 62 59 75 88 89 87 74 68
42 53 35 41 34 39 60 48 44 50 48 47 44 51 40 81 83 80 69 71 73 97 90 88 83 66 71 79 60 84 37 21 30 33 65 56 54 47 36 84 100 81 99 84 34 40 26 37 17 23 18 23 16 16 58 56 78 62 58 53 65 69 64 65 77 69 58 65 79 11 10 35 21 22 22 32 34 19 27 20
37 43 31 34 42 50 13 19 13 12 18 13 10 12 17 16 22 17 23 18 20 100 96 82 95 68 62 67 79 59 36 29 26 30 51 67 132 111 146 168 186 143 181 169 108 91 104 104 64 67 66 69 87 80 60 42 60 56 43 64 53 51 85 79 74 85 90 86 96 117 123 117 122 118 124 152 123 132 140 157
34 42 49 43 37 41 52 48 44 40 49 46 61 52 67 72 83 63 50 74 62 30 42 33 29 25 22 25 31 21 74 71 71 74 66 65 47 32 35 26 20 25 24 26 22 22 35 38 17 24 25 22 22 19 20 14 17 17 9 21 12 10 18 13 15 21 20 19 16 14 20 28 19 17 14 22 33 14 27 17
148 130 150 149 168 156 84 94 83 95 80 92 88 90 81 133 156 123 107 138 146 93 106 118 90 74 71 73 49 67 37 30 30 29 65 51 54 45 33 30 30 28 26 20 33 24 30 27 16 25 21 26 18 22 55 50 54 50 42 47 46 51 13 17 24 15 17 20 18 52 72 83 55 69 53 80 75 77 70 77
164 360 558 738 928 1109 1229 1346 1459 1569 1676 1783 1895 2013 2139 2286 2459 2595 2714 2867 3029 3191 3341 3504 3657 3805 3950 4104 4246 4402 4525 4650 4790 4926 5088 5256 5458 5677 5898 6098 6305 6495 6695 6882 7071 7257 7438 7623 7788 7950 8105 8267 8441 8577 8730 8907 9074 9219 9387 9577 9739 9914 10057 10190 10318 10447 10575 10711 10844 11001 11166 11373 11531 11717 11887 12084 12301 12507 12706 12911
8 34 22 21 14 32 17 30 29 13 27 7 26 39 16 19 29 26 28 39 12 19 34 11 59 16 20 24 36 29 23 43 20 8 32 30 25 13 51 19
