20 40 60 64378
17 22 18 25 12 12 19 12 10 6 8 13 17 13 34 35 34 12 13 11 11 15 9 12 17 3 7 14 9 10 87 97 75 83 90 70 84 85 109 76
112 103 99 104 97 93 86 72 86 76 93 85 81 93 74 65 80 140 145 142 165 141 132 99 95 103 102 80 97 114 36 38 47 43 47 49 63 50 50 74
50 60 41 46 84 98 95 94 78 70 68 64 70 68 87 91 103 64 78 68 77 70 67 69 72 73 50 62 53 55 106 99 120 105 99 88 65 91 82 83
139 107 120 108 94 82 95 87 99 35 34 34 38 43 79 96 89 82 88 75 88 65 72 107 97 107 94 131 112 99 126 134 121 143 150 76 101 88 89 89
67 56 77 62 34 40 36 38 39 36 40 50 41 44 26 34 33 19 21 12 19 18 17 36 41 32 42 44 47 56 56 39 49 52 40 74 96 85 90 86
59 52 53 54 41 40 46 42 52 98 79 79 90 75 84 103 79 99 87 84 114 99 82 29 32 29 36 40 29 46 122 140 133 114 139 129 117 120 123 114
100 98 97 78 58 65 65 62 55 62 57 82 61 64 64 52 61 37 44 37 40 30 32 77 70 73 61 71 62 72 36 43 30 44 38 49 52 68 46 49
23 18 22 33 8 15 10 9 14 46 42 53 61 39 33 30 36 41 37 55 37 45 32 7 17 11 21 14 17 14 23 18 21 11 15 23 12 20 21 8
42 39 51 60 88 99 88 89 95 95 82 100 82 83 82 87 91 25 32 30 41 39 47 49 43 40 49 42 37 38 84 93 87 94 94 122 123 128 142 138
120 112 109 137 121 109 99 101 108 52 58 42 53 56 95 97 116 92 70 84 79 83 93 93 79 85 106 90 90 107 54 46 33 44 38 63 58 60 61 42
62 61 68 71 71 82 88 62 86 62 56 54 58 65 98 100 96 38 39 48 39 38 43 44 33 39 48 42 40 36 78 76 76 74 70 67 77 94 67 85
87 66 84 93 63 71 61 56 69 12 16 14 20 18 37 32 21 42 45 45 35 52 46 84 75 68 72 82 76 80 50 37 49 42 50 81 77 85 80 92
82 77 85 87 48 50 53 46 51 57 50 56 57 56 80 82 94 39 56 42 53 40 62 53 70 49 50 47 68 56 40 36 40 35 39 64 61 54 47 57
136 115 139 138 77 83 63 71 70 60 46 50 78 57 89 97 108 111 102 94 111 101 90 95 104 94 95 104 98 100 114 83 104 96 101 97 106 111 120 102
64 53 45 59 49 46 36 37 55 28 23 18 21 19 25 23 35 24 19 16 13 18 18 50 59 36 42 33 48 44 9 14 15 21 17 11 22 16 21 26
26 24 30 27 13 9 8 13 14 17 12 8 13 10 25 29 16 56 56 62 57 68 49 44 47 36 53 56 42 46 16 10 10 13 9 22 17 13 23 17
24 31 26 25 24 19 20 9 15 61 51 43 62 51 34 31 32 42 43 36 33 36 37 36 25 30 34 35 27 18 68 88 63 70 75 57 75 61 55 59
78 62 68 57 66 79 84 78 69 44 50 51 54 58 70 78 74 80 92 78 109 68 80 70 74 77 63 79 76 87 98 112 78 93 108 81 75 69 73 87
77 80 62 86 54 65 74 76 73 69 90 64 85 73 98 74 82 64 76 82 71 83 72 58 69 69 73 59 66 65 47 47 43 26 30 47 50 62 40 47
15 64 95 64 106 90 56 33 40 36 90 54 61 45 36 31 45 93 127 94 152 77 99 58 85 81 88 100 64 95 90 97 104 45 104 105 111 107 28 44
140 256 396 535 657 767 867 969 1078 1177 1271 1372 1463 1557 1656 1760 1877 2018 2164 2307 2473 2615 2748 2856 2961 3069 3176 3308 3421 3536 3663 3804 3938 4082 4233 4363 4487 4616 4759 4898
111 31 24 25 56 32 32 133 33 22 31 48 61 28 104 120 53 22 33 1
