20 40 60 63801
63 71 58 62 64 58 67 36 37 40 31 40 35 45 58 64 73 69 54 40 22 30 43 44 49 29 58 63 47 38 44 44 26 28 16 29 26 26 30 24
92 80 79 74 76 88 77 100 91 84 93 73 117 97 44 44 53 48 49 95 96 91 89 89 94 90 84 76 75 86 82 83 115 106 88 100 138 126 121 124
50 65 60 56 61 52 54 35 33 30 22 35 28 27 76 58 69 75 61 36 32 39 66 57 59 69 64 68 62 57 66 57 63 69 84 55 73 82 78 69
61 48 43 56 44 53 44 67 66 49 56 64 72 53 57 55 64 45 69 37 28 39 60 67 58 44 73 61 54 63 56 67 81 86 67 84 76 79 70 96
80 68 69 60 81 72 74 38 47 33 34 34 39 39 24 17 23 28 23 72 66 78 59 46 57 71 41 42 59 54 56 42 78 102 61 85 64 79 82 78
75 72 57 58 63 63 59 75 61 71 67 76 68 57 54 54 65 43 46 31 27 28 15 20 16 14 20 17 24 21 17 24 22 31 25 17 30 20 24 21
54 36 40 36 38 39 38 14 16 8 18 15 13 8 20 19 13 22 12 37 34 33 47 52 63 51 45 53 45 48 64 58 73 62 60 76 82 74 67 72
36 30 32 33 40 46 37 70 71 77 57 69 77 63 59 61 57 65 57 29 40 26 21 22 24 22 19 21 17 16 22 15 23 25 28 33 21 27 24 20
26 29 35 30 30 24 35 70 75 75 60 77 81 85 78 86 65 71 81 129 109 118 84 67 82 79 86 66 61 55 54 64 67 59 64 54 63 73 79 68
37 28 21 29 30 20 29 22 36 26 27 39 27 27 67 73 64 61 60 31 28 30 49 54 55 66 55 60 58 44 42 44 63 62 80 90 75 81 87 77
32 42 44 30 40 20 38 39 32 33 23 36 30 37 66 64 77 73 61 58 72 68 62 64 56 52 75 65 67 69 65 56 66 82 86 79 65 67 81 66
75 54 63 72 78 60 66 36 43 29 40 37 29 33 57 47 67 59 68 24 30 31 23 12 11 17 21 23 20 18 17 17 32 25 21 20 23 23 28 26
33 32 22 36 29 33 33 34 35 30 39 24 40 30 22 21 19 18 25 76 74 67 36 58 44 57 38 51 58 47 41 37 17 17 30 21 24 35 30 29
50 57 45 47 46 39 46 11 12 15 13 12 14 13 21 20 26 20 23 39 45 34 74 74 72 86 73 86 92 85 85 83 55 59 58 82 82 84 77 75
66 61 58 78 56 60 51 58 65 75 74 78 70 81 49 62 52 60 53 94 86 113 60 53 44 43 50 45 36 46 39 36 51 76 61 64 62 66 64 40
32 28 31 22 31 34 32 33 38 33 34 35 32 28 60 57 71 56 64 30 23 34 68 93 86 85 97 65 65 85 67 68 68 70 71 73 60 70 56 73
33 42 32 39 46 37 34 67 65 66 63 76 68 83 94 93 100 106 90 94 90 73 70 69 81 89 75 106 115 94 88 95 99 110 104 111 111 133 102 100
77 45 75 65 79 61 51 63 56 69 64 62 60 71 44 37 45 41 47 118 153 126 67 78 64 74 66 67 74 60 76 69 65 71 64 68 66 67 66 72
22 12 16 13 20 16 10 18 15 17 19 12 13 16 17 22 18 17 19 91 69 75 51 52 64 65 72 69 65 60 62 73 61 67 92 61 69 84 71 104
80 64 66 67 57 66 80 108 88 103 96 87 97 102 83 91 92 106 84 91 150 120 76 101 83 84 79 109 74 89 56 98 77 112 79 90 113 64 100 117
102 191 279 366 456 554 640 751 852 964 1067 1157 1287 1395 1499 1602 1713 1831 1931 2074 2243 2383 2482 2585 2689 2789 2897 3015 3143 3247 3345 3451 3579 3701 3816 3939 4092 4239 4373 4510
70 24 38 38 48 67 48 76 24 59 59 92 99 41 29 47 40 25 75 1
