20 40 60 68743
66 52 44 55 62 65 46 16 11 14 19 21 18 23 24 15 10 10 13 10 7 14 26 18 18 14 11 5 10 14 7 10 42 42 49 48 43 31 37 31
107 65 94 83 91 108 103 73 76 63 81 54 61 67 58 64 77 58 63 68 52 64 42 53 35 37 38 37 36 35 24 36 53 53 53 47 44 56 56 55
23 24 23 22 22 24 29 31 35 34 41 55 61 39 54 55 22 38 34 43 39 34 22 19 21 21 66 52 45 56 50 57 41 37 41 39 40 36 31 39
22 35 27 39 27 36 26 42 49 56 62 51 39 44 49 41 30 15 24 22 21 25 15 14 14 16 11 16 18 16 11 16 59 55 46 56 44 28 33 21
35 28 38 30 30 26 32 56 62 48 53 58 56 72 60 60 55 54 39 56 46 50 64 57 72 65 42 27 30 38 37 22 50 47 48 48 62 75 87 78
68 84 75 87 55 76 48 70 76 92 71 64 65 82 60 64 51 34 42 40 58 35 90 91 98 103 44 48 30 52 43 33 41 24 25 37 25 97 88 110
65 68 69 76 77 72 67 56 66 55 73 34 43 35 34 37 36 32 28 36 27 27 81 88 89 79 8 12 14 13 17 12 50 57 70 61 56 51 49 33
65 56 78 61 79 71 81 69 43 61 62 54 69 75 83 104 57 51 48 53 56 60 55 52 51 58 72 81 56 68 74 72 61 63 71 59 63 76 79 76
38 47 46 37 43 36 40 38 34 35 31 35 35 42 31 31 88 70 79 71 83 61 21 11 16 17 65 59 53 67 65 63 12 15 8 11 22 46 67 57
65 63 52 68 49 51 51 48 67 48 56 56 58 47 47 49 28 36 31 37 44 37 22 20 13 18 49 39 56 54 47 61 19 18 12 22 19 35 19 22
25 39 29 27 24 24 28 29 34 35 35 30 22 29 29 28 81 64 72 72 55 75 47 48 50 42 58 42 52 47 52 53 51 30 57 53 46 36 48 48
46 46 56 41 45 44 45 102 90 94 98 73 84 72 79 67 93 60 69 77 85 84 52 63 38 52 84 89 89 107 93 98 59 45 33 44 40 69 63 78
11 16 7 9 9 10 9 15 19 18 24 16 10 17 15 20 37 46 47 49 41 41 24 17 11 17 50 36 39 39 38 44 32 44 41 44 52 34 30 46
74 76 80 83 87 111 89 70 84 91 77 70 80 66 65 59 47 51 43 46 44 67 113 83 101 106 53 62 46 54 67 60 26 27 31 26 28 89 83 99
34 38 30 31 38 33 37 49 44 48 50 34 33 24 25 35 42 52 34 51 49 49 105 109 88 112 39 50 41 40 45 45 29 38 33 36 31 54 36 41
51 41 48 45 35 52 33 35 37 33 38 39 47 47 52 53 25 21 32 37 25 22 55 73 57 65 51 55 58 47 51 48 11 19 12 13 16 49 44 65
79 68 68 79 72 69 64 70 50 55 70 42 45 39 50 49 56 51 59 55 60 51 73 61 60 65 92 81 96 78 84 89 37 42 56 49 52 70 83 87
52 32 37 39 36 26 30 72 62 51 56 28 32 39 30 32 50 53 61 73 52 57 41 36 37 55 60 54 57 57 61 68 60 57 46 63 58 56 54 67
56 47 35 51 33 34 43 54 55 75 65 36 30 27 43 36 106 63 68 63 78 64 88 129 97 89 42 36 41 51 36 53 14 15 22 19 18 79 69 75
22 25 22 20 35 22 17 66 60 63 72 30 32 29 17 28 13 22 23 25 25 30 58 52 74 75 14 13 18 21 18 18 9 20 17 11 12 38 39 45
108 193 288 376 468 580 684 787 878 973 1072 1146 1231 1314 1398 1503 1610 1681 1761 1839 1925 2010 2124 2254 2356 2469 2562 2652 2749 2857 2951 3050 3112 3176 3248 3312 3376 3474 3563 3674
116 38 63 83 31 34 57 28 48 47 36 37 83 29 56 39 19 52 40 64
