40 80 60 74493
131 133 146 140 133 83 76 73 59 82 64 71 56 77 71 63 56 61 59 71 65 63 53 65 66 59 53 106 126 133 97 73 68 82 97 64 72 55 73 53 54 56 51 58 70 64 77 72 48 34 40 41 42 33 41 46 17 13 14 17 16 22 24 28 24 28 16 21 25 17 24 28 22 24 16 18 15 27 16 17
23 28 20 22 17 16 17 19 17 17 15 14 21 19 16 19 14 23 15 18 15 12 17 14 12 10 14 157 141 157 82 80 83 96 95 13 11 9 18 20 51 51 49 51 16 25 22 19 16 18 21 16 12 24 29 24 69 67 73 66 54 8 14 17 10 24 27 14 24 12 29 33 34 31 9 16 10 10 15 13
52 61 64 58 60 62 63 50 52 52 77 63 59 82 57 65 78 71 71 68 102 139 125 103 117 98 119 41 35 33 24 22 17 32 31 23 18 21 21 22 52 58 61 45 24 29 24 30 20 28 24 24 27 23 39 35 14 22 16 12 20 77 97 89 75 82 118 101 124 94 81 85 84 91 64 54 64 47 56 52
55 64 54 67 48 82 87 71 67 57 56 66 80 60 64 59 54 64 67 55 40 40 32 33 41 34 38 118 129 99 60 61 49 38 47 119 129 168 146 160 51 54 70 47 23 28 15 17 22 14 15 23 14 47 33 39 79 60 64 59 64 63 59 52 57 54 32 33 43 28 30 16 24 22 14 23 12 18 13 10
20 27 22 27 18 50 46 53 52 48 49 61 56 21 21 17 18 17 21 22 22 16 20 21 13 19 19 44 52 30 22 14 20 22 24 48 57 45 58 50 52 44 58 51 34 19 20 25 18 16 17 23 15 18 31 27 66 62 55 46 57 18 19 15 10 15 30 34 23 30 23 15 16 21 21 23 12 16 19 18
18 24 15 10 15 17 10 13 18 20 12 22 13 34 17 29 19 28 21 32 79 62 75 71 59 61 53 36 36 42 15 15 18 19 19 49 51 51 62 49 63 65 59 74 73 56 66 61 74 116 123 101 100 42 39 49 83 93 80 77 76 51 50 66 58 59 15 15 16 23 30 18 30 36 20 12 23 24 17 15
20 24 24 21 21 34 36 27 34 32 45 25 43 15 10 17 11 15 12 15 48 35 42 32 41 36 37 28 29 30 26 30 23 27 26 68 62 73 60 62 41 39 34 44 76 75 89 69 64 53 41 53 55 58 68 74 56 36 40 49 47 54 68 64 49 64 37 46 52 53 62 74 67 54 43 43 47 49 45 49
135 135 119 115 124 95 86 91 83 77 96 92 92 103 75 96 96 100 79 89 76 77 71 71 63 65 62 117 103 98 68 60 38 51 56 45 52 78 53 65 67 63 59 76 60 56 62 63 38 41 41 42 37 59 50 58 27 35 35 43 31 51 63 49 57 58 53 72 62 71 68 70 80 87 51 47 59 48 50 45
94 101 109 91 95 64 51 53 39 63 49 54 60 93 79 83 86 82 88 87 37 42 54 50 63 50 53 22 29 25 17 25 22 15 15 26 22 27 33 22 38 34 41 39 108 82 110 88 97 92 94 95 99 56 64 46 45 48 39 49 39 59 57 57 59 54 45 49 49 47 46 55 38 47 57 53 47 42 47 62
57 51 58 58 65 30 41 37 43 41 50 43 40 45 32 37 28 39 29 39 118 88 93 79 93 109 82 175 196 171 220 208 224 228 235 59 69 86 75 69 100 129 110 104 18 19 19 19 18 24 17 20 31 23 38 26 80 74 75 75 64 45 45 43 41 54 101 107 117 104 103 92 113 102 37 37 38 50 40 47
74 69 72 56 69 26 22 37 32 31 33 28 28 45 41 46 44 45 39 44 32 33 29 37 32 32 43 143 137 125 169 152 143 142 144 77 73 82 70 65 84 80 62 72 50 56 42 56 39 36 32 29 44 100 75 87 99 108 113 101 101 36 39 42 52 37 60 53 49 55 71 79 61 77 50 49 47 47 49 39
12 24 20 19 16 10 9 9 21 15 13 12 17 15 20 15 15 21 23 14 18 9 23 24 23 18 20 21 32 28 25 23 14 25 21 13 12 17 26 18 38 25 24 36 19 21 15 29 17 22 24 22 27 35 29 43 19 26 27 34 30 83 93 84 87 91 67 62 70 70 96 93 81 85 69 76 76 80 85 65
79 84 81 83 94 49 44 51 42 33 50 41 51 70 49 69 54 66 60 53 91 93 88 105 74 79 85 121 112 112 85 88 76 77 85 54 63 64 74 59 101 109 130 113 121 105 78 79 72 63 69 71 76 101 96 111 71 73 71 84 81 87 81 93 84 97 69 51 68 62 35 55 59 47 31 33 26 32 27 28
153 131 141 137 138 98 98 100 122 93 100 105 114 150 111 113 119 124 126 119 96 111 91 106 90 100 93 102 79 90 90 89 90 71 67 79 62 65 72 61 79 110 100 82 56 54 50 49 69 54 61 60 48 99 84 96 61 64 43 47 70 43 45 35 26 41 58 65 74 57 73 78 68 73 30 21 23 30 25 29
44 50 64 61 54 74 95 78 78 61 74 96 79 55 59 59 66 58 52 54 75 78 75 81 74 81 93 21 27 33 77 81 69 72 73 13 16 12 16 17 60 52 59 57 36 17 18 18 19 19 17 14 12 45 44 45 14 15 19 15 9 16 16 13 21 9 20 20 16 16 17 19 20 19 15 13 27 13 24 20
28 14 19 22 21 42 39 42 41 43 42 45 39 12 19 16 14 17 14 29 10 8 11 14 7 15 10 42 30 33 23 25 17 26 17 53 66 68 66 61 72 56 69 70 13 27 22 15 20 24 26 15 24 38 34 40 51 57 65 65 57 54 52 68 64 56 90 93 68 99 63 63 62 49 72 62 65 69 65 68
23 22 23 27 23 34 34 38 40 43 22 37 28 28 38 31 24 35 40 21 14 7 10 3 20 18 13 24 21 25 63 72 52 74 58 19 30 33 24 23 26 23 18 30 29 29 43 35 71 71 64 70 69 40 42 36 23 18 20 24 19 14 11 20 9 17 23 25 25 22 14 15 18 23 46 48 52 73 55 45
54 56 54 54 69 54 52 54 47 54 54 62 56 42 42 43 33 46 47 31 45 48 36 45 52 66 54 111 141 148 137 149 134 137 146 68 89 83 89 79 79 109 91 107 22 27 24 30 23 12 11 24 16 32 29 31 53 48 62 75 62 14 22 22 13 29 22 37 27 36 19 27 22 19 15 10 19 12 10 15
62 84 70 86 77 38 32 32 32 44 29 25 39 73 78 63 77 70 79 83 59 66 46 61 62 68 67 45 42 41 19 26 22 15 17 18 13 25 22 23 31 51 28 40 56 53 50 61 49 47 64 59 59 31 29 24 13 13 17 15 22 27 25 23 21 21 15 18 19 19 17 20 21 11 93 85 71 76 99 86
156 140 136 156 141 100 92 89 90 105 98 92 97 106 87 88 91 85 81 99 95 109 111 101 99 114 108 133 131 127 50 64 50 53 47 82 84 79 94 66 85 68 103 85 17 23 21 23 50 52 58 60 59 32 23 33 21 15 26 19 20 19 16 13 11 17 28 27 28 24 28 31 23 32 62 62 65 64 75 79
76 93 67 74 81 50 54 71 56 68 51 63 54 85 91 93 80 99 88 79 65 66 52 54 53 72 74 24 37 29 54 47 53 49 43 18 15 10 18 19 61 74 49 46 58 56 50 57 80 96 93 91 93 61 61 69 55 65 35 47 45 45 67 52 60 51 78 77 82 71 48 68 56 72 56 38 39 46 42 51
22 24 18 19 24 31 23 31 40 34 26 26 35 30 21 31 31 27 19 29 62 64 72 50 70 58 70 86 110 120 94 87 87 86 84 19 15 19 13 15 39 37 27 43 84 75 60 82 38 32 33 37 42 94 108 101 66 80 62 84 81 51 53 58 42 51 66 73 55 56 65 59 55 58 32 38 37 33 23 34
58 66 60 69 69 35 34 40 34 38 39 34 38 71 75 71 69 72 71 72 65 66 50 69 56 69 53 48 33 52 16 13 10 21 21 20 22 23 22 21 32 24 25 23 56 50 53 57 50 60 56 60 57 22 29 25 13 13 24 12 19 77 76 63 70 67 62 77 79 72 97 105 113 119 49 55 52 48 41 45
17 20 22 19 13 40 48 62 40 60 46 57 50 10 15 14 16 15 8 16 14 11 18 11 12 14 13 28 28 22 72 60 75 70 63 13 17 10 9 20 47 42 34 38 76 80 69 69 64 63 56 53 67 38 37 41 11 17 21 26 26 15 16 14 15 12 19 16 19 18 18 17 25 19 24 30 15 21 21 24
18 20 16 14 24 17 18 19 14 11 12 13 25 15 22 17 12 11 15 20 11 13 8 8 13 11 14 35 35 46 26 30 22 24 26 25 28 23 23 31 59 46 48 58 77 78 73 82 30 32 37 45 29 29 36 25 89 82 71 87 90 33 17 28 21 24 27 23 18 16 14 28 22 26 18 19 15 12 9 9
75 61 58 77 61 60 70 64 57 77 67 50 71 53 55 70 47 63 57 54 92 96 85 101 107 109 104 43 43 39 25 25 29 22 36 70 79 61 81 81 76 75 60 56 23 26 18 22 27 21 20 24 13 42 49 46 29 18 27 26 34 20 37 12 32 19 19 20 20 26 31 45 21 36 85 88 82 74 97 98
69 76 67 66 101 57 51 46 44 42 45 55 55 72 92 86 86 92 95 81 48 48 47 65 48 55 36 173 176 160 143 131 122 121 131 68 75 72 86 99 98 116 88 126 28 27 23 36 56 45 49 53 59 40 32 33 50 44 63 53 52 73 82 76 88 76 66 58 62 51 108 96 122 96 121 130 122 108 111 121
17 25 19 14 14 11 8 10 12 8 10 7 13 13 13 17 17 14 13 15 13 18 13 11 10 17 17 35 40 40 54 65 53 53 59 18 21 27 26 16 33 35 25 34 67 52 71 65 58 62 47 53 56 22 29 29 71 70 69 82 84 19 19 16 19 13 24 43 35 33 15 16 21 18 11 14 6 15 10 13
25 23 20 11 18 55 52 51 45 54 37 56 44 55 40 42 58 44 35 52 15 11 22 24 15 20 15 47 41 45 13 14 17 14 18 98 110 94 107 103 28 24 30 21 56 59 52 47 101 67 85 74 74 25 36 22 26 17 29 21 24 18 19 9 23 10 39 24 30 34 19 21 11 18 69 78 75 81 90 71
29 27 36 17 27 36 51 26 48 28 41 44 33 56 42 39 42 52 40 44 14 11 14 12 15 18 8 24 27 24 83 67 76 71 79 20 19 14 8 19 38 18 36 28 74 67 69 77 60 56 58 52 49 74 72 72 57 47 47 53 54 46 50 72 49 65 50 52 53 38 56 45 42 40 90 96 90 94 113 93
18 19 14 15 19 18 15 14 19 15 12 19 11 14 20 8 14 15 13 11 50 68 65 63 52 71 66 30 29 37 21 18 19 32 16 29 23 32 24 19 60 61 72 73 63 58 60 39 60 52 59 59 61 45 61 55 90 87 68 93 71 131 126 130 102 93 62 74 63 59 62 57 78 87 32 24 32 26 36 34
103 86 83 97 79 55 56 46 57 50 56 27 57 104 90 104 99 102 106 117 33 42 39 43 40 42 45 22 43 34 21 22 33 22 23 28 25 28 22 20 24 16 24 29 24 31 29 22 60 49 61 81 73 37 39 28 58 58 53 63 64 92 92 99 89 95 56 54 68 67 74 74 88 73 61 65 72 81 76 82
54 65 62 65 52 50 56 39 46 39 37 35 48 54 45 42 59 56 45 40 71 67 58 73 60 70 59 72 92 104 75 65 65 53 72 75 67 68 71 79 84 68 88 86 56 62 60 55 54 43 65 52 50 75 80 76 35 47 36 39 45 42 59 43 57 47 68 66 73 67 59 77 55 49 35 39 38 45 41 41
19 12 18 10 11 54 51 60 50 56 50 56 44 40 37 33 29 39 41 36 14 18 15 21 9 8 15 47 32 47 16 12 21 17 19 60 59 77 77 77 31 23 29 29 27 20 17 13 42 54 50 50 48 34 46 33 19 23 29 24 13 45 50 62 49 55 65 49 64 53 103 109 101 120 90 70 80 83 80 93
54 62 47 47 52 103 90 110 98 93 90 107 101 34 49 33 37 25 43 55 116 75 97 105 96 87 90 33 50 49 19 19 8 14 14 21 29 20 23 19 62 68 60 50 58 67 78 78 58 56 68 61 58 33 44 37 32 15 37 25 27 24 23 24 23 32 22 18 18 28 35 39 32 30 21 19 24 17 25 23
74 72 79 74 74 61 67 68 60 52 71 64 61 65 59 60 67 66 74 59 59 75 55 49 55 59 65 50 45 39 12 9 18 20 16 57 47 48 62 45 20 17 26 24 16 20 21 22 22 25 28 30 20 35 25 25 88 93 69 82 82 21 28 20 14 21 12 24 17 23 38 21 33 30 12 14 12 12 23 15
68 88 93 118 90 45 41 37 44 50 48 44 38 100 98 98 113 89 94 96 107 94 113 90 89 99 85 29 17 30 22 25 26 29 19 10 12 11 19 18 47 46 55 42 27 26 37 34 59 92 70 65 62 42 38 31 78 58 74 71 78 16 15 22 12 12 32 42 31 24 16 15 20 22 79 99 67 76 99 77
22 18 11 21 19 34 33 33 36 47 40 37 41 20 22 29 17 9 22 17 10 15 16 16 10 12 22 32 32 29 28 22 19 26 23 29 25 32 25 26 50 59 51 65 20 15 17 22 14 14 17 10 14 35 26 27 83 76 82 70 91 62 46 52 51 60 13 20 21 19 21 23 16 18 66 69 91 76 97 86
19 29 22 20 26 14 12 22 17 11 12 16 8 31 28 31 26 38 36 31 20 18 15 16 10 9 16 24 34 31 24 14 16 15 20 78 67 74 89 88 28 24 20 23 63 49 65 51 53 54 60 49 75 78 82 90 45 46 40 39 41 33 39 34 38 38 70 74 73 63 64 65 59 61 101 85 79 76 105 103
50 88 139 26 109 53 39 17 100 104 50 101 109 124 64 42 118 49 81 76 45 133 120 72 112 95 33 80 104 91 129 40 32 84 62 57 121 132 116 44 74 71 30 31 91 105 100 95 97 101 112 101 100 92 87 105 94 64 81 83 97 78 97 99 102 34 104 78 84 98 85 98 93 91 117 130 113 121 117 122
157 298 445 602 744 848 947 1058 1181 1287 1388 1496 1611 1762 1874 1988 2108 2233 2360 2480 2599 2739 2865 2972 3090 3205 3325 3501 3698 3870 4091 4300 4525 4754 4990 5110 5240 5409 5556 5717 5819 5949 6080 6207 6329 6435 6546 6642 6744 6861 6985 7087 7188 7290 7399 7511 7611 7720 7834 7936 8038 8170 8297 8428 8531 8629 8748 8856 8981 9086 9195 9305 9428 9549 9671 9802 9925 10047 10165 10288
12 54 25 16 42 30 32 10 14 14 13 32 14 14 17 19 47 21 31 20 23 22 28 39 58 23 13 38 32 22 37 24 14 26 26 24 25 29 19 1
