20 40 60 71221
210 186 204 176 175 140 144 143 140 90 98 104 92 109 81 83 95 129 150 137 129 171 142 188 173 97 114 82 99 107 105 145 141 135 141 135 145 150 136 143
60 62 55 73 32 60 63 45 55 40 57 45 28 58 41 43 48 19 27 27 28 31 25 12 28 36 54 43 54 41 39 29 31 27 25 65 58 57 61 65
30 32 33 37 28 21 17 31 14 10 15 14 12 14 16 17 19 21 27 30 34 104 96 118 76 89 74 89 109 84 85 30 21 24 30 23 30 26 19 29
62 53 54 59 66 40 57 49 45 70 58 52 58 51 59 49 55 20 28 27 30 30 35 23 28 44 48 49 30 41 39 26 27 21 26 19 24 22 25 26
145 140 161 144 123 135 123 116 118 115 91 101 107 110 112 89 93 121 119 135 150 144 157 132 146 104 108 110 107 102 105 63 84 97 77 83 89 59 63 71
144 156 141 161 113 138 122 138 144 118 128 116 107 122 118 110 118 146 136 134 141 119 132 122 131 113 112 129 107 98 111 69 89 91 77 110 151 120 119 112
120 109 122 119 122 84 104 110 96 90 102 105 71 61 68 90 98 116 92 111 104 129 145 129 119 98 84 104 96 125 90 89 94 84 82 128 126 134 122 121
63 78 72 70 47 55 64 39 63 75 70 84 84 64 80 66 86 77 79 92 65 19 27 28 24 34 36 36 35 32 44 64 64 69 57 24 19 27 13 24
111 138 135 133 117 125 143 114 126 83 109 113 84 114 79 84 73 119 137 128 130 137 139 128 108 108 109 116 123 112 120 76 88 85 84 120 135 136 109 131
152 156 130 177 126 155 165 154 170 93 111 91 82 81 89 86 91 123 124 146 115 155 177 159 159 112 90 110 110 115 115 81 81 94 79 123 122 130 132 131
120 148 133 136 99 102 112 90 109 106 117 99 108 112 130 118 104 155 168 149 147 121 114 119 153 81 79 81 91 91 87 93 78 123 112 119 122 121 97 106
69 73 60 64 55 56 47 47 48 51 59 64 54 64 61 65 49 24 22 28 30 26 31 26 23 15 28 24 14 23 26 30 39 32 32 91 82 77 72 66
68 69 60 64 42 43 39 40 41 20 15 16 20 16 8 11 11 29 30 37 31 82 93 88 86 81 88 82 91 82 78 77 86 75 86 64 68 74 70 61
24 32 31 38 28 28 23 16 16 53 55 60 52 56 38 57 43 27 33 21 28 34 36 32 28 50 53 49 51 45 34 75 58 66 61 73 48 62 45 68
32 30 23 31 25 30 29 21 21 14 12 16 13 7 21 19 20 28 25 21 39 38 32 31 25 37 47 39 26 35 39 27 30 22 30 34 31 17 19 20
79 85 120 82 76 64 87 72 81 33 45 47 44 32 60 39 32 93 89 103 99 126 134 152 133 99 108 106 124 100 102 86 76 80 83 71 88 83 82 87
29 39 18 23 21 20 27 26 25 54 38 48 46 52 49 47 46 33 33 30 22 28 34 20 25 21 24 13 26 24 26 28 21 29 21 71 80 86 73 70
130 149 151 162 122 133 99 126 113 120 118 118 129 132 141 120 119 124 113 131 130 149 161 140 166 106 94 99 96 113 109 118 143 132 134 123 122 99 124 121
36 28 27 25 23 27 22 26 31 57 50 41 41 35 45 45 60 30 24 27 26 24 31 27 34 19 11 14 19 12 21 32 18 20 26 14 24 19 16 24
147 100 145 98 161 113 129 141 113 48 77 100 73 66 62 114 109 119 117 86 123 151 167 160 168 138 115 127 123 119 121 132 114 108 130 147 143 150 150 137
211 398 603 781 957 1113 1279 1434 1605 1726 1855 1974 2104 2237 2379 2500 2620 2776 2945 3095 3246 3418 3596 3785 3959 4098 4214 4344 4469 4595 4717 4863 5007 5143 5285 5433 5585 5736 5887 6031
15 62 104 87 21 19 18 50 16 11 16 71 54 73 148 24 94 9 107 1
