20 40 60 68203
79 80 72 93 73 67 67 130 126 120 121 119 33 42 47 53 50 32 78 80 70 72 75 88 77 87 90 68 72 95 90 126 119 116 160 190 189 123 107 110
33 33 41 44 38 34 42 128 123 116 118 113 48 40 45 40 42 44 75 88 79 75 71 65 84 68 62 65 94 77 74 42 38 38 45 46 45 41 48 37
44 43 36 38 37 43 37 56 66 58 53 53 82 85 97 83 105 106 39 48 28 35 38 39 40 40 40 33 23 23 27 41 27 32 33 37 49 35 41 37
13 15 13 18 16 16 19 28 21 23 22 24 23 24 21 19 22 25 40 45 50 64 58 45 36 53 48 33 21 32 19 35 45 41 31 37 32 42 41 33
36 35 34 32 35 35 47 51 49 69 54 61 59 54 48 54 69 39 33 28 39 25 37 35 23 30 24 27 32 38 21 39 51 46 37 41 47 31 31 41
46 45 44 42 45 34 42 66 70 71 65 73 53 56 58 31 55 60 35 24 27 37 42 32 34 37 38 74 77 82 81 41 49 39 37 41 39 32 35 33
45 59 44 44 48 50 58 122 124 114 128 118 45 40 41 35 35 52 57 54 66 68 66 57 52 70 53 155 146 139 125 142 129 143 110 120 100 129 112 134
73 77 69 67 73 60 81 26 17 20 19 17 17 19 19 21 15 19 16 10 10 13 12 12 14 10 15 62 45 65 57 37 47 38 103 90 99 34 37 31
17 18 13 15 23 20 24 21 31 22 30 20 22 24 17 23 16 14 66 54 61 59 58 56 47 49 53 63 76 74 83 44 32 46 39 36 41 40 54 41
46 63 49 51 64 54 52 19 35 22 19 17 29 22 23 18 18 24 69 58 52 71 51 66 51 50 54 28 30 27 28 33 35 48 41 35 36 39 44 41
35 37 41 43 43 47 36 59 65 55 71 65 68 46 55 45 47 54 61 67 76 81 73 80 54 62 68 55 74 75 53 51 40 41 35 47 45 29 43 33
57 44 55 34 35 40 43 78 92 87 96 80 44 53 46 67 44 45 20 23 28 35 28 30 33 27 29 123 132 145 143 100 113 99 204 187 182 125 112 112
47 49 40 51 50 47 45 78 56 58 50 52 87 78 81 84 92 69 63 70 56 61 60 53 64 76 66 34 30 30 33 42 44 47 37 28 33 41 37 47
61 86 74 75 57 79 70 53 52 62 51 57 75 85 79 75 75 69 21 34 33 25 27 35 39 21 36 39 30 29 33 46 34 39 90 71 83 36 48 49
47 54 29 48 58 43 49 47 52 62 62 51 99 100 84 85 84 108 32 36 45 26 27 38 40 28 30 81 62 69 78 43 42 49 112 100 88 29 43 32
80 93 93 97 93 101 76 108 107 86 88 82 47 51 43 42 41 56 76 66 67 73 68 65 68 55 64 154 147 162 142 117 121 113 152 139 134 161 141 125
50 41 46 48 52 48 53 74 67 86 56 67 85 96 92 93 103 87 79 57 70 65 50 86 57 68 75 70 61 72 68 36 36 43 47 37 47 47 37 42
87 83 111 86 74 74 65 78 61 60 61 61 53 66 51 45 61 57 37 33 32 34 35 34 33 39 32 68 75 66 66 42 44 49 50 37 23 43 47 44
90 77 94 83 83 113 96 64 53 64 63 62 84 105 85 84 92 85 80 75 64 75 81 61 69 95 94 67 61 61 73 41 49 46 98 93 93 44 44 42
95 91 117 102 84 91 83 110 120 123 105 105 63 53 57 95 47 77 81 86 85 86 82 90 105 82 88 112 34 153 101 54 72 73 82 194 74 142 93 64
100 203 326 434 537 662 769 913 1053 1186 1328 1460 1570 1687 1795 1898 2015 2135 2224 2322 2410 2502 2592 2690 2798 2904 3008 3180 3343 3522 3680 3837 3980 4138 4363 4573 4782 4960 5116 5264
24 38 70 108 62 66 24 66 86 70 50 25 56 52 51 25 54 39 33 1
