40 80 60 72096
25 27 28 33 75 78 87 69 68 72 73 52 57 37 34 39 41 43 45 47 44 24 29 28 30 29 24 18 21 17 29 11 18 18 22 26 18 19 71 63 78 63 32 41 32 29 24 33 30 32 53 58 72 59 75 69 76 64 70 60 56 70 57 47 74 114 110 110 109 92 102 107 103 109 81 110 98 107 121 101
86 93 110 99 129 122 132 131 121 58 52 46 66 15 19 18 19 20 13 16 25 27 32 24 24 33 57 64 53 47 66 42 45 40 51 30 33 51 49 70 63 53 40 42 31 29 28 31 25 21 52 54 24 27 23 17 17 17 20 21 16 8 23 15 22 15 22 24 19 18 31 39 46 48 31 39 37 45 43 28
29 36 37 24 24 22 18 26 19 75 63 68 77 48 51 46 49 42 38 40 54 20 27 22 27 32 28 17 14 21 25 20 16 17 22 26 14 23 27 24 29 34 123 121 134 115 28 42 36 35 61 63 82 70 67 85 68 60 66 66 80 77 93 79 84 74 86 82 74 71 71 54 58 38 54 52 41 45 41 45
91 94 89 90 79 74 60 78 78 52 55 51 65 48 64 48 50 38 51 47 44 73 94 104 93 76 128 140 120 113 139 54 78 76 87 78 68 70 72 54 55 62 27 26 29 25 36 31 32 41 56 60 20 17 18 21 18 21 13 19 14 24 25 27 33 18 22 25 19 16 26 44 45 45 34 48 43 49 43 63
31 29 19 24 19 26 12 35 21 53 66 59 66 22 15 17 16 10 16 12 14 27 22 27 26 29 28 32 23 28 31 84 77 67 83 70 75 62 19 29 23 32 107 99 91 111 27 25 33 25 73 57 83 96 95 82 84 87 91 73 81 75 75 79 90 128 132 109 107 128 116 96 103 97 99 99 93 121 80 90
35 33 29 33 74 67 81 61 80 57 73 52 55 88 82 83 76 81 74 96 84 68 69 80 86 94 95 81 71 93 95 61 64 62 75 70 61 65 19 31 37 27 38 34 34 27 26 32 27 28 57 55 106 102 102 111 100 114 97 137 139 126 130 112 120 84 82 78 69 78 71 72 76 85 69 76 84 69 92 72
31 33 30 25 25 28 24 21 27 74 60 53 55 45 54 45 35 49 44 38 44 19 22 20 23 28 75 53 55 70 72 48 44 44 50 36 53 55 80 84 67 74 39 32 28 37 35 43 29 36 53 65 17 14 24 18 17 21 26 22 27 18 23 22 21 22 27 24 25 21 23 11 14 13 12 15 10 12 15 18
29 29 32 39 29 19 33 22 23 69 71 73 60 14 14 13 15 14 16 12 10 21 26 28 35 21 27 30 18 17 21 17 18 18 16 17 24 11 42 31 32 24 23 35 29 37 36 29 34 42 64 68 31 34 29 25 37 34 39 20 24 32 27 17 23 69 80 81 77 82 76 84 70 71 69 56 69 76 75 74
102 93 121 99 90 97 83 75 98 50 53 56 57 18 22 21 21 14 18 10 18 23 17 18 28 25 26 23 29 25 28 57 43 56 75 75 53 65 32 26 29 31 27 35 25 25 24 38 41 32 72 58 113 104 93 101 110 119 117 113 111 99 136 134 142 73 80 81 70 67 94 79 78 71 77 83 82 90 88 94
33 44 32 34 29 28 36 22 29 57 61 58 54 76 71 82 76 64 79 76 64 52 46 67 43 53 18 26 20 17 27 60 70 72 71 58 62 68 26 27 36 27 28 30 32 19 80 80 57 64 81 64 29 17 18 17 19 28 15 22 21 23 24 26 25 32 17 20 24 23 26 19 10 18 15 18 14 11 13 10
37 29 26 48 27 28 40 27 16 63 71 53 69 96 98 96 97 98 95 114 92 131 140 144 133 139 72 90 90 82 55 56 65 42 65 62 41 59 24 29 25 34 37 35 34 31 84 74 60 70 56 75 23 35 36 42 47 28 36 22 19 22 37 19 21 21 16 21 22 14 13 30 41 44 44 44 35 37 39 30
32 39 25 28 28 25 25 30 31 52 53 63 45 55 50 42 49 46 38 55 27 62 49 42 58 50 61 58 43 68 60 98 81 111 88 103 112 77 70 60 55 65 43 23 33 30 31 37 33 26 71 62 18 18 19 24 20 19 21 16 21 11 18 17 20 11 10 20 21 16 28 51 48 59 41 28 51 51 53 48
27 27 27 26 24 19 23 23 13 59 67 64 59 20 12 17 22 16 21 11 16 93 105 87 109 109 33 32 24 22 25 77 63 60 61 65 60 74 55 60 62 62 28 23 35 28 33 27 37 39 56 56 105 93 104 102 88 105 87 73 68 91 88 83 62 169 146 142 134 127 132 120 124 134 117 135 122 117 132 111
36 26 34 21 29 29 29 23 22 60 61 71 60 51 66 65 74 57 65 69 53 67 74 71 67 60 17 33 21 24 21 26 17 15 16 15 21 22 28 23 31 30 148 135 125 133 105 94 94 90 54 56 23 19 25 26 24 14 14 20 18 21 26 25 17 14 24 26 21 28 25 37 39 35 31 49 39 47 35 38
106 101 101 91 87 77 79 65 86 57 62 65 75 19 21 17 14 17 19 14 20 31 25 21 15 28 62 48 49 50 45 73 68 65 65 86 79 74 25 32 25 27 25 37 41 34 35 30 32 31 59 61 86 72 74 57 67 69 67 87 68 82 84 89 87 67 58 68 87 62 63 43 32 47 41 46 42 43 37 45
130 123 108 114 94 86 82 95 96 54 67 72 69 36 43 52 30 49 34 47 50 154 122 157 119 139 86 89 90 79 102 55 74 75 61 64 54 65 30 30 32 38 136 109 120 132 29 26 31 30 70 50 92 70 82 79 96 73 94 68 66 58 73 63 68 74 59 65 76 60 73 93 84 81 90 68 72 73 82 83
28 30 34 31 18 24 18 18 30 51 64 61 71 33 30 37 46 32 43 39 41 61 69 56 69 59 22 22 18 18 24 20 14 14 13 15 16 14 62 69 78 79 31 37 27 31 39 28 27 21 58 49 18 14 18 17 15 18 16 25 29 15 29 18 27 23 17 15 18 12 18 47 37 37 36 49 47 51 52 54
26 27 30 23 25 28 35 24 18 66 58 61 74 74 76 77 86 80 72 94 64 92 96 85 84 84 102 73 95 81 88 38 51 53 50 53 48 51 33 30 34 38 27 29 34 32 28 20 28 29 61 74 98 70 83 83 100 85 102 83 60 71 69 79 72 73 76 81 78 77 81 89 83 89 82 76 87 83 82 100
30 41 26 34 27 21 19 21 19 52 57 69 62 15 20 19 16 10 13 20 19 35 23 23 20 26 61 61 70 43 76 38 30 35 34 31 36 35 33 39 31 39 102 109 122 134 32 28 21 32 84 60 56 51 35 39 38 33 45 16 17 16 17 18 21 71 63 75 74 75 62 87 86 87 93 76 78 97 95 73
104 96 103 103 145 137 138 151 125 71 70 56 52 47 58 61 51 58 44 62 52 31 22 18 24 15 57 65 58 76 72 44 32 42 36 34 31 37 31 36 28 35 31 32 28 27 28 41 32 26 63 62 70 68 75 66 72 70 58 65 54 63 48 66 63 26 25 31 26 16 16 9 16 5 10 11 15 11 18 11
34 34 36 40 75 93 97 77 86 66 74 70 64 48 63 52 52 57 60 60 50 24 23 24 23 23 30 31 23 28 28 20 23 16 18 20 17 18 68 70 84 54 32 31 22 28 35 35 28 44 55 69 57 62 51 57 59 58 65 78 70 67 67 74 64 80 85 74 89 83 71 49 40 66 59 53 46 50 58 50
40 29 33 29 22 23 20 25 21 55 65 70 65 75 83 96 100 83 104 107 104 66 80 78 78 83 80 92 96 74 72 66 51 68 62 71 52 62 33 26 33 35 26 33 26 31 31 34 44 33 67 58 95 86 96 105 88 107 84 75 78 62 57 67 69 28 23 18 19 25 12 36 49 49 53 37 35 35 42 45
33 27 22 38 68 65 59 67 68 66 70 82 63 45 45 49 34 36 52 35 45 57 51 60 81 61 23 28 23 20 24 21 4 18 14 25 22 12 72 55 60 62 30 30 36 37 30 32 18 36 74 65 21 7 15 14 24 20 18 22 23 22 16 23 31 64 71 63 68 74 73 85 73 64 65 74 88 95 74 81
36 30 40 31 86 100 80 89 87 65 71 69 60 49 67 65 47 59 67 52 58 20 29 17 32 17 21 25 21 18 25 17 22 18 14 19 26 16 64 69 76 73 26 21 27 31 94 82 100 78 74 60 48 48 76 52 55 45 50 78 86 77 99 78 85 16 18 22 18 25 20 12 19 11 12 20 10 11 14 12
107 97 85 116 75 71 81 48 78 70 71 55 57 59 58 65 74 61 63 57 69 55 60 68 61 65 27 24 28 22 31 10 11 17 23 16 14 22 28 40 28 20 38 28 33 41 88 85 96 100 54 62 61 73 70 75 67 64 68 67 70 80 70 84 63 27 22 17 15 12 21 11 16 12 9 15 14 11 14 16
100 94 103 97 87 83 87 84 94 63 61 73 67 53 45 47 45 38 46 46 44 61 55 55 65 50 25 31 20 27 26 72 58 61 71 57 75 69 31 37 24 20 29 29 28 30 21 33 21 31 71 57 75 66 82 68 78 73 62 67 74 65 77 70 66 85 82 88 88 84 86 63 68 69 65 55 57 69 81 73
31 25 34 31 19 31 32 33 26 76 68 51 54 92 103 105 98 97 101 99 94 126 149 132 120 138 117 109 108 129 122 75 64 76 82 85 89 79 67 69 83 69 33 33 32 38 35 25 32 25 60 64 25 28 13 16 18 22 20 21 20 16 21 11 24 8 20 22 25 15 16 12 15 11 11 21 18 10 14 10
122 119 109 116 80 83 69 91 78 64 66 63 77 86 101 79 97 97 88 97 95 118 120 138 106 124 105 85 82 79 73 58 55 48 43 67 54 60 43 39 30 31 33 30 32 40 72 97 101 89 65 60 66 45 75 55 62 53 64 83 63 88 58 90 97 27 26 20 17 24 27 17 10 11 12 10 16 11 14 10
30 36 26 37 74 78 92 62 70 64 68 55 80 65 69 68 48 60 54 49 55 26 24 14 20 19 18 30 26 26 22 25 16 26 20 20 20 16 61 70 49 55 23 31 27 23 86 74 99 83 58 47 30 43 33 30 40 35 34 22 23 20 19 24 21 16 26 16 16 13 20 41 48 40 41 41 37 44 43 32
26 30 38 31 65 73 73 76 77 60 46 55 64 71 76 60 70 80 93 73 72 71 65 74 81 75 28 26 27 22 22 77 71 67 72 62 65 64 31 26 23 22 40 35 20 32 111 101 92 89 75 65 17 13 23 16 19 20 17 17 20 16 29 17 13 75 60 69 55 58 58 60 49 51 55 62 63 59 63 57
29 28 31 27 28 27 36 22 25 71 74 63 70 79 93 75 81 80 80 89 97 68 87 95 94 98 94 103 83 95 96 65 65 78 74 69 78 68 29 23 29 27 39 25 30 32 30 32 28 34 55 55 15 21 23 17 19 16 25 18 16 22 15 28 22 64 72 61 50 62 64 44 54 44 34 54 53 55 28 45
30 26 24 27 64 89 93 96 101 43 65 76 67 15 15 23 20 10 8 17 18 30 15 18 18 22 17 22 21 20 28 65 60 67 76 93 72 52 67 59 61 84 30 36 32 34 40 31 33 38 60 61 15 22 18 13 25 15 17 19 21 14 19 15 19 16 17 17 19 30 21 41 54 42 52 42 58 63 43 55
33 30 35 41 18 16 31 30 27 61 50 67 58 46 43 50 50 47 43 45 43 25 26 18 27 28 58 62 46 59 70 41 43 38 48 48 49 35 38 26 23 24 95 104 114 99 97 79 104 91 69 62 16 18 13 17 23 18 18 16 12 19 23 19 17 65 72 75 81 78 77 46 54 60 57 65 57 52 58 60
38 33 31 35 84 69 74 74 74 76 60 77 67 16 26 16 18 15 14 15 24 26 31 24 26 23 11 31 21 18 23 15 24 12 18 17 13 15 30 41 35 37 43 40 35 26 39 33 31 24 63 71 155 149 139 145 134 172 136 103 97 98 112 119 109 85 77 72 62 65 59 75 72 70 82 68 65 63 76 59
35 24 35 26 17 19 20 24 28 61 75 68 55 8 17 10 17 23 15 11 13 93 94 111 86 116 78 61 74 61 47 49 32 39 37 52 43 37 82 76 63 64 96 99 134 120 29 26 28 43 70 73 58 39 45 63 64 42 53 71 55 58 73 54 65 80 83 65 79 82 82 78 89 96 94 75 82 89 85 98
112 100 91 95 72 65 81 79 71 71 68 48 62 19 17 15 9 19 16 17 9 25 22 20 19 22 67 74 60 51 49 62 61 76 87 74 68 88 83 80 66 64 28 31 33 22 21 32 26 27 69 72 20 16 26 13 24 24 17 19 19 26 19 25 31 16 18 25 22 18 22 37 40 30 31 41 42 30 39 37
29 36 30 27 28 28 36 31 22 52 53 62 46 47 48 45 55 49 42 53 44 31 29 23 15 19 18 24 34 18 23 56 56 75 66 57 55 78 28 33 29 29 20 31 31 28 72 81 74 68 56 67 48 54 60 53 52 46 59 46 63 69 63 61 64 15 20 17 27 26 21 42 29 44 36 32 39 41 48 33
20 21 37 25 74 80 85 78 90 69 68 55 60 13 15 12 21 16 8 24 17 121 137 103 90 81 21 23 30 23 31 15 14 17 12 18 12 17 86 65 57 74 136 138 129 122 30 25 31 40 58 70 102 86 90 85 79 83 94 151 132 127 136 131 134 56 77 69 60 63 61 83 76 78 70 91 89 83 99 98
40 21 28 37 28 24 25 28 31 54 53 59 62 96 91 96 97 78 91 93 91 120 104 107 98 111 74 69 71 74 71 87 64 47 71 71 52 69 40 31 24 28 133 123 109 111 102 78 91 93 54 71 53 46 41 52 59 54 56 68 68 80 65 87 60 13 21 18 19 18 24 11 11 13 16 11 21 9 9 10
79 85 110 41 112 66 52 142 78 70 60 63 64 69 74 95 60 71 70 74 97 113 121 83 87 125 137 130 123 119 120 95 99 110 88 87 88 81 85 77 63 73 124 94 95 61 78 76 84 71 83 74 105 91 133 128 89 81 101 111 137 105 122 86 114 124 144 108 121 123 132 115 117 126 106 130 113 122 106 129
131 255 377 494 640 778 917 1069 1195 1272 1348 1431 1512 1609 1713 1819 1920 2019 2124 2239 2344 2499 2649 2807 2941 3081 3219 3360 3484 3614 3754 3853 3953 4065 4154 4258 4371 4460 4547 4632 4717 4802 4951 5090 5225 5360 5472 5574 5679 5780 5865 5941 6097 6247 6387 6533 6668 6841 6978 7130 7270 7398 7535 7670 7813 7983 8130 8273 8408 8537 8670 8791 8916 9051 9169 9305 9428 9551 9684 9814
24 26 30 29 21 20 40 33 14 33 26 37 23 28 21 11 44 23 25 21 23 25 30 22 29 23 17 16 36 25 29 38 24 23 20 32 34 4 20 1
