20 40 60 66904
39 45 45 42 56 48 75 74 75 70 64 78 79 41 42 35 41 46 36 36 33 33 35 18 31 28 32 20 14 29 22 17 19 21 11 11 19 13 20 14
39 52 42 47 51 50 63 71 67 63 35 37 39 59 90 63 91 61 73 74 90 113 98 109 28 39 36 56 58 63 68 55 53 47 59 45 45 50 56 60
60 68 64 71 62 64 34 32 29 27 27 38 28 64 63 52 77 64 54 81 91 85 101 85 35 43 35 70 68 65 88 84 61 85 85 98 81 109 104 94
110 89 98 103 107 92 86 94 97 91 83 106 75 90 77 80 77 89 75 70 105 98 100 101 38 41 37 58 50 71 53 67 66 75 62 64 76 76 80 62
17 15 18 16 17 16 28 29 32 24 45 38 42 61 53 63 54 45 59 53 17 28 20 33 28 35 30 15 24 21 16 16 13 20 11 13 13 15 20 23
13 19 27 18 16 19 22 18 21 36 33 33 35 15 15 13 15 27 16 17 32 24 15 26 33 39 44 14 13 17 16 16 22 18 18 15 21 18 17 9
56 40 31 40 44 64 46 64 73 54 42 47 40 58 44 42 68 57 49 63 37 23 21 23 40 39 33 78 73 66 74 73 70 82 69 70 80 62 94 72
80 75 93 82 61 93 74 78 66 74 85 120 109 83 85 90 94 68 96 113 90 85 93 97 100 119 107 113 116 110 108 101 98 96 94 104 116 85 110 109
102 104 95 107 108 111 89 109 105 109 98 98 98 88 85 110 84 95 90 81 131 126 112 123 89 85 100 92 78 84 85 76 90 108 106 119 104 129 102 96
82 84 95 83 97 81 60 70 64 80 136 111 95 96 84 94 73 110 104 99 66 56 68 86 124 106 119 59 57 50 47 48 47 57 54 50 45 45 39 54
103 123 116 125 121 132 118 94 88 77 79 102 106 51 49 46 45 51 39 42 127 133 134 108 98 90 103 121 111 118 107 108 115 97 96 110 90 109 114 81
17 20 19 19 24 21 39 27 32 31 40 32 34 75 64 64 72 69 70 66 29 28 39 26 39 38 41 72 76 57 60 69 72 104 89 108 95 75 87 113
101 89 98 102 100 104 124 107 99 126 102 77 96 93 72 91 73 79 70 79 26 29 36 30 34 27 49 66 62 56 59 67 45 70 69 62 85 71 79 83
30 39 31 40 47 56 49 50 57 47 29 45 41 19 9 13 13 18 12 22 71 75 78 79 47 45 38 61 80 70 63 52 66 56 40 52 49 53 44 55
89 92 103 81 111 112 102 102 118 105 157 128 148 69 43 65 70 57 63 54 77 80 72 74 116 98 120 51 57 52 53 42 57 43 36 38 41 46 49 36
88 85 76 94 93 72 69 62 71 78 27 42 28 69 67 61 74 69 60 69 77 78 96 84 34 40 26 79 78 70 75 79 65 47 50 65 51 44 55 48
126 155 170 166 160 138 161 171 172 170 168 211 154 123 149 129 104 128 122 162 129 143 132 130 85 97 89 94 90 103 86 88 91 86 84 97 78 98 76 87
24 17 11 27 21 21 30 28 17 26 44 32 51 59 57 80 74 69 81 78 28 30 23 40 47 28 35 76 62 73 56 72 64 49 51 59 53 67 46 45
84 61 58 65 79 78 86 84 102 95 80 74 89 39 40 53 40 42 32 49 23 29 22 25 42 39 34 14 17 23 14 20 16 14 11 15 17 14 8 17
102 143 167 134 151 135 152 143 152 136 168 171 154 120 141 88 84 121 122 158 149 158 169 163 113 119 109 104 85 112 107 88 103 108 101 116 116 124 86 110
127 283 454 621 782 921 1083 1255 1428 1599 1768 1980 2135 2259 2409 2539 2644 2773 2896 3059 3209 3368 3538 3702 3827 3947 4068 4190 4307 4426 4535 4644 4760 4869 4976 5096 5213 5343 5458 5572
95 41 33 34 128 185 41 16 10 30 23 59 24 69 23 42 15 60 71 1
