40 80 60 67180
73 64 85 71 69 80 115 113 112 115 108 54 70 67 66 77 146 115 113 115 99 118 127 136 123 103 97 86 87 53 46 63 58 50 63 50 87 76 72 72 34 26 26 28 42 34 41 28 18 27 15 24 33 33 34 17 19 12 13 25 12 18 7 25 24 25 21 30 69 59 59 71 55 69 56 25 20 15 27 21
54 46 52 54 52 57 73 57 91 59 62 47 62 66 60 59 44 50 66 57 55 61 132 145 138 100 100 92 95 34 42 53 48 60 45 57 105 108 104 91 100 107 96 97 161 148 152 104 78 87 63 79 139 140 144 84 84 102 79 89 104 93 97 76 99 64 79 75 40 50 68 57 52 42 53 68 74 74 85 75
87 59 81 87 68 71 81 86 71 76 80 105 73 84 81 64 65 51 51 70 55 60 125 133 128 113 99 82 117 57 49 47 49 44 60 56 81 101 94 102 103 93 112 107 114 125 120 66 74 88 85 86 141 143 108 86 71 94 98 97 96 87 83 84 64 79 75 78 47 51 59 41 41 63 48 145 157 126 151 137
77 88 98 88 106 109 99 96 96 82 91 80 82 71 71 76 63 73 56 59 53 47 102 108 122 95 100 75 76 51 53 59 59 70 52 50 94 85 98 95 22 26 25 24 37 43 45 51 62 57 71 69 31 40 46 73 62 81 78 76 68 89 68 34 36 35 51 48 12 16 17 19 17 16 14 24 16 19 23 25
101 116 88 109 136 123 114 92 113 98 101 126 137 154 151 125 91 87 117 126 124 97 135 148 123 115 123 107 97 96 96 90 96 69 99 107 78 82 84 70 37 21 24 29 41 35 30 21 22 27 28 28 32 33 36 49 52 56 60 52 66 66 67 25 27 20 26 27 76 75 79 62 68 53 71 23 28 26 21 22
57 50 42 41 49 50 15 19 21 30 26 23 23 18 22 20 19 24 16 18 17 20 45 39 34 22 23 31 24 37 40 50 39 40 29 47 21 21 31 24 87 97 106 93 160 155 152 80 86 88 96 97 144 116 126 53 66 75 68 59 56 50 65 81 80 82 94 92 92 63 56 68 62 75 72 80 82 75 67 89
91 98 103 98 94 92 52 75 63 45 90 71 81 68 65 67 95 93 93 101 100 86 32 34 32 27 29 25 27 60 60 44 56 48 38 47 34 25 34 22 35 24 31 37 57 35 37 28 26 24 21 29 46 36 35 19 21 12 8 7 16 22 15 26 28 19 14 21 11 25 20 20 10 13 15 28 26 24 26 25
18 19 18 22 21 24 26 12 23 26 28 61 63 75 71 81 53 48 58 53 48 60 40 42 45 23 25 25 35 63 55 48 58 42 55 61 30 24 23 30 28 28 30 34 55 41 37 75 78 69 78 57 44 36 47 89 65 74 70 65 58 60 71 47 47 41 44 44 18 13 12 12 23 13 16 22 17 24 28 20
74 104 104 119 111 94 135 126 107 128 134 85 76 88 90 93 57 49 51 49 58 54 44 52 38 23 28 22 25 47 37 54 59 53 46 47 26 32 22 25 136 139 133 125 141 132 170 93 102 86 80 113 105 140 148 74 49 51 50 66 61 74 59 134 125 131 126 115 59 44 43 48 43 63 61 78 65 72 82 65
44 31 61 50 34 65 60 70 59 56 60 20 20 22 35 26 18 21 25 23 18 29 37 27 31 81 100 82 81 57 47 58 49 54 78 61 94 81 84 72 24 28 28 22 33 34 38 28 25 26 22 25 39 34 48 48 51 45 46 48 44 40 36 25 24 31 25 22 63 60 57 59 50 65 63 69 71 52 72 67
71 72 74 60 70 72 55 48 48 46 55 27 10 25 21 22 18 23 25 19 19 17 37 39 28 24 28 31 31 65 62 55 69 57 58 55 71 93 87 64 16 22 35 35 28 32 38 56 68 56 81 78 30 48 35 42 38 42 44 42 61 52 52 25 30 27 30 21 18 14 22 18 18 22 21 77 89 86 70 81
55 37 47 49 56 64 57 47 43 43 56 28 26 19 22 16 18 19 20 16 25 20 39 38 28 21 20 30 30 15 12 16 9 13 22 17 25 36 31 28 35 35 23 29 34 42 37 79 76 82 74 63 39 46 39 65 51 57 59 60 67 52 55 65 42 56 52 52 53 66 64 58 58 69 60 72 73 59 71 77
46 38 50 73 42 51 21 18 20 24 19 51 56 54 55 48 48 44 51 51 49 42 29 42 31 21 30 30 43 16 17 26 18 17 18 13 30 30 34 23 30 39 24 17 39 55 36 18 28 24 26 19 35 37 29 68 65 72 73 72 70 102 80 53 63 60 42 41 11 19 15 18 15 15 13 64 78 63 72 84
95 95 81 93 100 115 72 88 69 83 63 80 67 68 68 63 45 67 88 74 78 77 42 39 39 73 79 61 62 52 40 30 45 37 43 50 36 28 34 32 29 24 21 34 45 50 35 20 28 20 22 20 40 42 47 61 72 75 62 53 64 66 68 46 52 51 49 61 11 23 17 9 22 16 23 60 56 78 57 69
46 48 59 76 52 60 80 59 60 75 81 91 93 103 97 102 112 126 97 115 91 116 50 32 34 61 61 80 54 57 50 43 48 53 62 46 34 33 28 36 89 130 90 90 123 120 126 145 163 144 152 144 124 112 111 48 56 52 60 43 63 51 51 86 87 75 83 71 62 75 57 50 50 64 50 64 71 62 77 89
67 57 64 54 68 66 64 68 68 61 69 85 85 87 75 100 61 55 54 50 61 49 41 50 41 27 36 26 24 88 84 93 81 83 67 84 92 105 85 87 67 61 51 57 44 38 37 19 23 19 22 17 26 44 28 63 67 57 54 67 72 66 75 44 48 50 56 47 15 20 16 15 18 17 25 80 80 88 91 72
46 51 56 60 59 69 73 69 80 59 67 69 69 79 65 61 71 67 73 56 65 57 145 132 126 71 104 98 86 83 56 68 73 64 63 75 82 89 85 102 92 98 107 102 142 142 160 71 83 83 70 59 111 144 116 75 93 62 72 65 64 90 74 98 105 120 105 110 50 53 62 68 65 56 59 75 91 95 91 82
21 12 19 21 21 17 22 29 22 23 28 28 23 18 27 26 16 24 16 18 25 13 32 35 28 27 22 33 33 12 13 14 19 19 9 15 33 28 20 25 103 102 109 109 146 154 122 81 70 61 79 71 121 135 110 104 95 93 96 106 98 98 94 94 105 80 89 108 100 121 92 94 92 105 101 102 104 97 83 97
71 84 91 74 65 71 76 86 83 72 74 78 97 91 80 83 49 56 67 59 59 57 40 43 40 22 33 21 26 49 58 60 39 44 51 61 23 26 30 24 21 25 24 25 48 43 40 53 79 77 66 63 36 42 50 33 30 21 23 34 31 27 23 38 42 37 49 50 69 65 72 59 63 64 68 26 16 21 20 20
18 16 23 19 25 29 26 27 24 18 31 26 25 30 22 28 81 76 72 77 87 64 41 39 50 32 35 31 32 21 12 16 16 12 10 14 21 19 32 27 30 25 24 35 41 43 32 91 78 58 78 91 46 46 41 55 38 56 47 57 57 47 49 19 16 19 27 13 54 60 40 63 56 47 56 14 26 19 20 20
54 44 42 44 40 39 63 74 64 47 67 21 19 19 18 21 12 16 19 14 25 13 36 40 43 72 87 99 60 45 50 37 56 42 48 37 103 106 96 88 24 20 33 18 30 36 30 20 19 21 23 22 45 34 49 34 31 37 38 27 35 36 38 47 59 48 61 45 55 52 49 59 50 56 63 19 37 29 26 23
49 54 48 47 53 50 26 24 21 25 24 22 21 18 26 22 20 18 22 24 18 22 41 40 51 34 30 33 31 14 17 15 13 17 11 18 38 28 27 29 158 159 169 156 189 153 137 120 106 109 134 118 115 136 154 65 57 45 57 51 45 44 43 93 86 82 85 95 116 114 145 133 125 99 122 106 85 122 86 91
23 16 26 21 15 21 23 18 14 19 22 24 28 25 25 21 17 22 19 25 20 25 46 39 41 48 34 28 22 45 35 46 38 39 46 37 26 21 25 29 91 93 77 92 168 142 163 70 69 65 73 75 137 133 146 76 77 63 84 76 79 88 84 91 97 95 96 109 101 95 113 103 99 99 84 146 147 149 146 154
94 100 94 104 118 111 66 85 85 79 81 60 70 68 66 62 58 50 52 56 55 67 103 97 101 97 83 118 113 80 65 76 75 73 96 84 78 86 84 78 23 30 19 23 32 30 36 30 31 25 24 18 35 32 42 64 56 58 50 64 61 79 54 62 53 51 53 59 19 18 12 14 11 14 11 74 68 66 69 69
50 57 45 59 62 54 67 51 63 66 64 19 19 22 17 22 70 69 54 79 80 77 39 34 42 27 23 34 32 115 81 92 95 115 111 100 82 88 101 85 75 80 69 74 26 39 30 30 32 28 15 27 39 47 34 21 9 9 12 13 13 17 13 32 16 24 16 23 13 20 19 19 15 13 23 20 17 16 21 30
49 22 46 45 33 46 48 65 50 64 54 22 22 32 19 15 19 24 15 23 19 17 50 25 26 29 30 35 27 55 48 56 49 36 40 59 18 25 25 29 85 100 92 108 128 127 100 90 96 98 110 86 159 130 159 73 77 71 87 83 94 72 77 85 63 71 96 94 55 56 63 65 63 60 67 120 123 113 134 118
41 54 61 59 43 56 85 75 73 85 76 54 59 66 55 62 101 122 145 114 106 111 120 133 123 116 131 125 138 53 57 52 60 56 55 59 104 97 90 106 83 71 53 76 44 40 35 27 24 18 22 19 41 39 52 52 56 48 47 58 40 59 42 16 17 30 14 26 11 15 16 22 11 13 21 29 24 17 19 21
48 46 69 44 67 57 55 55 51 48 49 19 31 21 27 27 12 18 15 15 15 20 29 28 41 19 26 23 36 48 50 52 69 57 62 64 22 41 25 29 31 36 25 28 34 35 25 19 20 26 17 13 41 39 40 66 79 63 67 71 93 79 93 50 52 55 54 52 59 64 71 74 64 56 64 50 56 74 56 59
17 26 22 19 20 27 23 15 18 23 16 19 19 25 23 18 19 18 13 22 15 11 42 32 34 36 27 25 28 72 60 59 72 55 60 56 94 92 96 110 149 136 168 129 132 133 123 103 104 85 92 105 149 161 155 101 78 81 97 88 97 84 108 79 103 96 99 91 74 81 70 58 72 64 65 77 99 91 83 101
58 54 71 69 55 67 63 79 50 55 59 58 64 56 67 80 132 116 114 114 100 99 115 126 126 136 119 130 112 44 44 47 47 50 58 40 105 99 95 109 31 26 27 36 31 31 33 20 30 29 25 26 45 38 38 19 31 32 30 26 27 21 24 55 39 54 36 45 68 66 56 70 74 74 69 19 22 18 18 25
23 19 28 17 21 21 17 25 16 23 25 23 31 29 22 27 19 17 16 15 19 18 37 28 37 64 62 72 61 73 103 99 82 80 72 87 76 78 108 95 38 25 28 30 36 50 36 32 17 19 26 28 34 38 32 61 66 56 53 75 65 66 57 28 21 21 23 16 63 60 70 77 69 80 62 37 15 28 22 28
53 33 41 42 40 50 22 18 17 19 31 21 17 21 28 26 15 20 14 12 22 14 37 44 33 66 79 85 70 55 56 56 50 62 46 50 77 88 81 90 114 106 95 101 133 134 134 77 80 83 80 60 137 125 139 56 55 48 56 45 44 43 43 102 105 79 88 82 67 64 69 87 70 75 63 80 75 63 76 82
58 43 61 60 63 55 65 70 73 65 58 83 79 70 80 64 68 54 56 82 65 69 48 32 42 30 21 21 27 93 79 57 79 79 90 72 101 105 99 85 48 64 57 70 39 30 42 18 23 23 13 19 35 48 35 25 34 34 38 28 31 40 32 42 34 43 42 42 64 72 70 79 76 69 57 19 27 28 20 22
14 17 25 26 21 25 25 22 21 27 15 31 25 26 25 18 28 19 18 15 22 19 36 34 30 26 29 20 24 49 53 52 41 57 44 48 38 25 21 20 28 36 25 26 34 30 34 26 19 22 22 22 47 28 58 52 40 44 44 57 47 41 52 22 25 24 26 33 52 58 69 85 46 59 50 53 61 61 52 63
49 56 45 55 55 60 62 69 78 86 71 125 108 115 116 95 110 104 118 100 96 106 27 36 45 41 34 22 25 82 76 84 75 63 68 69 108 84 96 101 127 122 132 114 155 147 152 80 85 90 81 68 119 125 124 114 97 92 102 91 92 128 112 85 75 72 87 90 58 48 47 61 47 49 55 110 116 103 107 108
9 15 18 18 15 24 24 26 22 27 27 61 64 65 57 68 106 107 113 98 113 109 43 42 38 40 33 34 26 52 51 56 50 63 66 55 26 40 38 26 31 30 40 31 46 43 44 16 20 25 26 20 52 33 48 37 36 27 37 27 34 27 23 34 42 64 55 46 14 14 16 19 13 22 17 29 19 21 21 16
80 104 80 89 88 96 60 60 65 61 60 18 20 17 22 20 27 16 19 19 27 19 32 41 24 64 56 63 62 17 17 15 15 10 11 16 21 23 25 32 167 157 160 157 147 130 144 65 65 83 75 76 130 110 118 39 45 45 41 39 50 39 53 94 82 75 94 93 63 60 51 68 47 61 55 78 70 68 74 79
74 63 65 61 79 75 48 53 62 75 64 24 29 25 29 25 22 16 26 30 19 19 39 50 42 28 35 34 36 14 18 10 14 14 10 15 32 28 31 31 26 31 27 26 36 52 28 73 65 83 79 72 42 33 31 19 23 27 24 32 27 32 20 35 52 32 52 42 40 65 52 60 53 43 61 21 23 21 27 19
44 33 41 38 51 37 23 22 24 36 28 26 16 23 20 27 14 18 21 19 17 21 40 36 33 27 31 23 20 16 15 19 15 16 16 13 24 38 39 31 82 67 69 78 41 30 29 20 29 32 26 24 53 45 34 18 17 20 12 14 19 12 16 29 22 17 16 19 18 24 10 21 16 18 24 25 27 11 21 29
51 45 38 41 33 49 43 56 47 52 48 52 61 60 50 43 53 43 62 43 47 50 40 37 40 28 30 33 29 122 101 89 85 108 103 84 85 85 83 87 28 31 34 26 49 40 42 65 68 80 58 74 39 46 38 10 13 16 16 14 15 20 17 30 35 23 17 26 22 18 18 9 20 16 17 29 23 33 26 23
112 241 356 488 639 775 925 1065 1190 1332 1480 1620 1772 1942 2109 2248 2410 2550 2711 2851 2988 3119 3280 3444 3597 3748 3893 4037 4190 4325 4439 4549 4656 4784 4907 5026 5146 5266 5386 5508 5693 5869 6056 6230 6439 6611 6799 6960 7140 7299 7467 7626 7802 7980 8156 8282 8390 8503 8616 8734 8849 8991 9115 9263 9402 9547 9687 9815 9944 10078 10239 10386 10525 10642 10777 10939 11113 11278 11445 11615
16 17 16 21 10 14 36 35 16 25 26 38 25 26 11 21 14 15 27 39 38 17 21 22 29 16 23 28 18 19 36 16 20 40 6 35 25 33 72 38
