20 40 60 60185
60 72 81 65 46 50 44 51 51 40 58 52 45 54 52 73 65 65 60 75 54 24 28 14 35 41 45 41 40 42 46 50 103 104 98 91 76 85 89 79
30 25 25 18 42 44 63 39 54 44 47 47 49 47 52 58 61 60 47 61 55 92 86 101 108 85 79 93 70 68 66 65 24 23 28 38 22 27 28 35
57 57 63 62 111 100 42 46 30 30 35 36 31 43 34 70 51 58 59 50 43 110 101 104 108 108 99 81 88 77 84 74 83 85 86 107 97 84 86 93
58 65 54 69 48 39 47 59 55 61 63 63 58 58 63 60 55 56 59 59 59 22 23 32 31 13 19 12 20 13 16 12 87 80 76 103 76 78 87 73
59 60 66 63 143 151 44 54 48 38 62 53 47 40 54 61 53 60 46 50 50 18 28 30 19 38 51 44 41 51 46 42 93 93 104 84 76 92 92 98
27 25 21 25 58 41 13 11 17 14 8 12 13 12 15 12 13 13 12 24 20 113 104 121 93 68 65 42 55 54 63 61 24 20 27 21 19 24 32 33
86 62 78 65 48 51 59 51 69 66 42 49 50 42 77 82 67 69 74 69 71 30 31 22 23 66 48 56 53 62 65 77 96 83 88 96 93 93 89 89
91 102 92 95 123 126 78 78 76 88 62 66 80 69 68 58 57 56 41 70 58 27 25 12 23 50 47 60 39 40 51 35 75 95 92 80 79 90 94 71
62 61 70 52 36 50 70 53 52 65 66 53 71 59 67 62 57 61 50 45 63 87 78 95 80 49 52 41 47 50 36 33 28 20 28 29 30 26 24 24
70 57 72 74 51 44 39 43 32 40 42 40 44 41 22 14 21 21 16 19 14 29 16 22 29 12 9 16 15 14 12 12 27 32 24 25 35 28 26 24
118 121 134 108 136 125 41 45 41 37 44 37 46 45 39 48 55 54 55 53 56 23 21 23 30 41 43 48 41 52 38 45 30 21 24 28 26 23 10 26
22 21 34 30 59 46 43 42 46 36 35 37 33 48 35 76 73 57 79 72 75 23 24 26 17 47 46 45 58 52 41 46 18 37 21 24 27 18 33 31
24 30 30 16 60 48 36 37 37 38 38 42 43 40 32 19 18 19 11 31 18 88 97 103 123 60 62 57 77 61 62 53 84 114 76 79 103 84 83 108
22 30 21 22 49 45 49 71 75 79 67 75 81 60 66 69 66 73 56 59 62 29 29 28 22 11 11 8 13 15 15 13 91 83 82 95 81 86 66 93
82 75 77 73 127 153 58 52 48 35 50 54 53 40 51 65 61 62 55 85 64 16 23 26 30 68 53 56 61 66 55 45 24 34 21 26 21 23 23 20
74 77 76 72 48 48 36 32 32 28 36 32 30 35 29 17 19 12 15 9 18 100 74 93 86 60 64 57 55 59 38 54 79 86 74 63 65 77 66 78
23 25 25 18 62 48 69 75 59 67 59 91 88 61 68 61 87 54 76 71 78 86 93 94 84 86 74 85 97 75 92 81 85 65 56 91 96 104 113 84
19 20 25 27 48 43 39 39 46 48 48 53 49 47 40 60 62 56 76 72 63 30 32 19 34 20 9 16 18 17 21 13 29 29 20 30 24 26 17 34
34 30 31 23 58 52 62 58 67 77 67 60 73 71 79 64 66 62 68 60 69 86 89 77 93 49 36 46 48 40 45 59 107 88 88 102 70 65 71 83
74 39 105 83 45 77 83 75 76 82 74 84 85 68 78 65 69 52 69 59 69 105 102 93 116 80 75 73 55 68 78 61 30 59 43 100 92 38 86 51
119 241 376 485 629 783 867 946 1023 1112 1187 1279 1368 1440 1520 1603 1691 1765 1845 1931 2010 2124 2229 2351 2475 2584 2684 2778 2876 2954 3047 3129 3237 3352 3457 3565 3669 3774 3888 3997
39 47 32 52 32 102 36 27 36 128 49 77 43 44 63 46 32 78 36 1
