20 40 60 66473
89 100 99 104 95 57 65 62 64 67 49 92 104 100 104 115 110 90 93 91 79 84 80 28 36 38 51 58 57 71 78 62 51 57 53 64 59 53 68 50
50 67 59 59 82 58 44 43 45 46 36 48 50 37 50 52 48 46 41 37 53 50 46 37 42 42 71 50 43 66 72 79 59 97 95 88 80 67 70 62
40 34 31 36 44 71 59 64 55 62 75 58 52 55 70 54 54 67 46 54 69 54 60 37 35 35 53 53 95 72 81 88 82 100 102 98 100 93 120 104
105 84 87 78 98 61 75 70 51 55 59 90 108 86 84 79 78 121 76 101 104 100 91 41 36 33 67 60 74 75 79 68 68 79 85 80 80 78 69 86
30 15 24 30 23 19 19 25 15 27 20 28 11 16 13 19 14 18 17 16 17 16 16 24 38 43 47 53 20 21 18 13 20 13 13 18 16 18 16 8
62 39 51 39 58 55 63 49 47 56 70 17 9 17 12 22 14 15 16 13 20 22 16 31 40 30 52 51 61 80 59 100 89 65 66 70 46 50 68 46
97 88 74 78 76 95 77 86 74 74 84 58 40 44 38 34 45 61 62 51 48 68 67 42 37 38 50 52 82 73 55 70 74 102 86 91 90 98 119 88
135 121 161 130 134 75 85 95 83 79 78 45 44 49 54 58 50 46 42 73 62 50 54 44 38 35 59 60 72 73 53 69 84 65 64 50 65 67 55 76
45 42 44 51 38 62 56 68 60 58 70 42 66 53 51 54 77 71 61 60 70 51 65 37 54 30 45 53 11 20 20 20 18 11 21 25 15 16 12 18
21 27 22 25 20 15 20 12 17 20 15 24 16 13 21 21 7 28 22 21 17 15 24 34 37 44 69 57 92 52 85 78 71 43 39 45 50 56 46 37
24 30 15 14 23 15 27 17 22 21 19 70 60 61 79 83 71 76 72 54 63 60 60 40 38 46 52 53 66 90 90 69 83 77 87 95 85 86 76 71
97 80 68 89 99 109 99 111 98 94 100 43 50 40 43 47 44 46 43 54 58 48 45 136 126 146 51 66 29 26 19 19 23 15 11 20 20 9 11 9
91 97 78 102 91 72 75 66 56 64 56 85 96 90 91 81 79 102 96 102 87 89 86 37 36 41 46 48 78 64 90 83 73 49 60 62 62 71 67 70
73 72 61 76 67 39 49 33 46 43 50 97 82 85 79 85 96 76 71 85 85 74 89 132 117 139 42 49 25 18 21 22 21 25 18 18 8 16 20 21
53 62 66 62 63 48 41 32 49 46 56 44 68 53 66 73 56 45 45 55 51 48 57 130 144 122 44 46 31 30 20 28 15 64 61 55 66 61 58 48
42 39 55 45 44 67 51 65 68 69 57 21 20 18 24 23 20 26 24 21 17 20 11 27 39 39 55 67 21 22 14 21 23 54 58 51 62 42 56 60
101 86 95 123 85 58 66 69 56 66 58 63 43 53 63 60 53 48 44 54 54 54 60 139 156 124 56 57 59 72 56 75 59 40 51 50 59 40 40 50
94 88 82 81 86 82 70 87 94 83 73 43 47 46 46 61 52 58 54 70 45 66 60 42 16 34 51 55 63 65 70 75 59 89 90 92 81 74 84 82
82 91 106 101 110 63 57 58 71 69 61 81 88 90 87 81 78 104 95 102 93 105 105 160 132 167 67 49 77 70 71 79 79 52 60 61 58 49 35 52
108 75 93 76 120 62 69 75 64 51 67 97 67 95 106 125 90 45 65 66 109 101 95 111 152 158 65 56 87 89 100 90 84 108 63 50 54 87 130 81
150 284 462 606 754 875 985 1108 1217 1321 1432 1540 1660 1771 1886 2014 2136 2270 2377 2490 2605 2722 2839 3016 3189 3374 3453 3528 3634 3734 3845 3956 4055 4168 4281 4390 4501 4610 4743 4858
39 35 48 24 182 67 37 33 68 94 55 40 34 34 47 78 28 30 26 1
