20 40 60 71062
103 102 97 83 98 130 104 116 116 100 102 112 92 85 76 81 97 92 111 113 120 122 104 118 103 115 110 88 49 64 56 56 53 50 93 77 102 87 85 89
45 40 50 48 55 64 51 68 63 64 68 74 85 71 77 71 99 77 85 94 104 73 91 87 63 77 67 42 50 34 40 40 35 47 60 74 80 75 64 60
111 123 94 111 111 123 102 102 103 99 91 104 90 91 83 82 78 76 88 99 75 105 96 84 95 99 73 36 28 29 34 32 29 34 60 54 49 26 46 34
52 54 54 49 44 38 30 23 30 29 33 40 91 98 107 99 95 85 152 154 124 114 107 107 95 117 111 100 83 89 72 67 85 81 100 105 89 99 100 104
26 14 9 20 22 13 18 26 15 14 19 11 31 29 30 30 26 33 30 39 48 17 15 6 11 16 18 17 19 14 23 15 15 13 29 49 33 36 28 23
27 22 20 22 17 39 48 51 47 47 50 57 38 34 36 34 33 25 31 32 27 16 20 14 19 21 14 47 49 48 49 46 48 47 20 16 20 18 19 21
53 53 38 47 55 54 66 77 64 55 65 54 94 95 87 71 83 77 105 131 125 116 111 131 107 104 131 159 147 144 139 139 156 128 119 94 126 113 106 119
59 76 82 73 65 73 69 75 77 66 73 90 34 41 38 34 31 28 28 41 27 21 19 11 24 18 20 17 19 15 19 8 11 11 38 31 37 40 34 30
77 97 75 92 105 67 76 60 68 73 68 79 100 101 99 79 76 89 129 139 144 58 56 63 60 58 60 127 110 119 116 97 124 118 136 117 133 119 114 135
106 85 80 82 74 74 66 57 79 64 77 74 67 81 75 90 66 70 101 106 96 49 34 45 31 45 38 102 109 119 127 105 110 116 126 144 122 134 136 118
118 106 117 105 113 92 87 93 79 87 103 80 105 90 92 90 91 90 69 89 68 51 57 53 58 44 48 61 83 59 69 80 75 69 43 41 33 64 51 44
92 116 95 106 107 132 111 123 121 101 101 104 109 95 95 113 94 106 112 101 113 65 69 62 76 77 69 48 68 54 65 59 62 68 83 103 79 87 102 93
90 108 89 93 82 78 77 64 71 87 80 90 97 114 100 96 100 95 83 81 73 53 40 48 45 47 51 70 72 62 57 83 85 61 50 39 49 67 69 36
19 23 27 19 18 15 16 10 12 10 9 18 44 41 32 39 25 36 36 37 33 55 49 59 60 40 48 61 65 59 71 61 64 63 32 37 43 39 32 32
73 81 81 65 72 47 37 34 40 47 43 41 35 32 29 38 37 41 32 43 32 55 75 71 73 63 71 58 51 57 55 51 47 46 60 52 56 47 63 55
52 57 55 46 64 40 45 33 37 46 47 42 93 85 83 98 87 87 140 116 127 75 65 55 51 66 62 97 87 94 109 102 82 93 136 127 113 112 117 116
112 96 109 107 91 74 66 67 73 75 64 70 75 88 88 95 109 79 118 132 144 70 57 67 47 59 73 108 108 93 96 111 117 90 122 124 117 111 128 113
104 114 108 104 127 128 113 136 109 124 113 107 108 100 86 75 73 79 118 121 113 63 64 66 83 75 71 143 152 120 140 149 164 130 100 97 89 86 87 99
74 54 59 62 58 72 61 82 81 86 78 84 101 95 85 97 81 91 89 90 102 46 32 46 49 40 43 154 133 142 117 135 157 132 83 88 112 78 102 104
17 20 26 20 22 15 19 18 15 19 14 5 25 30 32 29 22 34 30 30 32 60 53 59 66 63 62 11 13 14 20 13 18 22 19 15 21 22 18 13
119 243 361 473 601 734 848 985 1107 1232 1346 1459 1569 1684 1792 1906 2016 2123 2276 2431 2576 2699 2811 2943 3051 3169 3301 3461 3614 3759 3900 4050 4215 4348 4485 4630 4764 4899 5036 5172
25 39 33 25 204 93 21 76 18 20 21 25 37 89 42 28 17 21 35 131
