20 40 60 70881
97 90 105 99 83 84 106 83 97 98 98 89 81 75 84 74 57 69 76 70 45 46 59 57 39 46 36 75 60 80 67 74 115 142 106 54 61 57 45 56
60 81 60 72 70 70 42 42 46 48 47 54 84 84 87 106 91 73 70 84 45 36 45 46 33 42 41 19 16 27 21 26 41 42 40 24 32 15 28 19
47 43 38 42 45 49 59 56 55 55 71 64 54 78 73 70 77 112 88 81 75 54 69 64 81 60 67 64 74 89 61 72 90 113 122 91 91 87 84 118
55 48 58 68 58 59 62 62 63 66 56 73 26 29 24 33 29 29 20 45 98 103 104 81 101 79 80 80 84 93 85 103 49 55 40 22 25 21 20 27
46 38 41 34 31 44 21 14 17 23 24 12 38 28 37 31 36 38 35 25 44 43 39 48 57 48 40 21 24 20 24 22 39 33 33 23 35 21 32 31
36 45 47 48 51 42 53 57 39 50 48 43 79 84 99 75 63 77 82 63 49 51 37 39 48 43 47 56 63 53 47 51 108 128 118 54 59 63 59 60
24 20 22 24 20 29 52 43 65 50 47 40 34 31 38 31 30 27 23 29 65 61 64 45 60 57 56 68 75 88 75 89 37 44 43 62 65 47 58 56
54 63 58 59 61 64 49 62 51 48 48 40 28 26 27 29 33 39 31 40 37 30 33 48 23 38 34 30 28 28 37 20 31 44 31 26 27 31 23 31
104 80 100 102 94 73 104 85 126 115 100 87 75 66 72 75 82 71 81 58 109 97 109 109 82 106 89 101 108 118 115 104 104 78 90 72 64 66 69 66
41 42 45 34 50 49 54 49 52 39 29 29 97 97 88 91 81 81 98 89 89 78 67 67 69 63 81 83 90 75 99 75 41 42 36 75 70 46 60 63
76 65 84 83 79 57 92 81 73 68 84 79 25 27 26 37 35 31 31 37 73 60 57 57 71 72 80 72 81 67 63 74 35 38 43 25 19 18 24 16
78 78 79 76 76 88 84 76 81 103 95 91 121 149 142 138 163 143 155 148 61 53 70 55 50 49 65 78 66 68 82 77 107 103 98 101 118 106 91 105
53 64 63 59 55 52 49 62 52 49 58 71 124 127 143 146 129 119 132 129 70 60 46 64 65 63 65 63 75 55 72 61 101 108 113 73 59 76 59 71
42 40 40 44 40 48 17 23 26 27 22 29 31 24 30 29 33 34 31 37 45 40 47 45 46 49 47 26 20 25 33 33 27 34 43 69 64 53 63 55
20 14 9 27 20 16 17 17 15 19 21 19 98 97 99 94 67 88 91 61 93 95 74 93 77 89 78 80 77 71 56 98 43 50 44 63 53 60 49 58
48 32 58 50 44 40 45 34 44 32 31 41 27 31 34 43 28 38 32 34 18 17 27 26 11 13 16 18 23 20 26 18 45 44 54 50 50 54 61 62
51 81 85 84 81 81 88 72 82 75 84 108 72 78 69 65 94 90 85 98 61 41 55 59 49 56 48 69 74 68 70 66 126 112 127 59 64 60 65 55
69 71 70 78 61 69 84 104 75 95 95 74 32 25 32 31 29 29 31 30 20 23 17 17 16 21 20 30 22 32 32 25 39 43 40 22 23 26 32 28
43 64 71 64 72 63 53 47 42 41 59 36 31 38 30 43 35 33 33 41 19 16 26 11 23 24 15 18 26 22 19 20 39 27 36 58 86 76 65 68
50 50 46 57 39 47 25 19 30 16 18 19 87 94 101 86 113 111 108 93 107 89 87 95 87 104 91 78 70 51 62 76 40 37 42 67 66 84 64 64
115 215 332 445 549 647 765 880 1020 1148 1259 1379 1516 1681 1839 2001 2181 2339 2511 2675 2796 2910 3031 3152 3264 3382 3483 3595 3715 3846 3974 4089 4229 4386 4527 4639 4770 4888 4989 5120
31 48 35 42 100 37 63 80 19 27 43 22 22 103 36 67 37 80 69 39
