20 40 60 67797
75 70 81 81 70 85 71 71 58 57 22 37 30 37 64 57 58 51 70 56 69 87 76 76 81 64 65 68 146 127 135 111 125 138 137 125 155 139 155 150
36 32 27 31 74 57 78 82 65 59 28 29 24 36 19 18 30 13 15 19 15 59 61 57 55 51 56 69 23 27 26 26 25 60 55 70 62 60 50 50
82 68 68 85 32 31 36 38 77 65 72 73 69 66 70 81 66 78 76 70 82 68 68 62 77 69 66 67 144 135 130 161 143 94 91 94 94 92 83 81
68 85 88 77 75 68 65 69 64 64 77 71 80 71 48 79 67 65 50 55 56 77 53 83 73 67 74 71 98 111 96 107 94 59 56 51 63 77 68 52
81 104 79 102 73 73 62 65 61 55 58 69 69 78 21 19 16 21 12 17 15 72 44 78 53 67 56 42 30 24 22 33 22 22 18 17 15 14 23 24
82 87 81 72 34 40 35 26 54 79 66 67 57 79 121 127 118 124 140 123 147 71 62 69 71 62 84 77 95 106 107 96 96 113 119 118 118 128 116 134
29 37 35 30 37 33 24 33 69 69 29 30 35 34 16 23 21 20 14 16 25 55 35 61 43 48 47 47 81 66 61 60 64 47 42 37 48 44 41 44
35 16 35 30 70 56 74 62 69 68 79 80 83 80 18 20 12 15 22 14 14 21 19 16 16 15 14 19 29 28 26 29 27 13 19 15 19 21 19 15
76 94 84 78 32 35 32 25 68 57 28 32 28 34 61 56 75 63 68 53 70 85 56 70 67 70 74 65 102 80 103 99 94 98 93 97 88 93 125 120
31 29 39 34 27 32 33 29 60 60 88 78 66 82 81 79 65 67 75 57 70 68 65 58 75 51 62 54 80 84 90 89 81 75 74 69 55 68 81 70
32 31 28 32 57 76 77 83 63 69 32 31 35 30 52 67 61 61 68 72 72 60 64 35 57 45 49 63 18 26 25 32 32 24 18 17 15 14 18 24
89 76 101 83 39 27 30 34 60 64 34 29 27 38 72 66 72 86 76 74 59 108 110 107 121 110 121 109 139 121 123 136 129 90 90 103 103 102 99 100
73 82 83 80 33 27 38 32 60 62 33 26 33 31 14 18 20 19 15 11 21 19 23 18 27 12 16 13 23 27 30 18 17 63 61 52 72 59 47 66
31 30 38 29 30 36 36 28 59 56 72 68 72 69 21 11 14 25 17 27 16 20 17 18 25 17 8 19 59 68 60 58 56 46 49 47 43 54 52 41
78 94 86 80 35 31 40 34 68 58 76 54 71 68 121 129 123 129 99 132 116 70 51 59 72 63 47 61 100 91 79 109 97 76 64 82 73 72 64 51
87 91 93 83 29 35 38 28 66 70 33 31 28 31 130 118 145 113 123 138 127 109 109 107 117 106 113 103 100 107 91 104 86 61 67 64 69 68 83 59
88 77 84 94 27 35 41 20 59 64 78 85 81 86 24 19 18 16 19 23 17 14 11 17 19 18 21 14 25 18 25 20 27 68 58 60 69 57 61 58
32 38 30 33 34 32 27 24 64 52 72 73 82 58 151 126 136 136 113 132 120 107 102 96 105 111 104 103 93 98 117 101 91 77 75 49 66 57 64 73
27 28 35 26 65 62 55 64 70 70 79 82 94 75 127 136 105 107 119 128 110 113 106 95 106 115 110 122 86 82 85 89 78 61 70 74 83 50 75 69
75 81 64 86 72 90 68 69 53 61 19 31 34 32 61 72 73 64 71 66 67 50 51 61 63 57 68 55 28 24 16 30 22 18 16 24 21 24 20 15
99 214 326 439 523 623 710 802 888 976 1074 1169 1273 1369 1536 1687 1848 1999 2154 2307 2470 2595 2717 2836 2970 3098 3232 3367 3529 3679 3829 4007 4165 4318 4470 4609 4781 4935 5107 5273
23 59 33 31 83 24 81 96 37 43 63 25 82 88 27 33 60 28 29 55
