40 80 60 67247
84 92 89 87 83 48 54 38 48 30 42 43 48 39 60 57 46 58 46 55 58 53 62 65 71 68 80 71 83 61 74 72 38 50 44 48 41 37 41 42 53 56 44 45 52 33 22 21 31 11 13 12 21 17 19 14 60 71 72 72 78 33 41 30 54 61 52 47 29 38 37 94 97 95 101 115 75 88 89 90
63 62 67 75 78 59 58 47 59 49 52 63 36 59 129 157 150 154 145 129 125 144 150 143 91 77 76 100 155 128 146 141 63 68 58 72 67 62 71 87 72 75 88 65 72 61 73 63 82 42 60 47 60 48 63 51 61 74 64 71 80 134 111 113 80 79 80 75 111 102 116 121 127 114 123 130 129 155 145 142
58 48 63 59 81 43 41 58 55 39 53 36 39 48 80 91 67 82 92 54 41 72 47 80 61 67 65 65 56 41 60 55 44 29 30 35 28 28 26 52 44 56 52 51 52 23 34 25 25 51 36 36 48 51 43 41 20 24 20 11 17 19 43 27 25 23 26 22 23 39 33 24 31 15 13 20 17 20 23 21
88 71 61 83 73 45 42 40 40 38 51 42 41 39 62 59 53 74 79 48 48 53 53 53 68 73 65 57 68 67 62 58 40 33 44 45 39 42 51 33 45 36 37 37 37 27 24 30 25 13 16 11 12 9 8 10 79 65 65 82 74 26 27 35 14 24 18 25 24 32 40 41 42 43 45 30 20 24 26 32
101 79 86 83 85 72 83 63 59 79 58 62 68 69 133 113 109 108 104 130 121 127 127 138 95 95 100 80 84 80 69 62 41 51 57 48 57 48 56 56 50 54 57 50 61 97 79 85 85 67 64 81 76 61 73 72 67 80 79 67 81 109 97 122 76 65 75 64 127 119 120 74 60 68 77 66 94 85 97 84
89 65 77 68 71 42 45 52 50 52 44 46 45 52 37 48 50 38 39 63 47 52 66 54 48 59 65 77 70 78 53 78 49 54 61 57 52 62 63 96 91 79 92 67 89 55 71 53 51 28 36 47 34 35 38 32 14 14 27 9 15 24 36 35 21 22 39 18 42 30 32 80 78 79 82 56 74 76 80 78
50 57 60 56 45 60 63 71 81 67 65 48 62 61 58 52 58 64 65 42 45 59 55 40 55 73 56 48 51 62 54 71 32 32 37 32 36 38 29 48 47 45 48 45 50 16 22 23 26 16 9 18 20 12 19 12 49 73 63 65 60 32 19 36 23 27 27 25 27 27 28 43 50 45 37 43 27 20 28 27
34 37 54 49 41 42 75 71 53 49 50 53 49 56 38 47 36 35 34 19 21 18 11 19 24 19 20 28 26 26 18 28 33 45 43 34 33 35 43 20 20 21 16 12 17 59 77 76 78 41 45 44 43 53 53 29 56 62 66 55 56 40 35 33 20 23 23 18 25 30 27 15 19 19 22 15 16 25 25 21
83 67 86 61 71 54 40 70 72 57 51 58 52 72 81 77 79 87 66 70 55 62 72 67 81 84 109 85 74 77 60 75 82 101 82 92 100 89 76 86 61 77 81 71 80 128 125 127 143 76 78 80 83 86 73 93 66 68 68 65 67 116 107 101 92 93 108 94 127 123 131 116 103 98 107 99 87 74 95 94
92 102 108 115 108 84 77 69 77 72 84 71 87 67 64 59 69 58 63 61 47 69 73 66 84 83 86 67 109 120 125 124 100 90 97 100 95 95 92 96 96 94 81 107 73 76 74 82 70 37 51 49 55 43 45 47 73 58 67 71 65 103 112 106 78 78 70 84 99 119 93 74 81 74 63 66 76 76 95 84
53 54 62 52 69 73 63 76 86 70 76 70 78 83 150 131 140 134 137 105 110 88 117 88 76 65 81 65 69 77 70 77 52 43 33 44 45 54 42 68 64 79 61 75 60 70 79 77 80 47 47 39 38 41 39 41 68 70 68 54 77 135 92 116 80 73 84 61 115 95 93 70 97 75 65 62 95 93 86 77
63 55 90 68 74 60 74 56 71 66 72 74 56 53 61 56 50 53 59 79 84 75 65 84 85 89 95 74 100 77 74 80 83 82 78 88 84 69 81 70 67 57 55 54 66 89 85 96 72 47 49 50 52 52 43 53 140 129 144 131 149 103 103 110 78 78 74 67 138 117 134 61 68 83 73 67 82 84 87 81
76 94 104 70 82 46 39 43 49 63 51 55 56 46 103 99 96 93 105 131 143 128 117 135 89 85 95 101 80 80 68 95 40 49 43 37 37 38 39 74 79 75 92 88 77 96 79 85 81 47 51 47 54 41 46 47 83 79 80 74 76 114 101 106 132 126 126 118 104 107 97 85 73 85 100 88 94 101 86 100
76 65 65 72 70 54 71 50 51 60 65 53 64 61 72 85 76 67 68 64 63 77 74 70 88 78 75 79 79 72 76 70 67 63 68 44 62 74 61 46 48 55 62 43 65 106 133 118 111 77 83 58 67 62 78 53 82 77 79 69 72 106 108 135 75 72 66 82 117 106 113 113 115 107 109 120 121 120 101 129
70 68 78 61 89 65 54 63 62 62 62 63 56 58 71 71 68 82 72 69 68 51 74 68 71 88 64 78 93 88 87 88 75 78 70 83 82 97 66 61 59 55 55 64 68 99 109 85 88 40 37 35 34 58 36 43 64 58 77 60 64 121 133 112 69 73 88 86 116 89 75 100 103 89 99 101 99 101 85 103
73 73 89 65 80 57 71 43 51 54 52 55 47 74 56 65 69 69 67 56 62 46 56 63 89 66 66 73 96 108 99 69 45 40 61 42 52 59 38 47 43 52 49 50 61 77 75 89 87 86 77 96 98 94 88 86 54 60 54 55 57 119 114 111 83 78 96 91 118 103 128 105 103 111 107 93 120 115 107 128
19 16 17 18 18 34 42 34 47 49 47 26 35 44 20 10 13 18 22 13 22 19 19 20 28 28 18 31 24 31 29 24 15 8 20 13 15 17 8 11 19 14 10 12 17 52 59 69 66 69 84 68 87 87 89 84 17 20 24 16 30 21 36 32 25 20 26 18 27 26 28 43 54 55 50 37 28 33 22 20
18 10 20 19 20 38 32 31 29 41 40 48 37 42 17 18 21 22 22 17 21 19 20 12 19 24 25 31 25 19 30 22 30 31 25 32 31 25 35 17 17 19 8 9 10 72 73 72 71 32 35 38 35 32 27 35 17 15 18 14 18 25 34 26 21 29 26 29 30 28 24 22 19 27 19 24 19 14 28 23
70 59 66 65 88 55 65 69 54 50 58 63 64 67 82 67 74 77 75 66 83 76 68 67 76 72 68 89 76 79 91 85 53 44 59 68 51 61 52 46 53 41 47 45 56 77 67 78 81 37 32 29 52 34 48 44 51 67 59 58 49 116 105 131 96 103 90 100 95 104 120 105 95 108 96 89 173 158 155 167
48 42 35 43 43 24 22 26 15 32 21 15 15 17 13 16 14 18 21 21 21 24 18 25 18 17 21 25 18 22 22 19 51 61 49 38 50 52 52 53 63 67 47 58 56 70 78 83 69 92 74 98 88 84 92 71 26 14 15 18 28 37 35 32 21 28 30 20 35 37 31 51 67 60 70 59 100 84 81 84
25 17 19 12 17 39 39 35 30 41 30 32 40 25 18 19 15 16 20 15 19 18 16 20 26 28 23 26 48 61 76 95 39 42 48 38 36 37 34 28 30 29 34 29 39 20 18 22 22 52 42 67 52 56 50 50 77 81 78 74 76 33 23 41 20 16 18 25 32 28 37 58 70 65 55 61 69 88 106 87
48 49 47 53 58 30 19 27 22 39 26 26 25 20 55 60 35 52 44 56 52 58 56 53 59 61 56 64 72 66 44 67 74 68 59 62 66 67 70 95 114 90 107 118 103 74 91 67 72 86 86 86 96 87 74 77 18 16 19 12 22 25 35 28 17 26 17 24 27 24 31 16 18 15 20 20 19 18 28 23
69 65 82 88 63 51 68 59 68 61 77 68 53 60 53 42 52 48 37 45 65 44 69 62 64 74 58 68 68 65 61 65 54 59 65 61 67 58 76 63 71 71 61 66 81 38 22 26 24 38 34 35 53 41 37 43 26 25 21 15 18 38 31 35 54 64 60 52 26 37 20 25 21 24 13 21 31 24 28 27
59 53 61 54 54 48 37 36 47 43 37 48 36 34 60 64 65 68 58 58 69 71 69 75 77 72 65 78 99 85 93 91 82 70 56 67 55 92 72 90 95 96 98 101 106 81 104 93 93 37 56 53 49 48 52 59 100 96 96 96 114 94 103 90 79 72 74 80 92 96 102 82 105 120 91 106 87 89 78 97
37 45 50 43 34 48 42 43 49 44 47 47 42 46 46 34 43 44 34 13 17 18 19 16 20 24 23 18 29 20 18 18 46 38 32 37 46 47 42 48 62 52 49 48 44 22 26 26 24 10 7 17 19 17 15 9 12 14 15 16 23 31 31 24 31 26 23 30 36 34 32 62 63 67 60 63 86 109 94 83
75 78 74 79 87 72 61 83 59 60 73 54 73 73 74 71 79 72 60 75 77 75 90 70 85 99 96 86 94 76 113 85 54 41 47 45 64 57 46 66 42 56 51 38 66 97 96 108 81 32 49 39 39 43 39 49 109 107 109 102 104 124 125 130 84 80 83 94 117 113 137 108 91 99 82 103 91 84 74 102
21 17 26 16 24 27 37 34 24 34 37 29 28 31 55 54 42 39 39 16 14 22 20 15 20 30 24 22 21 27 29 27 15 9 22 13 10 15 14 27 41 34 36 24 31 25 16 20 22 41 44 47 41 55 56 57 14 22 25 20 29 35 36 31 26 32 22 31 36 27 30 39 44 45 37 51 20 27 25 35
57 71 56 58 66 26 28 45 31 30 29 30 46 27 139 153 157 128 122 122 116 120 126 137 99 91 93 105 81 68 75 82 84 69 66 76 90 69 89 81 73 87 69 102 82 142 138 129 131 70 79 89 57 82 84 75 109 106 110 115 96 134 121 123 67 71 81 75 125 126 140 66 49 53 55 73 82 83 84 74
114 115 120 125 108 110 108 106 126 113 105 109 119 103 101 108 88 79 103 117 120 114 104 109 98 128 128 114 131 113 132 135 110 111 114 104 102 99 81 67 72 71 65 69 66 63 63 79 71 42 42 40 50 41 45 51 104 112 104 99 96 97 125 95 122 99 110 117 108 101 104 75 74 70 64 76 87 72 78 92
80 92 94 88 75 63 67 73 84 63 72 83 66 77 81 76 87 89 91 114 98 110 97 110 93 102 114 116 121 104 119 95 50 65 61 59 55 64 57 91 124 103 99 101 104 82 95 86 96 78 95 82 86 90 74 70 67 64 75 67 65 102 86 101 62 77 87 96 126 112 128 84 84 65 78 65 82 77 67 88
125 97 111 96 110 81 102 88 88 85 80 80 104 77 145 166 158 175 149 172 153 158 152 164 121 106 117 117 115 107 118 127 70 77 70 63 63 85 68 85 82 90 82 86 86 66 67 75 68 75 85 88 88 73 88 77 76 73 79 83 82 119 120 97 92 96 100 104 102 136 113 89 70 98 57 65 93 84 83 96
111 96 113 108 101 83 78 95 67 85 94 83 87 100 119 142 147 115 125 167 153 168 152 169 94 152 115 113 125 136 161 141 109 107 106 111 105 106 114 81 86 78 90 70 58 86 99 81 87 52 56 53 39 50 41 52 68 71 75 74 65 117 83 110 83 85 63 58 103 94 102 109 104 118 106 122 155 166 146 152
97 97 82 90 75 64 76 82 97 69 82 85 86 66 119 135 102 110 117 145 135 135 144 115 73 64 73 72 146 138 150 151 67 74 72 75 64 55 72 42 47 63 47 55 54 65 71 79 92 52 61 71 49 59 47 45 87 67 81 70 81 97 82 118 82 97 89 98 128 128 130 128 120 118 117 106 138 148 134 136
33 37 40 41 48 38 38 50 52 41 50 40 45 49 19 16 24 13 18 16 16 18 13 17 14 17 27 26 28 28 22 26 54 57 64 61 52 54 59 57 49 79 55 63 55 25 23 30 18 40 49 50 45 47 34 47 27 20 16 14 16 28 35 26 16 32 21 17 29 28 36 41 47 52 42 37 27 25 24 24
48 33 39 35 37 26 15 24 26 24 24 27 26 24 15 16 18 19 11 17 17 17 15 22 34 22 18 16 23 31 22 19 47 50 27 50 44 47 43 45 56 53 44 58 51 27 19 21 19 14 18 7 8 16 15 14 85 54 76 81 63 32 43 34 58 59 51 58 33 38 38 13 26 20 23 17 26 30 29 23
37 32 37 43 29 45 52 65 55 60 67 71 40 53 19 11 11 18 20 11 16 17 15 20 28 27 22 28 25 19 31 29 32 34 37 43 45 33 51 31 29 29 36 29 38 17 17 19 28 14 9 10 14 14 11 18 71 70 83 73 69 37 46 26 28 17 18 21 31 30 33 44 33 36 37 29 24 31 22 27
79 82 90 75 79 46 68 48 60 59 58 51 48 69 91 70 69 71 63 58 63 50 69 64 81 77 81 89 93 102 97 94 78 83 70 78 80 89 79 81 85 94 88 103 86 112 108 123 101 75 74 85 70 76 81 56 73 77 71 80 72 91 98 95 106 118 114 88 95 100 104 110 109 89 79 86 147 146 161 142
94 99 78 77 83 93 72 89 84 91 79 93 85 81 70 79 77 80 82 66 66 59 48 75 86 97 102 90 92 80 84 95 51 52 44 50 48 43 51 54 50 41 47 52 43 63 81 79 83 48 34 28 43 38 52 43 71 71 83 82 83 101 93 87 111 111 136 95 101 90 101 99 112 126 99 99 129 119 141 128
61 74 64 66 73 50 50 45 46 46 40 36 45 36 54 67 48 61 40 42 53 45 48 55 69 56 51 56 64 72 60 58 30 40 32 38 26 30 44 56 50 54 46 48 51 65 52 67 67 91 76 83 75 94 84 91 11 15 21 23 16 33 26 33 13 27 28 28 24 38 38 24 24 17 19 23 18 18 27 23
115 128 103 130 98 89 82 90 92 86 75 94 97 98 164 184 156 176 190 135 162 148 157 166 112 127 115 117 132 151 154 138 96 88 72 77 88 89 69 77 100 82 82 80 78 100 82 88 110 49 54 41 41 62 50 38 72 67 86 56 44 114 121 124 116 118 113 124 104 114 102 78 67 70 71 85 87 66 93 84
126 255 376 507 618 729 838 945 1072 1186 1292 1402 1522 1626 1791 1976 2135 2312 2503 2676 2839 3008 3166 3336 3458 3611 3740 3858 4014 4166 4328 4480 4591 4703 4818 4930 5036 5143 5258 5355 5480 5584 5692 5811 5918 6061 6200 6330 6474 6567 6663 6762 6861 6956 7049 7143 7284 7414 7559 7691 7841 7977 8111 8247 8380 8507 8644 8769 8908 9045 9186 9315 9443 9570 9694 9825 9999 10166 10328 10496
21 11 33 39 11 22 32 46 11 17 16 15 17 10 14 12 71 51 10 28 38 32 42 4 33 13 67 11 14 14 15 8 17 40 62 43 9 6 37 8
