20 40 60 68644
67 50 52 47 69 72 79 63 67 83 62 36 39 43 96 70 90 63 83 89 94 95 99 97 96 102 111 98 106 91 80 80 87 67 96 92 101 88 119 105
45 52 59 42 58 65 65 72 67 64 77 40 32 38 91 92 96 107 91 113 72 76 73 78 82 89 73 32 27 46 38 49 44 34 36 32 41 31 42 40
55 55 53 47 84 62 73 81 60 69 59 79 91 73 79 81 86 96 102 98 68 87 87 86 94 83 91 65 56 77 37 49 61 57 38 42 36 41 37 31
54 59 54 42 66 64 68 73 72 53 70 96 94 83 68 62 63 62 63 65 80 93 88 83 84 73 71 55 51 60 40 48 58 43 74 87 91 97 70 79
48 45 60 51 56 58 51 55 54 53 63 29 40 30 49 51 62 64 63 66 59 77 65 67 58 62 75 13 27 15 23 19 21 12 25 13 16 12 20 23
56 61 42 65 19 17 15 13 15 16 21 36 32 36 17 25 17 12 12 19 17 14 15 14 18 14 20 12 13 15 17 13 21 21 28 19 18 16 22 18
54 53 46 53 95 84 91 82 84 79 79 66 86 88 131 102 110 97 96 112 91 90 102 92 102 90 91 83 91 106 81 95 70 88 105 98 93 97 84 90
62 49 61 48 63 67 82 72 74 70 74 68 72 75 66 70 55 48 63 61 60 62 65 55 73 55 53 53 50 54 47 43 57 74 58 66 61 63 61 59
46 63 56 50 11 20 19 14 14 17 16 36 31 35 16 22 15 11 15 15 15 15 24 17 14 18 14 98 109 91 91 87 97 97 77 60 80 68 79 72
66 62 65 64 76 71 91 85 86 81 74 76 64 73 88 91 104 87 83 82 106 98 92 89 126 113 114 70 61 68 58 52 66 60 46 44 50 44 41 45
49 46 72 50 52 46 47 63 49 54 59 36 31 34 27 38 34 36 36 42 50 52 66 58 50 48 40 86 87 88 97 104 89 75 126 103 99 98 81 92
62 54 48 65 86 106 87 86 81 80 92 73 105 97 16 18 15 21 16 10 13 16 22 8 15 15 14 42 40 33 36 37 39 40 18 23 19 19 26 19
53 41 60 63 89 83 102 104 69 81 90 88 74 69 41 34 38 33 31 35 63 56 56 60 61 61 55 109 103 122 102 111 103 105 98 98 114 95 122 91
61 66 50 57 49 61 65 45 49 55 66 44 51 30 74 81 77 82 98 96 108 75 89 95 94 98 108 122 96 103 106 98 90 98 71 73 81 83 74 76
55 50 60 52 15 16 12 15 22 19 24 43 39 50 81 86 80 83 82 74 83 102 102 109 95 80 97 12 14 17 20 13 16 7 24 20 21 20 23 20
51 73 63 67 63 60 59 60 87 75 66 85 89 76 22 24 19 24 26 14 44 34 47 34 46 36 32 96 97 102 76 85 82 84 71 100 83 87 81 85
43 52 47 64 24 15 17 23 16 18 12 38 50 39 59 74 71 71 51 64 66 52 60 46 52 56 52 77 60 69 69 59 67 61 87 85 85 104 91 82
57 50 72 58 77 76 72 67 67 59 57 81 100 71 16 20 18 19 18 17 35 35 38 34 35 42 31 14 12 13 15 17 18 5 21 15 17 19 23 17
45 57 49 54 12 15 15 13 15 19 13 39 44 48 15 22 24 17 23 21 51 39 41 51 48 50 40 52 53 55 53 52 52 55 110 105 88 72 83 86
66 72 56 65 69 88 91 55 71 40 39 92 93 89 81 70 96 101 84 76 72 95 72 105 94 90 95 76 58 92 83 69 34 60 85 65 45 80 45 47
68 142 215 283 379 486 589 694 782 866 959 1056 1162 1260 1392 1495 1606 1714 1817 1931 2040 2143 2246 2356 2483 2597 2712 2835 2945 3068 3175 3287 3391 3497 3624 3730 3845 3950 4073 4179
28 47 36 35 58 177 22 37 72 46 29 81 30 23 62 32 48 64 72 1
