40 80 60 66049
37 35 51 42 41 52 41 46 32 41 37 41 34 39 42 77 84 95 85 78 73 70 74 66 69 84 67 63 59 52 73 51 55 54 70 72 57 63 59 69 66 34 28 38 31 31 37 22 64 64 77 44 23 36 36 34 25 41 66 61 59 86 69 51 29 34 38 59 93 85 80 80 28 21 18 22 20 17 14 32
73 92 88 67 76 68 63 36 39 40 40 38 36 36 41 93 79 87 79 94 97 89 101 92 102 83 99 93 84 100 89 83 71 77 70 68 72 65 66 74 71 56 71 73 63 63 52 60 112 111 112 106 135 111 109 95 135 117 49 63 44 60 50 95 86 85 161 147 91 79 47 73 81 67 75 74 92 91 85 98
67 63 73 78 74 67 74 85 76 79 86 80 79 77 75 182 132 153 154 142 126 134 143 63 56 60 63 59 54 61 56 57 46 44 46 57 37 47 54 57 46 68 70 75 76 76 65 66 106 130 123 132 31 35 35 40 35 33 14 15 16 15 21 29 30 26 40 43 31 31 30 20 102 104 109 105 94 94 102 99
96 91 105 89 95 86 87 90 78 74 80 69 70 65 82 92 87 83 80 75 89 69 79 36 49 57 47 44 49 39 51 48 67 64 53 48 58 59 46 56 56 83 58 86 83 86 85 71 63 56 74 56 37 32 34 30 36 34 83 86 85 71 78 31 33 38 46 46 30 26 22 18 27 28 19 20 29 30 25 20
66 80 74 63 79 68 73 45 47 33 35 38 45 29 40 18 21 27 19 26 29 23 32 40 37 49 49 47 44 49 40 57 17 23 15 19 21 32 30 19 30 60 76 72 85 83 72 76 56 60 45 66 109 111 137 113 108 113 59 59 67 68 69 107 102 112 166 146 133 126 108 141 82 102 86 90 85 84 104 82
23 25 19 31 37 26 25 9 13 14 14 19 11 11 12 23 22 15 23 27 17 19 21 42 50 37 49 47 40 40 45 37 71 64 62 70 85 61 64 75 72 55 46 55 50 49 60 66 21 19 35 29 26 41 40 29 41 35 71 77 70 90 92 32 30 35 58 56 16 21 22 25 99 101 91 101 95 81 76 89
39 50 42 53 50 44 63 64 70 70 53 60 62 51 63 68 71 71 73 79 67 83 50 11 14 14 13 9 9 13 9 12 12 12 14 11 17 9 10 11 10 50 63 38 45 45 54 50 31 20 20 22 82 90 84 107 89 82 85 86 102 83 82 164 144 147 49 50 22 22 22 15 97 81 79 82 92 84 84 94
71 71 79 65 66 66 84 103 103 98 109 113 105 107 97 132 119 115 129 146 146 141 144 75 67 67 69 61 79 62 65 72 79 96 69 87 86 74 87 58 81 54 51 67 68 62 60 65 144 141 140 144 30 32 32 42 33 28 24 14 19 15 14 30 45 27 55 59 16 19 26 19 24 34 20 27 23 22 28 30
33 37 29 32 32 22 39 37 41 34 44 38 29 39 27 22 24 16 19 27 22 25 23 68 73 68 68 78 66 87 67 75 35 37 27 42 24 33 39 40 31 8 17 9 20 9 9 11 29 20 26 23 122 99 107 99 95 82 87 103 126 102 111 82 92 86 158 148 88 101 92 88 79 94 88 81 75 91 91 82
12 19 14 18 12 9 17 7 15 12 9 15 19 14 15 24 32 24 24 35 22 24 31 79 58 68 63 55 71 58 71 63 67 67 49 62 69 68 54 62 58 73 75 68 75 75 76 55 56 62 50 37 27 50 28 39 35 28 92 86 88 99 75 66 82 65 48 47 66 77 73 69 118 102 84 121 88 80 95 78
79 107 98 89 76 98 99 58 67 58 56 57 68 72 51 93 88 83 91 76 86 78 77 29 20 28 17 32 35 23 18 22 43 71 54 63 53 43 49 49 58 73 81 65 58 81 68 69 51 49 46 61 22 30 29 44 30 31 19 16 17 15 29 28 27 30 52 51 22 25 25 22 19 19 26 26 24 27 27 23
12 10 19 18 15 10 15 47 43 41 32 42 42 54 42 37 31 26 16 19 22 23 32 26 33 30 38 27 25 31 32 30 8 12 16 11 17 12 12 10 11 43 49 54 49 53 55 49 21 18 28 26 91 87 85 91 95 85 65 71 83 66 73 110 117 105 137 129 65 59 70 83 71 73 78 81 88 86 90 99
54 81 58 63 59 50 48 34 44 33 39 37 47 42 44 23 25 25 14 26 28 30 22 44 63 55 52 56 64 64 67 65 55 48 70 56 49 47 42 69 59 57 62 61 49 70 64 57 55 53 53 52 26 38 31 34 30 34 125 117 115 111 111 95 93 95 49 36 97 91 96 78 24 23 24 27 23 25 27 29
14 18 11 17 14 18 10 34 32 38 38 38 48 44 58 21 18 25 17 16 18 21 26 26 32 33 33 31 21 35 25 33 21 18 17 36 38 25 20 24 32 72 78 75 73 72 85 80 57 57 65 52 34 33 25 24 28 40 20 15 18 21 31 31 32 34 38 55 26 16 24 33 87 82 52 88 72 76 83 84
14 11 20 12 9 16 18 33 36 30 35 36 46 33 42 27 28 24 31 23 19 27 19 32 25 28 32 24 28 19 28 32 62 52 63 56 44 62 60 64 59 19 24 23 41 36 34 39 66 51 61 65 30 29 27 34 30 26 25 22 17 13 17 40 38 29 54 55 99 92 96 100 23 19 19 21 24 21 19 22
45 47 48 50 59 60 44 66 71 80 65 75 72 72 54 23 18 18 21 26 27 27 20 25 26 17 22 25 26 20 27 19 33 28 24 30 32 26 29 28 32 74 73 74 78 72 90 72 60 53 63 56 34 25 30 35 32 21 50 45 45 56 55 85 80 85 65 49 22 29 30 28 84 92 85 86 116 99 86 100
47 47 52 46 32 41 45 50 59 60 55 52 45 60 44 32 20 20 30 27 25 26 30 24 36 29 39 28 21 40 32 29 20 28 31 34 32 26 30 35 27 39 45 37 41 50 50 46 26 22 22 21 39 38 33 38 23 23 23 22 21 21 25 17 32 40 49 53 26 18 24 26 26 18 24 26 29 28 15 29
16 14 21 16 15 16 9 44 40 42 35 44 31 42 32 22 29 20 18 32 28 27 26 53 59 64 62 49 64 61 77 58 72 78 68 77 65 74 84 73 87 43 34 28 42 42 42 38 56 53 46 52 34 38 38 31 25 26 68 60 55 68 68 29 35 35 53 49 70 86 81 83 20 24 25 35 27 24 30 21
28 35 44 40 47 38 37 79 75 70 91 89 88 84 81 83 87 82 93 64 88 97 59 50 49 41 44 46 50 51 58 42 34 34 27 24 28 30 26 24 39 73 68 73 68 73 62 64 54 53 55 49 94 71 84 91 74 87 102 92 95 88 96 139 129 125 55 49 83 79 75 105 25 10 20 33 23 19 27 16
60 53 58 53 50 58 70 35 47 42 47 45 40 41 42 96 77 75 93 99 100 90 106 92 92 93 93 78 88 95 83 81 66 64 69 56 59 62 62 63 50 56 69 63 48 53 67 52 119 105 104 84 125 111 119 109 114 112 65 70 65 65 60 91 96 86 136 142 83 89 89 93 97 71 98 97 83 90 78 74
61 46 44 36 41 41 44 85 69 100 72 77 84 73 104 30 17 24 24 26 35 29 21 49 45 49 50 55 42 53 36 41 52 55 61 57 46 48 61 39 65 60 65 62 46 46 61 59 65 61 87 55 36 31 24 26 25 34 88 107 99 86 98 78 71 72 48 52 32 27 28 26 32 22 23 22 24 37 24 25
14 16 11 13 13 12 14 33 35 34 40 22 41 44 41 24 31 29 30 20 14 19 30 43 42 33 50 45 52 41 36 47 49 36 49 47 34 45 34 46 35 11 12 17 12 14 10 16 20 27 25 27 29 37 32 31 23 32 21 21 17 19 13 34 38 32 52 51 25 20 22 29 99 103 95 102 89 88 100 90
34 34 20 28 30 24 33 16 21 12 12 9 6 12 8 24 22 21 24 21 18 12 30 44 50 55 67 52 52 62 57 67 61 65 50 88 48 61 57 61 77 34 42 24 28 29 26 32 61 67 57 63 40 35 30 33 35 39 24 18 26 20 20 20 30 45 40 41 17 23 23 22 82 97 85 84 107 107 114 109
121 99 122 107 111 105 117 66 71 82 71 73 68 72 65 137 165 181 176 154 167 173 176 58 48 59 50 52 56 48 57 56 88 87 87 79 94 73 84 61 86 57 60 71 56 69 62 59 118 92 93 98 36 31 24 32 31 29 18 18 22 17 16 36 36 38 41 40 27 25 21 29 14 29 32 28 26 22 24 20
63 76 77 73 64 70 64 87 97 89 106 91 101 79 95 146 155 175 182 159 158 148 158 134 103 115 109 128 118 106 119 92 90 79 95 93 87 87 98 91 69 96 74 88 94 67 81 68 117 130 113 138 27 33 23 28 31 33 65 68 79 73 66 29 29 28 54 53 20 24 19 20 29 22 26 19 21 23 29 24
15 15 15 12 11 11 19 11 17 17 9 18 13 13 10 25 29 32 20 17 28 26 29 60 62 58 46 56 50 48 38 62 83 91 102 90 79 95 91 91 89 78 76 73 80 83 78 79 46 57 51 38 20 35 32 23 27 37 70 65 67 77 66 38 28 24 49 65 18 21 24 19 25 35 30 23 19 25 23 33
70 67 76 63 73 66 68 56 53 67 57 68 57 62 62 139 166 171 154 152 155 147 160 118 92 112 107 116 101 103 120 107 86 86 71 81 77 63 78 82 80 75 77 72 64 87 80 72 158 144 135 130 133 129 134 192 183 167 90 79 86 79 98 163 132 164 161 163 80 92 81 86 65 65 76 75 104 91 86 84
49 34 44 59 54 45 48 53 53 43 56 55 48 54 53 35 25 20 32 23 28 26 35 65 57 59 55 56 61 67 72 73 101 87 92 97 95 82 82 86 96 72 61 69 86 87 81 69 64 69 62 71 39 35 33 30 27 34 130 118 110 127 140 85 83 58 50 42 78 69 88 69 28 31 23 30 24 21 20 16
131 106 102 100 125 93 105 73 77 76 72 75 78 83 78 73 80 79 82 74 75 75 69 7 9 11 13 10 7 9 13 15 14 8 15 8 9 10 5 15 5 13 14 18 21 14 16 13 22 23 23 30 80 82 79 71 105 84 37 66 70 50 50 73 61 77 47 49 25 20 15 25 22 27 23 27 26 27 27 32
58 56 58 59 59 56 65 80 73 78 63 69 59 63 65 28 24 15 18 33 23 30 25 35 31 35 36 39 31 41 34 37 26 48 31 30 33 38 36 31 41 37 40 44 41 47 49 48 19 24 27 24 25 31 37 34 37 37 25 23 20 20 18 29 28 33 50 41 26 28 27 33 24 31 30 27 23 29 28 16
28 26 29 28 33 24 27 46 43 50 45 46 37 49 41 22 25 24 26 28 18 21 15 90 81 92 101 100 88 72 90 73 45 54 38 37 55 49 38 45 52 34 35 33 33 37 38 22 59 61 70 76 91 84 113 115 100 103 64 54 51 62 54 115 102 92 159 172 67 74 64 74 68 72 82 75 73 83 79 75
9 16 15 13 9 16 13 12 7 10 13 9 17 9 9 15 22 25 27 17 26 23 27 38 47 48 40 41 33 35 30 44 35 36 39 52 55 32 46 42 49 61 70 71 61 59 84 79 61 78 61 62 38 33 35 24 30 28 24 23 24 21 15 25 31 31 44 37 28 22 19 21 78 89 95 77 103 115 107 114
34 31 21 31 40 30 36 8 13 8 14 12 9 15 8 27 14 20 23 18 29 23 34 36 41 27 36 41 37 35 40 46 70 59 61 56 61 68 83 61 65 19 17 17 10 16 10 15 25 24 29 17 39 36 31 32 32 25 19 22 21 18 27 35 21 31 47 59 20 21 25 19 108 103 134 92 104 112 116 101
56 59 49 52 60 64 69 47 37 40 46 46 40 40 58 64 62 75 60 88 85 89 93 40 40 39 32 21 38 32 31 48 32 34 35 43 52 45 49 26 49 43 60 52 42 49 53 61 20 24 28 21 93 89 92 71 81 68 87 107 118 111 88 82 73 65 49 47 27 24 19 22 93 102 99 106 93 109 111 116
42 53 44 45 52 58 38 38 51 33 51 56 60 47 43 89 95 99 96 79 80 93 99 103 103 103 96 115 111 96 108 90 134 115 113 117 117 137 129 128 134 109 106 99 111 120 95 96 114 107 126 115 107 110 115 95 97 97 130 126 128 128 131 93 104 97 159 177 77 57 79 78 99 89 89 85 89 75 76 86
43 67 39 53 46 51 39 70 74 77 68 66 87 67 57 35 33 29 17 23 18 16 30 76 72 70 79 70 66 62 62 70 59 82 79 70 62 71 85 80 57 15 17 13 20 16 20 13 26 22 24 20 28 27 33 29 26 32 82 68 77 82 97 35 30 42 41 44 29 20 22 25 25 30 18 25 26 25 24 22
63 64 60 59 51 55 59 49 42 51 45 53 40 48 47 22 22 19 18 26 22 31 27 33 46 53 42 49 42 54 50 46 46 39 39 49 47 45 51 42 26 36 43 51 43 53 49 42 29 27 22 22 27 29 33 26 31 36 109 120 103 118 126 80 78 96 54 41 26 29 23 26 95 83 81 72 76 93 71 86
86 88 82 88 82 93 78 70 69 65 70 52 70 87 70 71 69 68 70 77 68 58 69 42 47 57 46 57 57 55 64 59 24 25 25 30 24 17 37 28 29 79 62 76 72 69 74 75 52 48 61 63 80 80 94 88 101 92 56 81 62 69 76 156 132 143 37 47 106 99 87 92 17 26 27 22 27 29 23 18
94 111 96 89 93 76 100 125 103 116 131 108 120 110 107 70 72 86 79 77 78 107 92 31 31 21 28 21 21 28 32 30 6 6 10 13 12 12 11 11 9 52 47 58 68 44 44 50 31 21 28 34 81 64 64 77 75 58 55 46 51 43 52 81 76 86 40 46 23 28 18 21 23 17 20 29 22 22 25 20
144 102 97 96 84 105 89 132 110 127 133 109 123 116 74 136 166 157 118 65 100 135 65 135 56 56 51 127 59 112 121 61 109 98 94 113 128 82 116 90 119 85 117 62 55 65 56 76 137 142 96 123 120 56 48 141 62 85 86 124 118 109 33 58 66 124 138 171 134 108 107 141 99 109 51 125 56 42 27 105
145 268 403 522 661 778 908 1047 1161 1290 1435 1560 1693 1815 1934 2135 2319 2519 2720 2896 3081 3272 3467 3615 3729 3857 3978 4120 4251 4369 4502 4621 4769 4897 5022 5152 5282 5434 5577 5719 5867 5988 6106 6216 6339 6472 6578 6685 6860 7019 7174 7333 7483 7626 7778 7990 8192 8377 8521 8661 8803 8945 9100 9281 9440 9621 9805 10001 10148 10288 10408 10564 10695 10810 10958 11092 11221 11349 11478 11607
26 5 18 19 19 28 22 19 20 14 34 26 23 29 43 25 47 30 15 22 24 37 38 19 11 31 15 27 29 44 28 35 46 26 10 32 23 11 29 1
