20 40 60 68426
63 69 61 65 65 55 49 50 53 55 35 31 25 36 26 32 18 22 22 16 16 48 49 48 42 32 48 54 52 57 47 53 63 91 100 81 65 71 56 67
20 19 25 23 25 20 12 24 23 17 64 71 62 50 47 57 43 50 51 43 36 89 88 80 88 98 88 92 90 97 103 98 89 97 114 116 82 78 85 82
58 37 40 37 31 69 88 66 74 68 58 55 70 55 60 54 35 38 49 56 37 111 127 107 108 143 110 91 92 113 81 91 95 122 139 134 106 93 93 92
45 50 55 41 39 33 27 44 45 29 69 74 83 68 63 57 83 67 65 93 81 75 67 60 52 54 55 72 61 55 56 62 66 83 65 58 29 51 51 50
49 55 47 33 46 68 44 44 58 63 87 75 79 94 83 79 73 89 76 82 83 100 99 96 102 94 99 80 88 92 92 74 82 101 89 110 60 69 70 66
47 38 40 58 44 78 71 84 88 87 84 104 98 92 93 91 81 68 84 63 92 11 12 18 22 17 9 15 19 13 16 17 21 38 41 23 21 21 24 25
34 57 44 47 41 53 50 38 37 47 39 49 46 47 34 41 49 46 44 41 41 81 76 76 83 75 79 67 81 89 86 102 86 109 109 114 78 72 78 63
119 119 123 117 122 56 59 66 50 48 73 62 59 67 64 66 84 97 83 66 67 43 44 45 46 53 47 51 41 43 49 45 43 102 97 98 70 90 70 81
42 37 42 28 31 39 48 40 50 43 26 47 41 39 36 41 48 65 35 36 52 32 35 26 33 32 38 51 44 23 39 35 39 65 67 66 42 48 44 38
57 61 63 54 58 94 103 93 80 88 66 60 58 74 55 66 90 83 95 105 94 63 58 66 51 55 43 44 59 41 58 42 46 24 33 34 19 18 24 24
44 53 42 46 36 91 99 86 84 97 61 59 73 75 70 72 49 58 56 49 58 33 53 45 47 52 44 70 47 69 45 67 70 36 29 47 31 24 25 27
99 116 111 116 118 42 46 32 39 34 74 51 66 63 60 61 41 50 36 35 47 86 70 83 68 66 77 71 75 68 70 60 68 84 78 78 52 46 54 52
28 11 20 21 27 18 18 12 23 15 16 15 14 9 15 15 26 26 22 22 20 19 14 18 15 20 14 17 22 24 19 16 17 33 30 31 20 25 19 19
88 74 71 71 94 61 66 62 63 72 94 87 84 89 103 87 82 94 80 85 76 55 61 72 45 65 63 58 79 72 80 97 70 77 50 44 53 59 52 60
151 169 140 146 131 91 82 95 77 70 85 103 81 99 92 82 84 84 84 80 72 34 41 29 29 28 26 36 47 37 43 39 35 77 85 61 71 58 61 53
54 67 63 59 54 84 86 83 76 89 76 62 58 66 87 73 48 37 54 46 38 15 18 9 17 15 11 12 13 6 18 21 15 30 29 30 26 31 34 20
65 71 64 66 71 52 50 49 60 47 41 39 38 28 31 45 16 21 15 21 21 110 105 78 94 113 76 109 89 85 89 98 87 103 94 97 73 76 62 65
94 80 70 88 91 51 57 43 43 51 46 38 41 47 49 51 45 48 50 67 57 50 45 49 50 58 52 55 50 55 79 58 60 94 86 92 86 77 94 77
88 70 86 88 88 57 71 51 56 51 34 44 44 46 38 57 42 39 40 46 60 108 103 84 91 86 94 70 68 79 88 71 74 102 101 94 86 88 96 90
126 129 94 143 128 40 41 20 58 48 82 84 88 67 82 88 45 59 93 95 84 79 101 84 89 111 73 86 69 71 63 79 55 115 121 26 64 86 31 69
152 322 463 610 742 837 941 1037 1126 1224 1319 1424 1523 1623 1727 1819 1910 2008 2104 2210 2305 2417 2545 2653 2762 2906 3017 3127 3220 3334 3438 3541 3637 3760 3900 4035 4142 4236 4333 4426
49 44 28 41 30 55 25 32 75 33 50 27 234 22 37 90 39 60 28 1
