40 80 60 80454
150 167 152 132 149 159 111 93 133 106 102 115 86 88 84 83 99 110 92 84 88 97 96 88 92 91 62 55 45 70 60 53 48 25 27 25 33 20 42 50 46 27 29 24 29 27 49 45 42 37 57 54 28 25 30 20 22 30 31 31 28 22 22 21 16 15 22 40 39 45 48 43 45 30 21 28 37 51 36 35
67 71 52 62 75 71 96 113 84 78 77 93 96 80 91 98 97 82 113 103 120 136 136 112 126 127 139 125 127 126 135 121 129 118 115 116 132 119 157 154 149 96 84 73 93 91 123 120 149 128 118 128 157 124 141 125 134 122 107 109 109 62 64 69 69 72 77 124 157 142 129 128 133 114 99 89 116 129 130 129
51 49 53 50 46 54 20 18 24 24 15 22 31 42 38 43 39 33 35 36 19 16 20 15 26 24 52 52 52 43 45 54 58 71 63 75 64 77 43 46 48 102 87 97 94 118 46 63 46 58 56 48 28 32 18 25 31 34 30 33 32 15 22 27 25 21 17 39 43 37 46 38 33 26 35 32 24 46 43 40
23 16 21 23 17 20 46 61 59 56 55 56 19 20 14 16 17 20 21 12 21 30 19 18 17 17 65 45 57 49 41 54 58 28 25 21 24 35 38 38 41 22 31 18 27 24 20 23 20 24 22 24 25 26 27 21 29 27 33 33 41 18 17 19 18 21 27 40 39 50 41 46 42 115 120 113 115 48 33 41
88 61 58 72 82 68 79 110 94 105 74 91 105 93 109 92 94 97 89 91 117 146 112 134 130 128 87 71 92 85 115 79 83 89 90 87 82 87 159 138 125 84 79 82 76 88 103 101 96 74 90 93 98 94 80 88 76 91 115 89 111 73 74 72 65 93 73 129 126 127 117 131 131 108 107 103 101 137 151 156
95 124 81 101 108 107 87 84 92 76 81 91 90 80 90 94 88 90 81 104 128 126 128 107 135 121 100 95 105 99 114 119 88 87 75 81 90 84 136 139 160 132 150 130 152 181 82 65 64 60 71 70 79 93 94 89 91 114 92 119 105 61 63 64 73 73 87 134 151 156 135 118 133 106 92 93 89 123 113 136
18 24 17 21 20 13 24 22 27 21 22 17 38 40 32 32 46 47 46 48 17 31 27 16 24 23 16 20 18 17 18 16 15 25 22 28 20 34 39 46 53 32 22 23 20 31 76 68 70 71 56 58 89 82 104 92 78 108 128 115 105 106 130 121 117 145 136 31 46 36 49 48 40 102 103 109 96 43 37 37
88 95 90 74 97 90 97 79 88 99 78 92 65 76 74 75 92 84 70 78 95 70 75 80 100 86 64 70 55 46 57 54 63 31 23 23 19 20 36 50 53 29 25 22 28 20 111 96 100 123 98 110 102 108 84 90 89 42 24 37 30 65 81 71 71 71 62 45 44 38 39 43 47 27 29 32 30 30 49 42
50 56 48 42 51 55 17 21 22 18 29 18 63 64 72 81 65 64 69 65 89 81 80 77 91 81 48 46 48 54 54 62 53 25 24 32 24 23 45 44 40 22 21 28 23 19 73 74 72 73 65 60 79 78 75 83 76 31 30 37 20 18 22 30 21 18 16 45 41 48 37 51 39 105 88 115 123 49 42 34
100 88 80 109 90 84 80 82 74 64 87 70 120 102 118 105 106 96 113 89 128 137 133 139 159 111 122 125 134 133 141 121 123 139 133 115 120 123 151 164 116 149 140 127 152 163 70 69 74 68 68 85 79 85 76 71 82 184 195 193 191 124 144 128 120 128 120 155 133 137 172 131 154 93 127 123 102 136 138 121
135 145 132 131 124 132 100 110 113 111 95 120 63 53 51 75 57 65 69 64 87 69 101 87 92 75 43 53 52 50 66 67 56 13 19 26 25 30 44 40 49 23 22 24 25 29 58 93 95 72 76 75 83 82 106 64 81 29 38 30 29 22 13 17 19 30 19 41 45 48 34 49 30 33 25 45 30 45 44 40
27 22 18 21 24 26 57 62 37 58 41 43 73 63 60 67 62 59 58 69 83 88 82 83 92 97 51 48 44 49 38 40 44 76 70 61 70 68 49 48 36 34 29 25 17 20 20 23 25 24 22 24 27 18 26 22 19 105 92 105 108 134 107 149 164 160 126 45 39 31 42 47 41 97 89 91 119 49 43 48
69 92 81 86 78 89 79 82 74 97 107 96 54 44 50 60 47 59 39 43 59 62 62 64 66 67 85 77 93 83 83 91 112 109 118 108 110 101 155 132 141 69 90 79 82 72 113 140 115 107 106 121 135 168 140 168 164 102 95 99 102 66 54 68 66 71 52 140 165 148 139 133 145 93 99 89 102 114 114 151
22 19 24 22 23 22 48 35 53 44 42 50 69 63 60 55 61 56 52 53 101 86 79 90 91 89 52 51 49 59 45 71 61 79 51 70 57 58 43 41 44 22 22 25 28 19 60 78 80 71 69 62 82 98 88 68 92 29 34 39 30 30 20 21 26 12 18 36 38 49 42 39 43 30 36 32 24 57 30 29
117 109 105 114 109 109 104 117 92 98 96 121 144 123 136 158 146 123 117 123 146 134 150 137 151 144 84 60 73 100 80 78 84 91 83 74 63 78 32 51 35 21 26 22 21 27 26 19 22 26 22 16 20 23 25 20 27 115 126 114 116 89 83 74 76 91 72 35 33 45 36 40 40 29 30 40 27 39 37 40
54 65 64 57 61 59 34 28 19 15 20 15 71 67 47 68 72 57 61 61 84 84 82 90 94 96 93 92 77 95 101 62 74 69 79 67 67 68 28 42 51 89 84 98 65 82 71 63 70 77 79 77 65 76 77 89 77 120 82 101 110 81 72 75 78 67 86 43 37 46 49 46 38 24 33 31 40 48 35 41
108 108 114 96 97 110 79 49 65 67 63 56 73 75 65 81 78 71 61 68 71 53 69 71 73 76 92 112 90 115 113 111 99 108 116 106 126 108 140 161 128 69 88 82 61 72 61 76 67 63 59 64 66 74 73 88 80 94 108 93 124 79 63 57 56 74 71 155 148 150 127 128 118 123 111 107 116 116 146 124
98 93 92 86 101 105 90 97 86 101 93 93 55 62 51 51 63 55 66 54 69 84 85 74 68 66 91 103 106 113 93 108 107 122 104 121 122 119 147 152 138 157 162 127 168 165 69 65 70 69 74 65 81 77 93 82 69 116 110 123 112 80 56 71 70 62 69 140 131 147 150 161 152 116 90 115 110 170 143 128
47 52 38 40 42 35 45 38 44 38 49 42 39 36 43 43 42 42 38 47 22 17 21 19 24 24 42 61 54 54 55 57 59 21 23 28 24 28 41 42 35 76 79 99 97 90 112 78 115 100 97 97 91 103 89 102 91 33 35 30 29 22 21 17 24 15 16 51 39 45 40 40 44 39 31 28 36 44 43 33
115 100 121 107 131 108 64 75 63 58 65 68 90 101 96 90 99 108 95 102 143 139 134 137 140 155 91 78 87 83 100 98 101 144 145 143 111 145 121 149 115 65 79 85 77 84 77 64 77 68 55 58 84 94 89 91 89 116 96 102 109 113 119 118 107 104 116 155 144 149 124 145 112 107 75 104 118 152 136 162
106 115 116 101 115 109 63 60 69 55 66 65 56 55 50 48 47 51 48 42 68 48 71 76 65 59 90 87 81 97 100 88 89 128 123 138 116 98 143 138 169 120 162 144 120 147 57 61 65 65 70 72 74 94 94 96 97 196 199 198 218 126 115 132 112 124 138 156 118 153 114 131 130 114 102 118 106 133 145 139
96 78 74 90 86 81 120 117 123 127 119 140 115 122 111 116 104 111 123 131 131 130 137 138 141 138 58 61 60 67 47 65 71 29 17 22 34 31 51 46 38 26 28 23 22 23 30 14 19 28 24 23 36 20 22 16 24 27 37 40 31 25 24 19 27 23 19 33 47 44 44 51 43 24 34 28 29 34 40 50
34 44 42 43 46 40 54 46 47 49 46 41 13 14 15 21 17 19 28 8 20 24 18 24 33 17 63 34 52 52 43 60 53 17 21 23 31 29 41 44 42 29 16 24 25 30 15 25 25 19 25 18 27 23 17 31 20 28 39 27 29 85 71 87 70 95 83 52 41 40 59 43 38 89 113 93 93 47 38 49
43 55 46 36 50 48 43 53 32 54 56 51 29 36 50 34 48 42 43 49 20 14 25 21 30 28 47 40 66 43 49 57 59 67 66 72 45 65 40 53 39 65 90 85 95 80 24 14 23 18 15 23 15 28 30 30 17 23 28 31 33 21 27 20 16 26 26 46 38 30 47 37 46 33 34 36 30 58 45 35
22 24 21 27 20 25 23 28 23 17 24 19 78 84 67 89 68 82 81 64 81 93 74 61 75 73 69 76 90 82 80 82 84 75 76 75 70 86 46 35 33 93 99 93 82 77 26 48 55 44 40 57 23 31 29 23 21 114 102 101 104 66 69 78 69 68 76 52 43 41 37 37 46 28 45 31 33 35 50 36
27 18 13 15 19 23 20 24 21 18 20 19 42 40 54 41 40 28 30 36 19 23 22 21 16 20 13 19 12 16 18 21 16 62 57 54 67 63 36 39 49 34 27 25 22 21 90 106 114 102 123 102 80 85 102 86 67 25 32 31 38 69 71 66 74 81 74 39 39 41 44 36 38 36 31 31 36 44 33 38
38 43 51 37 42 52 41 38 40 42 49 46 85 90 101 83 84 81 92 102 86 81 79 88 84 72 54 45 50 49 51 46 52 74 80 70 86 63 38 35 51 22 20 24 24 32 51 48 55 35 33 38 19 23 22 26 24 38 39 27 26 81 74 69 76 94 81 45 38 51 46 39 34 35 31 36 31 38 35 48
38 52 48 48 52 51 41 43 46 51 49 32 19 18 14 11 15 11 12 23 17 18 22 24 23 15 58 55 49 68 55 50 41 31 27 24 31 27 39 36 41 99 95 84 114 100 53 50 52 48 51 50 25 35 27 18 26 32 42 31 30 19 10 23 20 27 19 38 50 50 44 41 40 97 109 104 104 34 44 35
56 68 55 64 58 47 53 45 44 39 47 50 78 55 73 62 56 70 63 72 90 94 66 113 85 70 13 16 24 18 15 21 21 33 17 32 17 37 41 43 34 23 27 32 15 33 73 75 77 76 86 85 90 78 89 84 69 127 105 111 117 63 66 70 67 74 77 49 41 44 42 32 41 35 28 29 39 46 32 47
29 17 21 20 19 16 24 21 19 22 21 23 100 74 93 82 65 90 76 73 76 82 76 94 81 70 64 65 51 51 57 60 56 69 83 60 67 51 52 39 47 83 91 96 95 107 53 53 53 42 47 43 21 23 25 30 30 43 21 35 38 17 20 23 25 30 24 40 31 44 36 37 47 33 41 22 38 40 37 39
26 32 18 21 18 24 25 20 19 18 19 15 81 75 92 83 89 80 87 83 82 85 92 95 84 99 101 93 90 93 98 84 76 80 99 104 108 98 40 35 41 94 90 79 68 71 29 18 14 15 22 16 24 29 22 23 21 42 28 27 36 16 29 14 22 20 17 46 44 36 35 38 44 26 26 23 39 36 45 58
20 22 22 22 16 20 48 44 53 43 66 46 34 33 39 28 33 43 37 47 20 19 16 23 17 18 20 14 31 19 21 24 11 16 23 24 34 17 44 40 34 22 23 25 34 36 116 105 117 89 97 96 80 86 91 88 86 34 29 39 30 22 18 25 21 20 8 49 44 44 46 52 38 101 101 115 96 38 39 40
126 122 134 116 140 116 171 162 184 173 181 165 184 162 158 162 159 158 185 148 174 199 204 186 184 212 135 129 136 129 119 135 121 146 125 123 142 142 135 168 157 77 100 91 98 91 73 58 62 64 62 81 80 80 101 73 88 112 98 103 93 85 67 78 71 82 80 132 133 128 154 120 156 88 92 95 104 137 128 131
55 52 47 57 50 50 18 21 25 23 20 22 13 20 18 13 16 14 17 10 25 23 14 25 22 16 53 64 49 57 58 49 45 66 60 50 70 55 43 41 41 22 26 14 21 31 22 24 21 18 22 15 24 27 30 23 21 31 33 30 32 23 20 19 22 18 17 49 45 45 45 47 46 30 30 40 32 51 37 45
33 40 39 38 57 29 65 75 66 74 71 69 48 31 40 47 33 30 45 34 23 25 21 22 20 23 63 61 55 53 33 55 44 25 30 16 24 40 46 45 41 100 98 90 91 105 27 11 26 23 25 15 24 19 29 23 21 20 35 35 34 70 85 74 83 59 72 55 38 45 46 40 39 33 30 39 36 38 42 39
62 73 69 71 94 69 76 85 76 63 75 77 130 131 123 121 127 146 141 140 138 122 112 133 144 125 57 56 50 52 48 58 52 105 99 87 99 69 129 125 129 80 70 82 91 89 67 64 63 69 98 87 73 80 75 76 86 92 126 100 128 95 125 138 116 118 120 133 152 149 141 121 150 89 95 104 93 154 127 112
51 58 40 42 50 55 56 50 44 44 46 39 9 17 21 12 11 20 18 17 21 22 22 16 21 23 64 45 50 59 56 46 60 17 18 24 28 28 50 37 50 16 32 30 24 22 47 55 44 47 46 59 24 29 23 28 27 129 122 118 133 83 75 52 81 71 70 33 40 46 46 49 44 35 36 32 37 40 37 51
80 86 93 77 88 100 109 119 135 125 132 122 90 101 91 67 88 87 88 80 81 90 88 73 76 77 61 59 64 72 67 60 54 20 26 31 28 31 43 34 41 23 16 17 32 31 82 76 72 61 75 67 97 95 95 87 99 33 34 29 35 65 84 73 79 71 62 36 48 53 38 48 46 38 30 26 30 51 42 34
23 18 21 28 24 23 18 17 18 17 23 20 41 30 45 39 29 40 37 41 14 21 18 18 22 21 61 56 63 52 48 62 71 24 29 22 23 32 42 42 36 26 29 22 28 28 48 57 41 31 52 45 29 27 32 28 22 94 94 97 120 75 96 57 81 94 92 43 44 35 48 31 38 113 110 80 101 46 29 46
22 15 25 23 24 27 56 42 45 48 52 42 18 17 17 18 18 20 16 13 21 21 25 28 16 27 17 15 16 16 12 16 27 76 52 63 70 52 37 43 35 24 29 24 31 31 46 51 58 47 54 48 26 22 30 37 21 121 98 116 96 78 69 68 73 55 63 35 36 45 55 46 38 119 119 99 86 46 40 47
166 351 519 665 830 1006 1195 1374 1577 1768 1968 2151 2354 2533 2708 2887 3063 3238 3443 3607 3799 4019 4244 4450 4653 4887 5041 5184 5335 5482 5638 5788 5931 6093 6254 6412 6569 6730 6906 7092 7279 7453 7632 7791 7977 8177 8313 8468 8633 8775 8911 9053 9227 9413 9569 9755 9936 10153 10373 10592 10833 10981 11140 11305 11486 11663 11816 11989 12172 12345 12535 12713 12886 13022 13163 13299 13435 13623 13790 13969
29 12 31 51 10 5 22 18 41 11 23 24 8 41 15 21 11 11 20 10 14 27 48 31 22 23 40 37 32 27 23 37 5 39 33 10 45 27 41 25
