20 40 60 61220
61 76 54 69 64 65 81 68 64 61 74 77 64 80 86 93 93 74 106 100 81 48 42 44 47 40 46 43 81 72 95 77 29 21 34 29 37 33 21 33
26 24 22 22 24 44 30 36 36 40 25 37 21 25 34 30 21 24 26 25 32 49 39 56 42 38 43 40 39 31 35 28 30 23 33 27 37 35 24 25
18 19 29 24 21 16 18 17 20 18 19 19 23 29 26 30 25 25 22 21 22 58 37 41 52 44 51 64 36 40 28 28 32 26 32 30 25 30 36 39
86 86 97 96 93 75 82 87 79 73 78 81 81 72 78 67 58 64 60 66 59 74 85 87 75 94 77 90 123 106 109 106 101 85 95 102 98 98 120 110
55 67 61 55 60 57 62 63 77 64 58 58 83 68 91 88 90 94 93 99 78 83 76 96 81 107 89 109 90 98 95 91 108 106 108 110 96 102 138 117
56 57 76 61 71 59 72 65 74 67 76 77 88 97 82 89 105 97 92 122 120 70 78 91 75 73 67 90 83 85 87 69 25 34 25 32 35 30 33 25
100 82 99 81 91 59 62 65 63 55 64 54 79 84 90 87 70 64 71 68 82 71 52 37 67 47 61 57 113 106 113 112 97 112 101 105 108 88 104 106
86 78 91 81 88 81 91 74 82 64 71 107 84 70 78 66 100 104 102 93 90 41 31 43 57 32 46 54 90 86 84 87 32 26 30 26 32 31 31 18
73 71 68 68 63 60 78 64 48 65 66 64 74 77 76 83 56 60 68 41 66 53 51 62 65 51 45 62 112 107 91 113 150 140 154 124 165 151 141 135
82 89 85 94 106 100 107 102 81 101 86 96 70 86 97 89 79 67 74 65 70 100 104 115 118 124 105 126 150 154 173 167 103 103 118 98 99 103 102 99
58 59 68 70 76 75 75 65 74 62 64 90 76 78 77 83 58 60 74 80 65 17 12 13 19 20 20 17 28 29 27 30 25 33 32 32 32 32 34 34
28 24 27 28 26 42 27 42 49 36 43 41 28 31 38 31 21 26 23 24 22 19 27 20 20 10 14 11 33 36 33 23 22 27 29 29 34 23 28 34
82 94 79 81 75 88 82 71 79 82 90 90 82 104 93 81 90 98 83 112 105 38 54 50 43 52 46 55 37 25 27 30 25 31 30 27 33 37 28 32
93 88 87 100 94 85 89 101 96 90 87 76 77 87 94 74 76 82 70 58 66 55 63 50 62 57 59 56 113 120 114 102 154 161 156 137 126 132 135 152
58 43 51 57 58 60 49 64 57 60 59 76 32 32 34 27 66 49 56 58 58 45 44 56 54 45 48 36 27 31 36 26 29 30 27 30 40 30 23 32
64 66 68 63 73 50 56 74 64 79 59 53 75 84 85 86 74 94 82 88 102 89 89 109 97 94 102 84 159 167 156 170 98 98 95 106 108 118 104 110
51 66 72 89 66 73 60 63 63 79 76 72 71 78 70 71 52 74 71 59 67 110 114 125 119 106 118 112 178 169 164 162 98 112 109 111 109 109 102 116
59 52 58 67 59 61 82 62 69 58 66 63 90 84 90 89 97 88 130 85 79 47 60 54 41 49 51 47 26 36 32 16 27 27 27 27 36 23 46 28
27 27 23 17 20 43 42 40 40 41 42 38 33 24 28 26 23 27 21 22 24 105 106 85 68 87 97 87 117 122 118 94 110 83 110 111 101 127 113 113
107 83 69 79 64 84 92 92 99 72 54 43 77 87 107 100 112 77 120 78 86 111 77 106 97 105 110 114 161 175 115 123 157 177 153 170 181 164 181 189
111 215 325 436 554 665 784 897 1004 1116 1216 1335 1435 1550 1660 1763 1880 1995 2139 2274 2407 2529 2655 2794 2926 3063 3194 3334 3531 3718 3909 4097 4267 4445 4618 4794 4980 5147 5332 5535
43 130 102 27 27 33 33 41 22 24 70 139 42 29 73 34 32 49 49 1
