40 80 60 75274
29 21 29 23 24 23 17 13 12 18 10 11 19 24 53 68 61 70 58 66 52 45 41 40 35 41 43 36 26 34 28 32 27 33 28 31 27 20 34 23 22 15 16 31 27 22 19 21 21 30 23 26 14 23 28 38 38 40 29 30 52 40 31 34 22 37 49 71 56 50 41 95 114 98 111 29 29 25 29 35
44 47 60 44 51 54 30 47 30 37 35 33 42 35 50 53 53 48 67 50 70 76 72 53 73 63 84 70 30 41 27 22 25 35 25 22 29 27 21 18 14 15 26 15 23 19 21 17 15 23 23 15 16 18 19 42 35 44 33 33 32 32 33 30 37 30 63 61 49 53 50 29 25 21 37 83 80 66 81 79
45 43 38 35 42 39 89 69 68 75 75 74 95 85 88 87 81 84 68 76 39 28 37 25 24 34 34 27 95 120 99 103 76 100 80 85 76 63 60 83 57 68 61 53 65 86 59 78 85 77 81 77 64 84 63 45 41 56 36 42 25 38 23 31 23 36 73 54 46 54 54 95 83 96 94 67 77 64 56 73
46 41 46 30 44 44 41 38 40 49 42 26 36 43 42 49 41 34 44 46 41 31 27 34 29 29 29 30 25 29 38 36 21 26 22 23 23 44 49 49 31 38 35 50 46 56 57 37 52 27 24 31 26 20 21 54 41 43 78 76 75 69 68 61 66 79 58 52 89 105 104 37 24 31 29 67 53 65 65 73
103 130 156 124 122 128 91 103 103 100 99 110 91 121 82 94 100 94 117 102 97 72 82 78 104 79 108 91 119 123 112 108 58 60 86 68 76 54 60 66 66 52 71 56 66 65 68 69 66 85 73 77 79 98 91 39 44 52 24 41 24 37 30 26 34 44 61 65 46 29 44 93 94 99 97 18 26 22 21 25
61 65 61 61 68 61 119 93 94 132 112 93 95 97 116 88 95 97 106 117 101 109 117 113 98 123 90 116 76 106 101 92 75 69 64 67 77 65 70 65 49 65 55 52 76 62 69 69 61 87 93 77 86 89 85 45 38 37 39 29 33 30 30 37 31 29 54 58 62 48 46 31 30 36 36 87 90 71 74 89
45 48 42 45 66 45 63 79 59 69 66 76 70 52 54 55 48 49 48 55 34 36 45 43 46 36 43 36 38 31 42 43 55 55 72 53 62 50 41 50 49 39 40 47 47 55 63 55 50 48 51 62 43 58 40 99 101 88 75 80 87 75 87 80 78 76 61 70 48 41 45 38 35 40 42 25 30 25 42 27
42 37 44 45 30 50 36 52 39 34 31 42 42 40 55 48 43 39 57 40 62 71 73 59 75 61 68 63 38 29 28 36 19 25 29 26 27 48 47 51 56 59 44 43 41 39 42 43 42 39 36 35 52 35 39 95 105 98 60 59 61 59 71 76 72 70 62 79 54 45 55 45 29 29 22 20 30 21 33 24
30 22 14 21 27 17 22 25 16 14 16 17 16 20 21 22 24 19 20 17 14 15 15 13 20 15 10 22 28 31 40 34 19 31 25 29 30 40 36 44 30 38 43 45 37 38 45 55 38 70 68 65 67 69 76 32 53 47 37 33 34 41 38 34 36 29 70 58 83 119 103 23 34 40 28 20 32 22 21 19
51 73 63 61 63 63 70 66 95 72 77 67 75 76 29 22 20 25 22 22 49 64 64 56 60 39 61 56 31 28 34 33 36 23 25 30 18 19 17 14 18 25 21 25 30 29 33 23 17 21 20 20 23 26 26 48 57 48 55 82 47 64 77 73 67 65 83 70 30 51 37 40 39 37 30 66 55 55 66 76
31 17 11 19 20 23 37 45 40 47 53 44 57 58 33 28 22 19 18 18 20 14 17 22 12 15 14 21 38 32 30 32 24 25 32 29 31 18 20 24 14 18 20 23 12 19 22 22 19 28 18 14 27 18 17 48 41 56 40 21 25 30 33 40 31 32 63 60 112 84 92 25 35 34 31 23 33 21 12 35
22 33 29 23 22 27 79 70 70 59 64 67 53 67 50 48 49 56 33 37 17 11 11 13 14 14 18 16 84 71 95 60 93 80 84 86 86 55 59 56 53 56 62 63 57 44 63 52 49 56 47 44 40 67 58 98 82 71 65 64 66 71 74 64 84 78 69 65 50 42 46 94 103 108 113 79 58 65 73 66
20 21 19 20 17 14 14 19 15 20 20 22 13 12 27 12 21 18 19 17 56 60 61 60 47 54 44 65 98 84 98 92 94 125 98 103 94 100 99 87 89 84 89 87 77 83 79 74 69 78 86 96 98 90 91 55 58 44 30 35 26 22 48 37 23 43 75 62 43 61 53 28 25 28 33 55 72 64 58 67
15 20 29 18 19 13 15 19 11 16 18 19 12 20 20 9 22 20 31 22 10 16 14 16 14 8 17 15 29 38 39 35 28 19 21 35 24 39 43 37 37 38 38 42 37 36 44 45 30 23 24 18 20 16 20 42 53 50 69 65 43 56 55 83 90 74 68 68 48 36 51 96 128 128 127 77 65 70 77 64
64 78 73 75 77 77 49 50 51 51 47 45 48 47 71 71 91 78 90 98 81 81 84 83 84 92 85 83 188 197 182 175 130 163 174 159 146 100 109 117 86 120 90 89 91 96 106 119 96 86 84 72 71 89 65 40 37 36 27 34 32 23 36 28 34 31 53 65 34 50 30 113 103 93 111 62 72 64 79 63
26 34 16 24 33 21 17 19 14 10 12 26 16 19 70 92 86 94 93 100 76 58 64 70 59 73 66 69 88 87 83 103 87 72 80 65 75 60 63 76 57 57 49 69 66 61 70 48 63 46 44 46 40 50 46 72 89 88 74 84 69 70 75 67 70 68 64 61 49 39 42 105 101 93 103 90 74 85 80 96
52 56 56 71 64 44 84 81 72 78 73 86 79 77 61 55 56 55 49 68 69 60 86 73 78 83 84 70 96 77 80 76 76 95 97 74 75 121 106 87 110 106 95 82 84 88 78 72 76 82 91 103 87 93 77 41 45 32 39 34 37 38 37 27 39 42 76 73 106 121 106 36 34 30 40 24 21 27 34 23
139 138 128 107 133 144 74 85 90 86 99 86 91 95 106 110 87 109 86 80 118 108 123 106 103 91 107 117 110 116 119 114 112 100 109 99 102 52 76 68 70 68 62 62 78 57 69 71 67 85 90 92 101 81 80 35 38 45 28 30 35 28 41 26 42 27 71 59 40 34 40 35 41 35 35 30 29 35 26 28
26 24 21 26 18 19 19 10 21 17 20 16 21 18 91 90 67 77 86 107 87 77 85 85 76 98 73 90 86 85 96 100 67 85 64 62 82 87 93 86 91 80 99 89 96 97 92 95 76 21 19 22 22 14 16 41 43 34 28 42 35 49 32 23 30 29 86 55 46 46 52 25 30 27 28 82 82 66 79 77
113 96 94 90 89 90 87 78 76 84 87 83 65 85 65 74 66 74 75 74 84 76 132 107 81 93 97 92 173 154 180 197 129 120 124 122 120 137 115 112 110 108 113 87 86 92 78 84 108 44 50 34 32 45 41 100 94 85 112 97 119 91 119 123 117 133 72 62 50 50 40 35 23 36 39 80 92 85 60 72
25 20 20 24 25 21 14 16 18 10 21 16 22 12 19 18 26 25 14 24 15 18 18 14 12 13 11 9 37 26 29 39 57 59 55 54 66 47 54 52 58 58 52 55 60 48 43 63 52 48 37 45 44 37 48 85 95 106 74 76 97 82 63 74 65 58 69 85 53 42 49 96 112 114 105 26 20 20 26 22
85 84 90 99 95 79 73 58 67 73 71 65 75 72 63 54 46 44 56 63 32 34 25 33 33 37 41 33 90 107 93 90 81 66 87 81 67 64 59 61 69 62 62 47 54 49 39 76 59 86 94 81 88 83 88 40 40 35 27 32 33 32 52 33 32 29 65 54 42 54 44 34 37 40 37 63 61 79 63 75
52 68 58 62 74 66 64 78 78 93 80 61 76 78 53 77 56 59 60 72 114 103 112 107 83 90 94 101 188 190 185 170 108 112 107 121 104 124 109 124 108 136 116 96 111 84 106 119 108 55 59 47 54 41 50 119 94 97 72 58 72 62 68 65 56 51 74 59 63 32 50 34 34 27 38 79 91 92 79 78
45 67 72 64 74 54 71 68 73 75 66 74 77 71 67 69 58 73 80 52 41 48 30 45 42 36 32 48 33 39 24 38 63 60 51 53 61 25 22 26 30 26 18 23 25 26 17 24 28 24 26 19 23 18 26 39 43 41 28 32 27 24 30 27 30 35 71 76 41 45 53 37 29 33 32 91 71 68 97 81
93 102 111 97 90 95 67 83 63 72 55 66 64 73 89 97 76 86 76 86 39 47 31 43 30 40 38 38 81 97 91 102 119 125 104 97 124 81 75 55 78 73 68 64 48 59 47 52 40 16 18 17 18 23 21 38 38 44 29 31 29 30 45 31 32 39 57 74 33 43 46 43 36 36 39 74 83 68 80 71
42 31 46 45 41 36 86 79 103 94 91 94 67 91 42 48 43 37 55 31 35 32 28 34 34 32 29 33 34 29 28 28 32 30 27 19 28 44 33 46 44 48 44 48 29 40 46 43 49 24 20 18 22 17 21 60 47 34 27 35 24 37 37 34 37 33 69 60 89 88 106 36 43 39 32 28 25 42 27 22
61 62 64 67 70 60 37 36 48 40 47 39 40 32 19 29 17 19 17 21 43 47 37 50 52 50 50 46 88 84 91 74 78 92 72 81 89 79 74 92 80 94 107 87 78 69 90 76 98 53 41 60 54 58 51 111 100 122 83 71 73 91 67 51 59 59 56 75 48 38 38 28 45 41 41 74 75 52 61 58
21 13 37 18 23 18 14 15 14 13 12 14 10 19 86 64 91 72 83 89 55 63 48 43 58 53 33 44 86 71 97 75 124 106 119 110 105 103 74 80 92 78 73 96 91 95 86 95 96 55 54 57 62 50 53 74 82 88 81 66 64 73 73 59 83 71 56 63 38 38 40 31 45 36 41 73 69 73 92 65
29 16 26 16 24 29 17 14 12 9 15 17 8 19 52 49 58 42 58 41 72 51 76 74 72 83 71 67 43 40 31 33 30 26 40 19 30 17 15 25 25 17 28 20 26 21 28 28 22 66 58 72 61 76 63 32 47 39 33 34 32 25 27 31 29 30 64 70 86 81 90 27 32 38 35 21 28 38 34 32
70 66 75 76 59 66 57 50 48 35 41 53 49 51 24 31 24 27 16 34 44 55 52 44 41 38 41 45 35 31 18 31 33 26 28 18 18 16 25 30 20 31 22 25 28 24 25 28 23 116 132 130 109 116 107 88 84 102 91 100 77 63 72 74 74 65 68 74 45 39 43 45 33 39 37 20 23 30 30 24
63 77 80 70 63 61 100 100 92 75 98 85 82 88 58 47 58 49 57 60 44 45 29 49 45 52 50 36 92 94 108 129 64 68 63 65 65 63 61 64 66 64 64 58 77 55 81 75 66 30 15 25 24 13 21 38 35 45 36 25 25 26 33 34 30 33 65 52 102 102 91 30 24 36 32 84 79 88 72 65
24 19 14 29 25 20 19 13 19 14 17 13 13 11 70 65 60 63 54 51 32 35 41 29 54 50 42 53 33 36 43 30 75 56 55 70 48 15 20 19 29 22 19 23 27 20 26 24 23 19 27 29 30 26 23 48 63 36 27 35 44 43 26 31 33 34 69 71 42 43 29 34 36 26 31 28 24 28 28 18
45 52 52 44 54 72 52 44 54 47 56 42 45 57 55 62 75 48 64 57 15 12 17 16 15 12 16 15 73 78 72 85 72 83 90 87 89 66 79 72 68 68 53 76 65 69 77 71 65 24 25 20 20 29 23 50 56 45 25 41 27 31 37 40 41 35 74 75 126 115 95 110 112 101 121 78 62 82 58 77
121 117 129 97 115 124 115 104 119 126 125 126 103 115 97 98 91 68 78 100 110 114 122 124 110 104 117 116 115 110 128 98 69 86 92 94 87 77 65 60 58 62 64 51 53 60 68 60 51 90 119 82 90 80 78 46 55 55 39 29 37 29 25 35 24 26 52 73 46 41 32 38 36 22 39 20 36 19 24 27
58 51 66 52 65 63 49 44 37 48 48 57 51 42 53 55 47 63 67 72 71 69 74 59 80 101 83 76 34 34 46 31 32 28 31 31 31 23 19 22 28 24 6 22 18 18 23 12 23 75 87 96 89 92 93 52 54 51 66 52 58 63 69 57 81 70 57 63 37 33 48 35 25 30 26 19 21 30 21 26
88 123 102 93 108 104 101 66 76 73 70 77 83 70 80 105 98 99 117 110 76 103 110 87 105 75 97 88 125 134 138 138 121 134 143 138 114 99 104 89 92 110 101 108 106 124 115 119 105 17 21 20 15 19 18 47 34 35 67 71 74 72 67 60 70 56 44 69 53 54 44 105 101 84 100 70 58 69 58 70
22 26 20 25 25 22 15 24 17 19 19 11 12 17 23 19 28 21 24 23 15 14 13 15 13 17 17 14 40 27 45 41 33 33 26 25 29 40 41 51 38 46 40 71 39 47 43 46 66 98 85 118 91 115 100 90 75 103 65 75 69 85 76 66 66 88 64 68 30 41 39 36 40 30 39 67 62 64 58 86
18 9 17 21 26 22 16 13 19 20 16 29 21 19 49 67 66 50 50 55 37 46 55 53 52 41 43 48 29 26 34 26 17 30 33 18 24 22 19 23 21 23 23 23 19 24 24 21 17 17 29 19 26 19 25 42 42 46 75 60 80 77 74 73 51 59 55 69 43 32 39 78 94 94 100 87 83 77 92 67
82 91 80 102 94 87 95 106 105 112 92 118 128 112 56 43 59 61 57 46 28 33 42 35 37 42 41 49 46 31 36 37 26 19 18 37 25 21 23 17 24 17 26 26 32 22 12 20 21 56 35 55 61 47 51 73 99 91 76 81 88 83 92 83 81 74 75 82 39 53 63 123 124 108 120 26 23 27 30 27
53 28 47 29 63 97 114 52 70 91 94 72 109 95 90 97 69 71 105 95 94 98 107 80 70 114 105 33 104 70 163 141 98 75 51 82 107 62 78 124 62 44 52 48 72 116 66 57 66 49 44 43 46 41 57 71 58 60 46 67 91 37 66 64 96 36 83 73 51 45 63 110 115 118 80 58 40 90 47 54
140 279 436 561 695 840 960 1067 1187 1320 1446 1573 1702 1824 1941 2052 2153 2263 2381 2499 2618 2733 2866 2991 3102 3226 3344 3462 3651 3849 4035 4233 4364 4528 4703 4863 5010 5148 5264 5389 5500 5637 5754 5863 5975 6100 6216 6336 6445 6562 6695 6826 6936 7053 7161 7281 7387 7510 7623 7724 7844 7936 8056 8180 8298 8432 8519 8605 8732 8854 8961 9085 9214 9343 9471 9563 9656 9749 9847 9944
44 46 11 23 16 21 36 30 33 23 61 20 22 33 11 20 24 14 20 8 38 27 18 25 21 22 20 22 31 32 17 53 21 14 22 12 37 28 23 1
